 1000.25  0.039964398835590276  7.134262201039032 
 998.003  0.03996821535323192  7.114878597575543 
 995.766  0.03997242148637049  7.095442043627689 
 993.539  0.039976952345465486  7.0759521024890235 
 991.321  0.0399817423750554  7.0564083314192745 
 989.114  0.03998693849829167  7.036810282738228 
 986.917  0.03999247557830382  7.017157501303707 
 984.729  0.039998287801416815  6.997449525579091 
 982.551  0.03999708497474492  6.981933812834843 
 980.382  0.0399931826184116  6.968012590018473 
 978.223  0.039989466236443096  6.954056309623174 
 976.074  0.039985896604671126  6.940071964463141 
 973.934  0.03998243387714961  6.926066603420642 
 971.803  0.03997916308817956  6.912025631714717 
 969.682  0.039976002606779186  6.897963328460396 
 967.57  0.039973038188891356  6.883865036720437 
 965.467  0.03997011481182562  6.869745090618579 
 963.373  0.039967464378218166  6.855588771083694 
 961.289  0.03996493139345419  6.841410468298279 
 959.213  0.03996260310037829  6.8271953985254115 
 957.146  0.03996039600388835  6.812958009062494 
 955.088  0.039958398113154624  6.798683451491161 
 953.039  0.03995652529087188  6.78438623044954 
 950.999  0.03995486632836517  6.770051431957022 
 948.967  0.039953380204537245  6.755686217742042 
 946.944  0.03995202520157223  6.741297810089516 
 944.93  0.03995089131496285  6.7268711949699815 
 942.924  0.039949818267835585  6.712421022848584 
 940.927  0.03994904569079859  6.697932212724432 
 938.938  0.03994841278600726  6.6834194747662 
 936.958  0.039948011214375974  6.668867658276027 
 934.986  0.03994775381136504  6.654291534268285 
 933.022  0.03994773309777512  6.639675882253565 
 931.066  0.03994786120423716  6.625035534366196 
 929.119  0.03994823153029475  6.6103551993219245 
 927.18  0.0399487554894677  6.5956497711040685 
 925.249  0.03994952737953043  6.580903886605384 
 923.325  0.03995050421376689  6.566124887845717 
 921.41  0.03995156590231831  6.5513201820410245 
 919.503  0.039952960590466206  6.5364742972844265 
 917.604  0.0399545216976895  6.52160228500666 
 915.712  0.039956345856991544  6.506688597864065 
 913.828  0.03995834187097672  6.491748352261128 
 911.952  0.03996060734448407  6.476765925223741 
 910.084  0.039963050303976094  6.461756498459965 
 908.223  0.03996576934883187  6.446704372213732 
 906.37  0.039968671715368415  6.431624794304989 
 904.525  0.03997185702101821  6.4165019870139295 
 902.687  0.03997523169760824  6.401351265096244 
 900.856  0.03997881811370268  6.386156771165092 
 899.033  0.0399826782774538  6.370933888729519 
 897.217  0.039986835810701275  6.355666679982372 
 895.409  0.039991245230065114  6.340362710420836 
 893.607  0.03999586014258019  6.325029618019867 
 891.813  0.03999937389917523  6.310023767777133 
 890.027  0.03999548626378304  6.297023077528101 
 888.247  0.0399917826356195  6.284003448652648 
 886.474  0.03998815626187552  6.270956789250045 
 884.709  0.039984768450836455  6.25788293128819 
 882.95  0.03998151288286668  6.24477369656999 
 881.199  0.039978369057293864  6.231644908849708 
 879.454  0.03997547053650394  6.2184884046080375 
 877.717  0.03997265883170089  6.205304006529742 
 875.986  0.03997006847525513  6.192083462484491 
 874.262  0.03996767857787222  6.178842724599074 
 872.545  0.039965381630822625  6.165573552535799 
 870.834  0.039963313454800586  6.152267636117783 
 869.13  0.03996145246726433  6.138941025753814 
 867.433  0.039959690884893345  6.125585423197983 
 865.743  0.039958112376702666  6.112200638947049 
 864.059  0.03995685507417802  6.098778283416067 
 862.381  0.03995565049606605  6.085334539202144 
 860.71  0.03995463644240038  6.0718610304397815 
 859.046  0.03995389800593989  6.058357559105097 
 857.388  0.039953327594763534  6.044815652142413 
 855.736  0.039952984011905855  6.031251631372335 
 854.091  0.039952758772270384  6.0176570376628735 
 852.452  0.03995279274488389  6.004023336534271 
 850.819  0.039953061611413695  5.990366954296884 
 849.193  0.0399534566371996  5.9766793689052164 
 847.572  0.039954063984049326  5.962960366062217 
 845.958  0.03995502707315209  5.949201324899705 
 844.35  0.03995606838642865  5.9354188131420775 
 842.749  0.03995733099355636  5.921604224219998 
 841.153  0.039958902620008244  5.907757333701055 
 839.563  0.03996067486822072  5.89386942980042 
 837.979  0.03996262062146871  5.879957228674962 
 836.402  0.03996488561741207  5.866012034771359 
 834.83  0.03996736126461042  5.852025067441736 
 833.264  0.03997010519945006  5.838013155972643 
 831.704  0.039973007855256884  5.823967534366671 
 830.149  0.039976158171902344  5.809887958749479 
 828.601  0.03997970548884314  5.795765555718328 
 827.058  0.03998336240157835  5.781617305673987 
 825.521  0.03998727787809412  5.767434350072144 
 823.99  0.039991542589178884  5.7532164328728905 
 822.464  0.03999604749553525  5.738954581090119 
 820.944  0.039967438818206136  5.725373122877293 
 819.43  0.0397673658142112  5.715389876761147 
 817.921  0.03956680139511449  5.705389165672456 
 816.418  0.03936571465340471  5.695362118381076 
 814.92  0.03916397983120447  5.685326183898002 
 813.428  0.03896156524881857  5.675272504784826 
 811.941  0.0387586425392791  5.665200987817775 
 810.46  0.0385551193056018  5.655111537116193 
 808.984  0.0383509910411204  5.6450040565542405 
 807.514  0.038146224524758514  5.6348695756375315 
 806.048  0.03794087220217844  5.624725727516272 
 804.588  0.037734901010960636  5.614563555856707 
 803.134  0.03752821701965724  5.604382960422376 
 801.684  0.03732099371450672  5.594183841863963 
 800.24  0.03711313721438448  5.583966098120036 
 798.801  0.03690470202502964  5.57372065653021 
 797.367  0.036695474426018254  5.563465337165619 
 795.939  0.036485688492957746  5.553191083103912 
 794.515  0.0362752494583753  5.54289778849685 
 793.096  0.036064061826974414  5.532585346522497 
 791.683  0.03585230098209435  5.522253651136075 
 790.275  0.03563993012457275  5.51189352261265 
 788.871  0.03542682650522344  5.501522976416279 
 787.473  0.03521295247446095  5.491132847784869 
 786.079  0.034998484519336036  5.480723026564894 
 784.691  0.03478332624851677  5.470293399789897 
 783.307  0.034567472082837225  5.459843854005919 
 781.928  0.03435088245994579  5.44936509908501 
 780.554  0.03413361916859298  5.438875352860879 
 779.185  0.033915642822277915  5.428365340581642 
 777.821  0.033696855274182536  5.417834943781083 
 776.461  0.03347743497621684  5.407284044569194 
 775.107  0.03325728381171825  5.396712522168151 
 773.756  0.033036452629960474  5.386110972418074 
 772.411  0.03281472822170092  5.375497819401312 
 771.07  0.032592347273453164  5.364863675910208 
 769.734  0.0323692106326138  5.354208416357825 
 768.403  0.03214531189277725  5.343531914480972 
 767.076  0.031920550809044844  5.332834042192196 
 765.754  0.03169516407674482  5.322105277371526 
 764.436  0.031468939399096105  5.311364259222569 
 763.123  0.031241831821940423  5.300601480214825 
 761.814  0.031014022967701324  5.289816808701473 
 760.51  0.030785411774807203  5.279010110009087 
 759.21  0.030555991223979086  5.2681812486473625 
 757.915  0.030325713957544156  5.257320576960001 
 756.624  0.0300946528668958  5.246446958478774 
 755.337  0.03012593690406308  5.236650415301211 
 754.055  0.030339437920463615  5.2276017906391195 
 752.777  0.030553827206123197  5.218527908937245 
 751.504  0.030768999924542566  5.209447833634228 
 750.234  0.030985075710794063  5.20034230362933 
 748.97  0.031201851208246756  5.191230447159789 
 747.709  0.03141958256587496  5.182102583910185 
 746.452  0.03163823984290309  5.172948963426989 
 745.2  0.03185771260810591  5.163788813831625 
 743.952  0.032078126984370486  5.154602701104211 
 742.708  0.03229937022897684  5.145409920435609 
 741.469  0.032521571153293204  5.136190967301574 
 740.233  0.03274461465964827  5.126965204659498 
 739.002  0.03296863230327376  5.1177130566998335 
 737.774  0.03319350658702258  5.108453954855572 
 736.551  0.033419371866908805  5.0991682512362715 
 735.332  0.03364610820068463  5.089875446471854 
 734.117  0.03387378719040236  5.080565660776231 
 732.905  0.03410248324171708  5.071228941722436 
 731.698  0.03433207265703022  5.061884895097174 
 730.495  0.03456259809746789  5.052513688570002 
 729.296  0.03479413102931328  5.043135000330061 
 728.1  0.03502671730931399  5.033728923067418 
 726.909  0.03526022806211439  5.024315205446707 
 725.721  0.03549481099479129  5.014873864974827 
 724.538  0.03573033456703447  5.005424722918953 
 723.358  0.03596687758308549  4.995957727631718 
 722.182  0.03620452192543021  4.9864627510298165 
 721.01  0.03644313195819677  4.9769597247583715 
 719.841  0.03668286337638751  4.967428472808188 
 718.677  0.0369235777458618  4.957889001439378 
 717.516  0.037165434080138615  4.948321055619811 
 716.359  0.03740829109105146  4.938744717055373 
 715.206  0.03765231118416041  4.929139650744084 
 714.056  0.03789735016006191  4.919526014683646 
 712.91  0.03814347206282293  4.909883392144971 
 711.768  0.03839073318116828  4.900232019853161 
 710.629  0.03863912053328717  4.890561622312471 
 709.494  0.03888872623222564  4.880861843263745 
 708.363  0.03913939854107848  4.871153035218475 
 707.235  0.039391312348187164  4.861414575562191 
 706.111  0.03964431279304137  4.851666896184942 
 704.99  0.03989857851545435  4.841889289994924 
 703.873  0.04012841067584937  4.833209108795456 
 702.76  0.040342357406312084  4.825238595738153 
 701.65  0.04055712300850407  4.817254911277452 
 700.543  0.04077271387987448  4.809257989981108 
 699.44  0.04098913649047537  4.801247765874017 
 698.341  0.04120639738403694  4.793224172431889 
 697.244  0.04142450317906235  4.785187142574847 
 696.152  0.041643460569942635  4.777136608660908 
 695.063  0.041863276328092114  4.7690725024793785 
 693.977  0.04208395730310467  4.760994755244148 
 692.894  0.042305416794337775  4.752913816627664 
 691.815  0.04252784825647115  4.74480859654816 
 690.739  0.04275116595765626  4.736689525627655 
 689.667  0.04297537707210966  4.728556532710007 
 688.598  0.04320048885833814  4.720409546028565 
 687.532  0.043426508660430796  4.712248493198808 
 686.47  0.04365344390937538  4.704073301210893 
 685.411  0.04388130212439967  4.695883896422071 
 684.355  0.04411009091433831  4.687680204548991 
 683.302  0.04433981797902585  4.679462150659882 
 682.252  0.04457049111071631  4.671229659166615 
 681.206  0.04480211819553023  4.662982653816632 
 680.163  0.04503470721492947  4.65472105768476 
 679.123  0.045268266247220676  4.64644479316488 
 678.087  0.045502697720504116  4.638164561062904 
 677.053  0.04573822047963238  4.629858743505318 
 676.023  0.0459747380740979  4.621538020674609 
 674.996  0.046212258985097746  4.613202312155896 
 673.972  0.046450791798641054  4.604851536809707 
 672.951  0.046690345207238255  4.596485612762818 
 671.933  0.046930928011623796  4.588104457398941 
 670.918  0.04717254912251329  4.579707987349272 
 669.906  0.047415217562395716  4.571296118482863 
 668.897  0.0476589424673617  4.562868765896857 
 667.892  0.04790373308896865  4.554425843906547 
 666.889  0.04814959879614354  4.545967266035275 
 665.889  0.04839654907712444  4.537492945004165 
 664.893  0.04864447497883994  4.529013831392654 
 663.899  0.04889362230337986  4.520507779697094 
 662.908  0.04914388339160648  4.511985718203772 
 661.92  0.04939526822907669  4.5034475563198715 
 660.936  0.04964778693097658  4.49489320259638 
 659.954  0.04990144974431528  4.4863225647167395 
 658.975  0.05012015490599645  4.478806987349176 
 657.999  0.05031698211086014  4.471949440533597 
 657.025  0.05051442088874696  4.465081377390307 
 656.055  0.05071258815294795  4.458202750727828 
 655.088  0.05091160156148303  4.451313513017652 
 654.123  0.05111124206815256  4.444413612510176 
 653.161  0.05131162727174721  4.437503000910904 
 652.202  0.051512875527764554  4.430581629576995 
 651.246  0.051714766917192366  4.42364944555028 
 650.293  0.051917419738680956  4.416706399396763 
 649.342  0.05212095305991398  4.409752441322287 
 648.394  0.05232514608169599  4.402787517120543 
 647.449  0.052530117817439784  4.395811576179979 
 646.507  0.05273598806228127  4.388824567516559 
 645.568  0.0529425351295103  4.381826435634568 
 644.631  0.053149878762776534  4.374817128705209 
 643.697  0.0533581395005219  4.367796594514328 
 642.765  0.053567094761241864  4.360764776233769 
 641.837  0.05377686503489985  4.353721620776067 
 640.91  0.053987456606795735  4.346667073226436 
 639.987  0.054198991032180587  4.3396010796649165 
 639.066  0.054411099612540835  4.332535120199379 
 638.148  0.05462419263998806  4.325446081321737 
 637.233  0.05483824857487454  4.3183454277659115 
 636.32  0.05505304272043884  4.311233099417471 
 635.41  0.055268697373779305  4.30410904008128 
 634.502  0.055485335673306956  4.296973193129645 
 633.597  0.0557027320037695  4.289825496958201 
 632.695  0.05592100946695075  4.282665893961354 
 631.795  0.05614029202086873  4.2754943260853695 
 630.898  0.05636035312490627  4.268310730184058 
 630.003  0.05658131670463122  4.26111504719129 
 629.111  0.05680330755724916  4.253907217576501 
 628.221  0.057026098210048816  4.246687176597431 
 627.334  0.05724981343228741  4.239454863675049 
 626.449  0.05747457888076873  4.232210217748821 
 625.567  0.05770016614412611  4.224953172423697 
 624.687  0.05792670085606577  4.217683665552938 
 623.81  0.058154309554279214  4.210401634490436 
 622.935  0.058382762882376794  4.203107011129003 
 622.063  0.05861218736017828  4.195799731696824 
 621.193  0.05884271042848373  4.188479731903996 
 620.326  0.05907393285714821  4.1811588979065615 
 619.461  0.05930631865832965  4.173813273187099 
 618.598  0.05953982852598449  4.166454726884825 
 617.738  0.0597742311960311  4.15908318727999 
 616.88  0.0599910051197338  4.151722404098723 
 616.025  0.059770916088809654  4.145126362658935 
 615.172  0.05955057131606068  4.1385077347449855 
 614.321  0.059329378100864937  4.131890605413681 
 613.472  0.05910792211311678  4.125250749524994 
 612.626  0.05888561016124014  4.118612328817081 
 611.783  0.05866302825237662  4.111951039456056 
 610.941  0.0584395827122948  4.105291120593957 
 610.102  0.058215859872777116  4.098608188927154 
 609.265  0.0579912655855683  4.091926561765768 
 608.431  0.057766386494002536  4.085221775547636 
 607.599  0.05754080090879148  4.078505969564005 
 606.769  0.05731457699918741  4.071791369991419 
 605.941  0.057087811168589186  4.065053384419941 
 605.116  0.05686027643739821  4.058316534110731 
 604.293  0.05663243739702854  4.051556149551123 
 603.472  0.056403698311602114  4.044796827676667 
 602.653  0.05617464680596468  4.038013817577124 
 601.836  0.05594468671348987  4.03123179784684 
 601.022  0.05571440590521083  4.024425933599148 
 600.21  0.05548320779443656  4.017620985900383 
 599.4  0.05525168048230231  4.010792035022026 
 598.593  0.055019226973153555  4.003963925329089 
 597.787  0.05478643558152848  3.9971116513707408 
 596.984  0.05455288019360533  3.9902476134617784 
 596.182  0.05431863548220106  3.9833843041013064 
 595.383  0.054083788489792395  3.976496580682223 
 594.587  0.05384811774232473  3.969609504697457 
 593.792  0.05361208651406437  3.962697850684606 
 592.999  0.05337509647013842  3.955786761305922 
 592.209  0.053137736532661684  3.9488509238820115 
 591.42  0.05289940801332898  3.941915568269843 
 590.634  0.05266069996426403  3.9349552919087563 
 589.849  0.05242101335741277  3.9279954127571757 
 589.067  0.05218093735438114  3.9210104374029897 
 588.287  0.05194004209356536  3.9140130004859057 
 587.509  0.05169840834877289  3.907015833782325 
 586.733  0.05145611405415114  3.89999329892675 
 585.959  0.051213071665854266  3.8929709450122347 
 585.187  0.050969357330106796  3.885923040332457 
 584.417  0.05072488506803895  3.8788752253669063 
 583.65  0.050479729194475687  3.8718016740349124 
 582.884  0.050233675978618955  3.8647281175009356 
 582.12  0.05001028193974185  3.857706705842176 
 581.358  0.050207588782252316  3.8520670817070837 
 580.598  0.05040558231482756  3.846419207877438 
 579.84  0.05060426731992617  3.840763048128716 
 579.085  0.05080364862817086  3.835098565971145 
 578.331  0.051003600574257305  3.8294257229082715 
 577.579  0.051204388982778855  3.8237444853770106 
 576.829  0.05140588848080379  3.818054814348597 
 576.081  0.051608104098023945  3.8123566722446878 
 575.335  0.0518110409155572  3.8066500212077226 
 574.59  0.05201470406663213  3.800934823098015 
 573.848  0.052219098737283746  3.7952110394908125 
 573.108  0.05242423016706076  3.7894786316733082 
 572.369  0.052630103649744554  3.7837375606416184 
 571.633  0.052836724534079886  3.777987787097715 
 570.898  0.05304409822451781  3.7722292714463226 
 570.165  0.05325223018197103  3.7664619737917646 
 569.435  0.05346112592458168  3.760685853934775 
 568.705  0.053670791028502106  3.7549008713692595 
 567.978  0.05388123112868865  3.74910698527902 
 567.253  0.05409245191970891  3.743304154534425 
 566.53  0.054304459156562554  3.7374923376890403 
 565.808  0.05451725865551607  3.7316714929762123 
 565.088  0.054730722126033894  3.725841576334726 
 564.37  0.054945123637036936  3.7200025492748643 
 563.654  0.05516033523411323  3.7141543670912682 
 562.94  0.05537636298722446  3.7082969867012663 
 562.227  0.055593213031991495  3.702430364684152 
 561.517  0.055810891570618706  3.696554457277467 
 560.808  0.05602940487283433  3.690669220373238 
 560.101  0.056248759276847124  3.684774609514154 
 559.396  0.05646896119031973  3.6788705798896912 
 558.692  0.05669001709135906  3.6729570863321856 
 557.99  0.056911933529524124  3.667034083312844 
 557.29  0.057134717126851434  3.6611015249377017 
 556.592  0.05735837457889869  3.6551593649435223 
 555.895  0.05758291265580689  3.6492075566936344 
 555.201  0.05780833820338128  3.6432460531737125 
 554.508  0.05803465814419168  3.637274806987494 
 553.816  0.05826187947869241  3.6312937703524333 
 553.127  0.05849000928636234  3.625302895095294 
 552.439  0.05871905472686552  3.619302132647676 
 551.753  0.05894888470006553  3.6132914317845137 
 551.068  0.05917978298141378  3.6072707476309187 
 550.385  0.059411618866469396  3.60124002816479 
 549.704  0.05964439984765978  3.5951992231910026 
 549.025  0.05987813350372415  3.5891482820958918 
 548.347  0.059894543234793915  3.583181178270128 
 547.671  0.059674648102898124  3.577298011576084 
 546.997  0.059454189771844974  3.5714051577329373 
 546.324  0.059233304643507956  3.5655025710801262 
 545.653  0.05901170873104702  3.55959019857165 
 544.984  0.058789538124416674  3.5536679937485554 
 544.316  0.05856655631687114  3.5477499970430295 
 543.65  0.05834322464983299  3.5418080032467234 
 542.985  0.05811944779783252  3.535856030752995 
 542.322  0.057894939220079954  3.529894024469757 
 541.661  0.05766983596668491  3.5239219358522154 
 541.001  0.057444133911330575  3.5179397135995414 
 540.343  0.057217971216555925  3.5119473082935255 
 539.687  0.05699105924347322  3.5059446631163036 
 539.032  0.056763304186433806  3.4999460099696056 
 538.379  0.05653516514089093  3.493922756000411 
 537.727  0.05630640598569047  3.487889105369468 
 537.077  0.056077165882336244  3.4818450063914956 
 536.428  0.05584715349965613  3.475790399974373 
 535.781  0.05561650765235051  3.4697252334908946 
 535.136  0.05538522378926635  3.4636494515199123 
 534.492  0.05515344188222093  3.4575630004602167 
 533.85  0.05492086838586736  3.4514658192982672 
 533.209  0.054687412622220974  3.445372362038581 
 532.57  0.05445353058391006  3.4392535799200754 
 531.932  0.054218987002515893  3.4331238979319663 
 531.296  0.0539839228753867  3.426983259942922 
 530.661  0.053748041812653524  3.420831602402944 
 530.028  0.05351148443864779  3.4146688681286252 
 529.396  0.05327424571680104  3.4084949971001417 
 528.766  0.05303632055239767  3.4023099287539544 
 528.137  0.052797622152635386  3.3961283233860544 
 527.51  0.052558309053466486  3.3899207034753127 
 526.885  0.052318293875660095  3.38370170137293 
 526.26  0.05207757128281919  3.377471254271562 
 525.638  0.05183628415451512  3.371229301064368 
 525.016  0.05159413074587986  3.364975773215525 
 524.397  0.0513512535336197  3.358710608438821 
 523.778  0.05110764692401888  3.352433741563599 
 523.161  0.050863078174926114  3.346160045891623 
 522.546  0.05061814563373347  3.3398596073289366 
 521.932  0.050372317124561264  3.333547265351505 
 521.32  0.05012573617011659  3.3272229545713636 
 520.708  0.04999871367594856  3.3214454491033343 
 520.099  0.04999588550454925  3.3162628949718966 
 519.491  0.04999324791152768  3.3110571310137105 
 518.884  0.04999087716095732  3.305843173503444 
 518.278  0.04998862363553762  3.300620981344719 
 517.674  0.04998633677705699  3.2953905131052967 
 517.072  0.04998409005854852  3.290166927263567 
 516.471  0.04998219409544343  3.2849198193755953 
 515.871  0.04998026755021275  3.27966431622878 
 515.273  0.04997861620597369  3.2744003820665952 
 514.676  0.049977089091252015  3.269127973853889 
 514.08  0.04997553426717655  3.263847048197156 
 513.486  0.04997402376724472  3.2585729089666673 
 512.893  0.04997287570186388  3.2532748559422267 
 512.301  0.04997170291813614  3.247968160418531 
 511.711  0.04997081425534107  3.24265278472385 
 511.122  0.049970057353768985  3.237328683750221 
 510.535  0.0499690397338169  3.2320112785898383 
 509.949  0.04996854925936974  3.2266696229882426 
 509.364  0.04996819452228432  3.2213191118645503 
 508.781  0.04996782144648966  3.2159596986249857 
 508.199  0.04996774202439862  3.2105913435445217 
 507.618  0.049967559343430834  3.2052295950503673 
 507.039  0.04996760403585705  3.199843240137411 
 506.461  0.04996794739234917  3.19444780764479 
 505.884  0.04996843490476194  3.1890432490775087 
 505.308  0.04996891102581105  3.183629515516701 
 504.734  0.04996969100350154  3.1782065650330193 
 504.161  0.04997021390463108  3.172790100570423 
 503.59  0.049971291505111926  3.167348596219666 
 503.02  0.0499725207800945  3.161897729660641 
 502.451  0.049973694780884884  3.1564406172412074 
 501.883  0.04997518134559852  3.15097405872383 
 501.317  0.04997682398188868  3.1454980023734427 
 500.751  0.049978465117009443  3.140012395990731 
 500.188  0.04998042450465998  3.1345171945346966 
 499.625  0.04998257041141609  3.129010747400036 
 499.064  0.04998469354138056  3.1234961933046157 
 498.504  0.04998714082074148  3.1179718911894367 
 497.945  0.0499897542271473  3.1124377866115958 
 497.387  0.04999237462468633  3.1068938246294504 
 496.831  0.0499953252852809  3.1013399575909735 
 496.276  0.04999844740674232  3.095776129622923 
 495.722  0.049998656536623234  3.0906730441208863 
 495.17  0.049995953597767644  3.0860297463530952 
 494.618  0.049993329685920705  3.0813810755914437 
 494.068  0.049990838336707  3.0767237581423537 
 493.519  0.0499884542947626  3.072059381841891 
 492.972  0.049986152001396326  3.0673895441224786 
 492.425  0.049983985498160306  3.0627109558047234 
 491.88  0.04998190261217542  3.058026845956185 
 491.336  0.04997995772846075  3.053333914948468 
 490.793  0.04997812525530005  3.048633761704419 
 490.251  0.04997637928755217  3.043927994957616 
 489.711  0.04997477473507952  3.0392132992124496 
 489.172  0.04997325867184142  3.034492927423342 
 488.634  0.04997188636413228  3.029763553386104 
 488.097  0.049970631874482765  3.025026787327665 
 487.561  0.049969468941402945  3.02028424950803 
 487.026  0.04996845337603431  3.015532597458166 
 486.493  0.04996753147496694  3.0107751085396104 
 485.961  0.049966759419492156  3.0060084293040306 
 485.43  0.04996611091665957  3.001234181506024 
 484.9  0.049965559338372385  2.996453997163981 
 484.371  0.049965161431945654  2.9916645061498657 
 483.844  0.04996486269127692  2.986869010770937 
 483.317  0.049964720248360975  2.9820641296373047 
 482.792  0.04996470744470328  2.977251496261281 
 482.268  0.04996479727497247  2.972432754658502 
 481.745  0.04996504745962964  2.9676045063262126 
 481.223  0.04996540266337765  2.9627700790752076 
 480.702  0.04996592100676457  2.9579260628457322 
 480.183  0.04996657545534661  2.9530741031445067 
 479.664  0.049967338615550735  2.948215856230395 
 479.147  0.04996826922020266  2.9433478944781335 
 478.63  0.04996931107706188  2.9384735717800012 
 478.115  0.04997052333539732  2.933589448645194 
 477.601  0.04997184945214746  2.9286988895647275 
 477.088  0.049973348999849794  2.9237984430549004 
 476.576  0.04997499439959671  2.9188897718251097 
 476.066  0.04997675769505396  2.9139745497017833 
 475.556  0.04997869910688863  2.9090493069668684 
 475.047  0.04998076119401807  2.9041174350376284 
 474.54  0.049983004618197865  2.8991754518743194 
 474.034  0.049985401398173694  2.8942250327769847 
 473.528  0.04998809616379263  2.889267867429062 
 473.024  0.049990804545413936  2.8843004490758406 
 472.521  0.04999364087900311  2.8793261996738644 
 472.019  0.049996666962309394  2.8743416057781546 
 471.518  0.04999985440004225  2.869348355539987 
 471.018  0.04979633222713178  2.8645784462470694 
 470.519  0.049576934516096224  2.8598178040630513 
 470.021  0.04935694225577125  2.855049230354678 
 469.524  0.04913635131066616  2.8502726853794402 
 469.029  0.048914981836029756  2.845488126042352 
 468.534  0.04869318064000902  2.8406955179745754 
 468.04  0.0484707680822959  2.835894817400407 
 467.548  0.048247739845933724  2.831085983222735 
 467.056  0.048023914706331765  2.826268970990504 
 466.565  0.04779964167028294  2.8214437449192227 
 466.076  0.04757473971830773  2.8166102598441385 
 465.587  0.04734920434121192  2.8117684732480632 
 465.1  0.047122852898864406  2.8069183392584347 
 464.614  0.046896036634793095  2.802059820605558 
 464.128  0.0466685731144524  2.7971928706681166 
 463.644  0.04644027861161231  2.792317442462 
 463.16  0.04621150607287027  2.7874334975553268 
 462.678  0.04598207197779441  2.7825409881874825 
 462.197  0.045751971452382974  2.777639869186029 
 461.716  0.04552101928825547  2.772730092020686 
 461.237  0.04528957073750887  2.767811616641853 
 460.758  0.04505744079763056  2.7628843937036582 
 460.281  0.04482465382615973  2.7579465639476477 
 459.804  0.04459096412819928  2.753001698888303 
 459.329  0.04435675880711177  2.748047947553294 
 458.855  0.04412185133726365  2.74308525893116 
 458.381  0.043886053817374655  2.7381135815958513 
 457.909  0.04364972563240637  2.7331328724648176 
 457.437  0.043412679086386664  2.7281430792217365 
 456.966  0.04317490864827785  2.7231441520302937 
 456.497  0.04293622481790271  2.718136037692303 
 456.028  0.04269698939927021  2.7131186912672582 
 455.561  0.04245701309673632  2.708092058620071 
 455.094  0.04221629011119424  2.7030560880512176 
 454.628  0.04197462929695499  2.6980107244977023 
 454.163  0.0417323949200245  2.6929559210625342 
 453.699  0.04148939603808638  2.68789162169601 
 453.237  0.041245626566403425  2.6828177727365037 
 452.775  0.041000893664670066  2.6777343171571935 
 452.314  0.04075556410471198  2.672641205999319 
 451.853  0.04050944524799929  2.667538381196098 
 451.394  0.04026234294942642  2.66242578417874 
 450.936  0.040014625889454015  2.657303364368674 
 450.479  0.039997899780935826  2.653201807625437 
 450.022  0.03999569404231  2.6491601792911514 
 449.567  0.0399936034887027  2.6451104869778144 
 449.113  0.03999157187119522  2.641056479104665 
 448.659  0.039989628500702104  2.636996240116323 
 448.206  0.03998780304424201  2.6329278426102576 
 447.754  0.03998603876186413  2.6288550517850666 
 447.304  0.03998436525266688  2.6247759427167607 
 446.854  0.03998281247953448  2.620688578464403 
 446.405  0.0399813232018714  2.6165967412279967 
 445.956  0.03997995659553254  2.6124965831421445 
 445.509  0.03997865508064375  2.608391897867737 
 445.063  0.039977448751664195  2.60428074454516 
 444.617  0.03997636808020488  2.600161170005599 
 444.173  0.03997535496911267  2.596036985292179 
 443.729  0.039974439819464885  2.591906239785475 
 443.286  0.03997365341786583  2.5877669703757276 
 442.844  0.039972937139519285  2.583623005723467 
 442.403  0.039972351730084024  2.5794704473792356 
 441.963  0.0399718382070534  2.575313135882635 
 441.524  0.039971427499084944  2.571149104003172 
 441.086  0.039971345669428816  2.5669763747402556 
 440.648  0.03997114403831687  2.562798800599792 
 440.211  0.03997104828005699  2.558614407193981 
 439.776  0.03997109005964035  2.5544212041166108 
 439.341  0.03997120929190101  2.550223068198595 
 438.907  0.039971468391682065  2.5460160483165435 
 438.473  0.03997180689620182  2.5418040336238645 
 438.041  0.039972256624263534  2.537585029373328 
 437.609  0.039972849819913725  2.533357027487978 
 437.179  0.03997352544418954  2.5291239358197606 
 436.749  0.03997431566517911  2.524883748989822 
 436.32  0.03997525308624556  2.5206344480823293 
 435.892  0.03997627608014249  2.5163799599125003 
 435.465  0.03997744883937682  2.5121162784424818 
 435.038  0.03997870933756279  2.507847343280746 
 434.612  0.0399800903451205  2.5035711309295774 
 434.188  0.03998162508526875  2.499285603996562 
 433.764  0.03998325092234782  2.494994721508308 
 433.341  0.03998500100084645  2.4906964488482006 
 432.918  0.03998690892907635  2.486388737282588 
 432.497  0.03998891144899584  2.482075565537616 
 432.076  0.039991074650574054  2.477752870253954 
 431.656  0.039993334853317776  2.4734246434514007 
 431.237  0.03999572584757814  2.469088831550229 
 430.819  0.03999828190681498  2.464743366469519 
 430.402  0.04007836786994142  2.460454485571948 
 429.985  0.040291506678762544  2.4562620799724213 
 429.569  0.040505288327245106  2.4520625355774417 
 429.154  0.040720093039602744  2.447857864741569 
 428.74  0.0409355873095012  2.443643943439464 
 428.327  0.04115191373982714  2.4394248256514177 
 427.914  0.04136935349707347  2.4351963829245404 
 427.502  0.04158746930145033  2.4309606162179795 
 427.091  0.041806643795379836  2.426719554350159 
 426.681  0.04202654336848713  2.422469035993547 
 426.271  0.04224734587919738  2.4182110822328635 
 425.863  0.04246922946749771  2.4139477284008373 
 425.455  0.04269186050109007  2.4096747902887317 
 425.048  0.04291562505547247  2.4053943025778333 
 424.642  0.04314007827874406  2.401108299588733 
 424.236  0.04336550994931398  2.3968125849663684 
 423.831  0.04359209987920438  2.392509199809246 
 423.427  0.04381940027833855  2.3882001883930823 
 423.024  0.04404791398975497  2.3838813348669117 
 422.622  0.04427719225591779  2.379554678874614 
 422.22  0.044507623740961046  2.375222290349067 
 421.819  0.04473887495128107  2.3708799140681727 
 421.419  0.04497112543307147  2.36652961150346 
 421.019  0.04520455497452702  2.3621734592934627 
 420.621  0.045438830203142946  2.357807177716242 
 420.223  0.04567434347152113  2.353432842817393 
 419.826  0.045910637860381895  2.3490525295677718 
 419.429  0.046148017286483746  2.344661945675639 
 419.034  0.0463866210218554  2.3402653094488723 
 418.639  0.04662611598905997  2.3358582993606922 
 418.245  0.04686689726476746  2.3314430093955174 
 417.851  0.04710850264432598  2.3270215321353156 
 417.458  0.047351242405764896  2.322589533291961 
 417.067  0.047595298920532304  2.3181491135126175 
 416.675  0.047840206735841447  2.313702376145326 
 416.285  0.04808649651907474  2.3092449655996825 
 415.895  0.0483337018281615  2.3047789800179133 
 415.506  0.04858200318415821  2.300306547187436 
 415.118  0.048831720165533575  2.2958232808503194 
 414.73  0.049082383020331535  2.2913312899541514 
 414.343  0.049334391225886697  2.286832718446548 
 413.957  0.04958741295585647  2.2823231391552894 
 413.572  0.049841850116501225  2.277804690930071 
 413.187  0.049998272665332945  2.273268533910923 
 412.803  0.0499936849289884  2.2687065408582 
 412.42  0.04998928156020267  2.264135359970977 
 412.037  0.04998506485666297  2.2595549355368028 
 411.656  0.04998103715139647  2.254965211278154 
 411.275  0.04997720081344663  2.250366130344382 
 410.894  0.04997378078038593  2.2457576402553965 
 410.514  0.04997033488983735  2.2411396731058515 
 410.135  0.049967087699673125  2.236512175207903 
 409.757  0.04996404173011356  2.2318750873348643 
 409.379  0.04996119954102047  2.2272283496443683 
 409.003  0.04995851319115641  2.2225741501781826 
 408.626  0.04995608619473056  2.21790793554374 
 408.251  0.04995409670101166  2.213231892906212 
 407.876  0.0499520963170798  2.2085459496977804 
 407.502  0.049950313136392865  2.2038500479348464 
 407.128  0.04994874997364016  2.199144123886365 
 406.755  0.049947409688994915  2.1944281131389656 
 406.383  0.04994629518903134  2.1897019505866795 
 406.012  0.04994540942766385  2.1849655704204807 
 405.641  0.04994498462159024  2.180218911368501 
 405.271  0.049944565894045494  2.1754618957045295 
 404.902  0.049944385063917886  2.1706944606736833 
 404.533  0.04994444528438261  2.165916537545887 
 404.165  0.049944749761011  2.1611280568325166 
 403.798  0.049945301752858245  2.156328948274633 
 403.431  0.049946104573578565  2.1515191408309793 
 403.065  0.04994716159256838  2.14669856266574 
 402.699  0.04994870955043879  2.141867146576966 
 402.335  0.049950285831104786  2.137024808245007 
 401.971  0.049952126768155365  2.1321714787907333 
 401.607  0.04995423596602212  2.127307083072622 
 401.244  0.04995661709104817  2.122431545089542 
 400.882  0.04995927387281892  2.1175447879669274 
 400.521  0.04996221010552744  2.1126467339426696 
 400.16  0.04996566673735336  2.1077373099730687 
 399.8  0.049969174074164284  2.102816425263426 
 399.44  0.04997297265023605  2.09788400489529 
 399.082  0.04997706653262301  2.0929399674092917 
 398.723  0.04998145986037305  2.0879842303834035 
 398.366  0.049986156846124556  2.0830167104169486 
 398.009  0.04999116177774633  2.078037323114262 
 397.653  0.04999672007079756  2.073045988881539 
 397.297  0.049997902077666405  2.0683567850378637 
 396.942  0.049992826600584545  2.0641461388941234 
 396.588  0.049987939123796524  2.059926890464282 
 396.234  0.049982998947478256  2.0556989809268726 
 395.881  0.049978494155268956  2.0514623686234237 
 395.528  0.049974244204859845  2.047214552772583 
 395.176  0.04996988807146889  2.042960349520733 
 394.825  0.049965976316237365  2.038697279830734 
 394.475  0.04996226742647094  2.034425282030872 
 394.125  0.04995851788046004  2.030144293765547 
 393.775  0.049955222094254695  2.025854270231323 
 393.426  0.049952137147899235  2.0215551479011507 
 393.078  0.0499490180757482  2.0172468625348587 
 392.731  0.04994642415363382  2.01292688523099 
 392.384  0.049943988103887636  2.0086001100138677 
 392.038  0.04994152482974239  2.004263993565299 
 391.692  0.04993953534477786  1.9999184876365468 
 391.347  0.049937773849209076  1.995563524736062 
 391.002  0.04993599242093064  1.991199036595554 
 390.659  0.04993469547758624  1.9868249731197862 
 390.315  0.049933635746359305  1.9824412646983642 
 389.973  0.04993256379207941  1.978047840909529 
 389.631  0.04993205156262981  1.9736421179568633 
 389.289  0.04993172247196973  1.969229081876717 
 388.948  0.0499313893159798  1.9648061338562193 
 388.608  0.04993156354601794  1.9603732198329353 
 388.268  0.04993199487467726  1.9559302656567705 
 387.929  0.04993243076845401  1.9514771962906576 
 387.591  0.04993338631361799  1.9470139555403152 
 387.253  0.04993460968082398  1.9425404668227575 
 386.916  0.04993591318050756  1.9380540744326953 
 386.579  0.0499376830690055  1.9335598703402748 
 386.243  0.049939732073078724  1.9290552031602235 
 385.907  0.04994180446250904  1.924539992786061 
 385.572  0.04994442284712489  1.9200141784303397 
 385.238  0.04994733224236243  1.9154776782823988 
 384.904  0.04995027528204747  1.9109304095127986 
 384.571  0.04995377847101051  1.9063723088587734 
 384.238  0.04995765422587838  1.9018006644272034 
 383.906  0.04996150582828568  1.897220638740953 
 383.575  0.0499659324522773  1.8926295449468775 
 383.244  0.04997067586166983  1.8880272954716708 
 382.913  0.04997547534110754  1.8834138016207618 
 382.584  0.049980865472816494  1.8787889947818546 
 382.255  0.04998658635832969  1.8741527842776742 
 381.926  0.04999237556889642  1.8695050782533387 
 381.598  0.04999884371126929  1.8648431259418214 
 381.27  0.05033363371468086  1.860267043916793 
 380.943  0.05074336756768237  1.855700646481568 
 380.617  0.05115515999728747  1.8511231321536523 
 380.291  0.05156930656790153  1.8465344278891456 
 379.966  0.05198583471534742  1.8419344524198062 
 379.641  0.05240504425259628  1.8373231312600178 
 379.317  0.05282642040578867  1.8327003657698355 
 378.993  0.05325026326926861  1.8280660793686443 
 378.67  0.053676876166955934  1.8234201948632254 
 378.348  0.054105741707376205  1.8187626099317376 
 378.026  0.054537163545958896  1.814093245179982 
 377.704  0.054971172585646474  1.8094120121783874 
 377.383  0.055408077060635004  1.8047188299021977 
 377.063  0.05584735610439135  1.8000135908330943 
 376.743  0.056289318357284464  1.7952962115932647 
 376.424  0.05673399696027955  1.7905665992671396 
 376.105  0.05718170534228377  1.7858246687247468 
 375.787  0.057631919190680975  1.7810703068968392 
 375.47  0.0580849524253351  1.776303426134807 
 375.152  0.058540840639398635  1.771523928718652 
 374.836  0.058999902768618516  1.7667317251146837 
 374.52  0.05946161109823665  1.7619266963169602 
 374.204  0.05992628515136001  1.757108750092618 
 373.889  0.06039424821739644  1.7522777933928584 
 373.575  0.060864970069383  1.747433702485318 
 373.261  0.06133877466505896  1.742576381475834 
 372.948  0.06181570248324796  1.7377057233816944 
 372.635  0.06229608294422987  1.7328216301599522 
 372.323  0.06277938254037801  1.7279239713807293 
 372.011  0.06326593148143549  1.7230126459449489 
 371.7  0.06375577343065514  1.7180875410309397 
 371.389  0.06424924434785703  1.7131485532198516 
 371.079  0.06474580754563523  1.7081955448937154 
 370.769  0.06524579991160266  1.7032284093468217 
 370.46  0.06574926862440945  1.6982470274741082 
 370.151  0.06625655663659832  1.69325129006221 
 369.843  0.06676712421010292  1.6882410517681672 
 369.535  0.06728131538351784  1.6832161998387898 
 369.228  0.06779918122479578  1.6781766083981604 
 368.921  0.0683210721832847  1.6731221619786982 
 368.615  0.06884644563286965  1.6680527069239388 
 368.31  0.06937565329036868  1.662968123948702 
 368.004  0.0699090515933777  1.657868292565693 
 367.7  0.070446468069621  1.6530495167609118 
 367.396  0.07098803897383117  1.6482776773582024 
 367.092  0.07153321075312943  1.6434953605777691 
 366.789  0.0720819925578594  1.6386963762854643 
 366.486  0.07263491430981997  1.633883665007027 
 366.184  0.07319172553447117  1.6290570980437467 
 365.883  0.07375217326406044  1.624216544387223 
 365.582  0.0743169263324098  1.619361913081661 
 365.281  0.07488573487351101  1.6144930700648874 
 364.981  0.07545865647337265  1.6096098933706784 
 364.681  0.07603543900796743  1.604712244604974 
 364.382  0.07661676327219323  1.599800027632925 
 364.083  0.07720238051579932  1.594873100769245 
 363.785  0.0777918859838619  1.589934456990264 
 363.488  0.0783862748114928  1.5849777310987125 
 363.19  0.07898514794218797  1.5800059030255074 
 362.894  0.0795882552201918  1.5750188222268946 
 362.597  0.08019629685595381  1.5700163840003099 
 362.302  0.08080902654181871  1.564998434111241 
 362.007  0.08142619547915671  1.5599648154077739 
 361.712  0.08204851433184461  1.5549154185048337 
 361.417  0.08267573842154612  1.5498500823381427 
 361.124  0.08330794333076066  1.5447686601630686 
 360.83  0.08394488252688677  1.5396709854064448 
 360.537  0.08458710242439374  1.53456019037917 
 360.245  0.08523471655844025  1.5294296181605735 
 359.953  0.08588730395546867  1.5242823324373798 
 359.662  0.0865456019056552  1.5191182117298219 
 359.371  0.08720937083181342  1.51393707741137 
 359.08  0.08787836875973845  1.508738747330323 
 358.79  0.08855334547746277  1.5035230942673448 
 358.501  0.08923406425373538  1.4982899312960893 
 358.212  0.08992028601237935  1.4930390677529333 
 357.923  0.09061277377900938  1.487770370309856 
 357.635  0.09131129413697694  1.4824836432274624 
 357.347  0.09201573853480549  1.4771820795481192 
 357.06  0.09272628944774455  1.4718587448375429 
 356.773  0.0934435218719877  1.4665168569709113 
 356.487  0.09416720764332902  1.4611562075956634 
 356.201  0.09489711643416325  1.4557765840634747 
 355.916  0.09563404544812774  1.4503778372026976 
 355.631  0.09637777117656104  1.444959748497155 
 355.346  0.09712806805727534  1.4395220948650074 
 355.062  0.09788574956387325  1.4340647195882343 
 354.779  0.09865059754655921  1.4285873933352111 
 354.495  0.09942274157739561  1.4230899063456128 
 354.213  0.10018275016302719  1.4174895355628654 
 353.931  0.10089469813723938  1.4116301711539763 
 353.649  0.10161489002446311  1.4057437838648563 
 353.367  0.10234226454577053  1.3998371116356205 
 353.087  0.10307820337008909  1.393902835928676 
 352.806  0.10382163229838809  1.3879477408508945 
 352.526  0.10457396427513485  1.381964440209739 
 352.247  0.10533411199736395  1.3759597650913609 
 351.968  0.10610352123912292  1.3699262597743505 
 351.689  0.10688109142200158  1.3638708031567939 
 351.411  0.10766830281694555  1.3577858680334987 
 351.133  0.10846404141385682  1.3516783819680727 
 350.856  0.10926982377183314  1.3455407442315255 
 350.579  0.11008452231153829  1.3393799319284128 
 350.302  0.11090969180728169  1.3331882686765535 
 350.026  0.11174419099561592  1.3269727820197612 
 349.751  0.11258961494216517  1.320725717699487 
 349.476  0.11344480861180839  1.3144541546212138 
 349.201  0.11431140960142093  1.3081502583285545 
 348.927  0.11518824904934213  1.3018211600366054 
 348.653  0.11607700950401816  1.2954589426668048 
 348.379  0.1169765082613415  1.2890707907190417 
 348.106  0.1178884754405826  1.2826487019607922 
 347.834  0.11881171452551907  1.2761999151811967 
 347.561  0.11974800604526149  1.2697163403500074 
 347.29  0.1206961397565095  1.2632052715818292 
 347.018  0.12165794968041696  1.2566585282885891 
 346.748  0.12263221199619453  1.2500834609813378 
 346.477  0.12362081756881924  1.2434717956336538 
 346.207  0.1246225292256096  1.236830940262487 
 345.938  0.12563929832650095  1.2301525243984892 
 345.668  0.12666987466185575  1.2234440147169998 
 345.4  0.12771627407071748  1.2166969411741393 
 345.131  0.12877723372628685  1.2099188303048245 
 344.863  0.1298548383019856  1.203101109229991 
 344.596  0.13094781289657526  1.196251365601058 
 344.329  0.13205790051323274  1.1893608742042774 
 344.062  0.13318506068564714  1.1824374234562434 
 343.796  0.13432986482783732  1.1754720381977042 
 343.53  0.13549269102555714  1.1684726224098478 
 343.264  0.13667417672576546  1.1614300799375163 
 342.999  0.13787470937489021  1.1543523879150641 
 342.735  0.13909499821177507  1.147230324968589 
 342.47  0.14010504833260048  1.1402979542945257 
 342.207  0.14050165873147924  1.1339403494480198 
 341.943  0.14090750283246814  1.1275481915884935 
 341.68  0.14132141373790358  1.1211252124454607 
 341.418  0.14174563353169492  1.114662202025933 
 341.155  0.14217901450282752  1.1081628364843297 
 340.894  0.1426217073533409  1.1016310414146753 
 340.632  0.14307560971141836  1.0950573638372987 
 340.371  0.14353957076796434  1.0884455008755614 
 340.111  0.14401436406003815  1.0817948682886314 
 339.85  0.14450017342241725  1.075109436345486 
 339.591  0.144997661838524  1.068379296850439 
 339.331  0.1455075121675325  1.0616084193793796 
 339.072  0.14602854595513348  1.0548006144451048 
 338.814  0.14656290435691688  1.0479459360737722 
 338.555  0.14711084710161515  1.0410483184439399 
 338.298  0.14767120035572637  1.03411159137421 
 338.04  0.14824671250949167  1.0271256436141938 
 337.783  0.14883625076751547  1.0200942258156993 
 337.526  0.14944008228908498  1.013021390788254 
 337.27  0.15006078078799065  1.005895739095609 
 337.014  0.15069672306742402  0.9987244376419653 
 336.759  0.15134933049569332  0.9915042207885424 
 336.504  0.15201970989056451  0.9842342161270413 
 336.249  0.1527075134146611  0.9769132943374703 
 335.995  0.15341441039604778  0.9695406032328748 
 335.741  0.15414010600220573  0.9621149475392071 
 335.487  0.15488584428267219  0.9546353360101207 
 335.234  0.15565292273279185  0.9471007508999559 
 334.981  0.15644114209946922  0.9395098886873869 
 334.729  0.1572518821207745  0.9318616605647675 
 334.477  0.1580864953146882  0.9241554739332993 
 334.225  0.1589450796896174  0.9163888576131526 
 333.974  0.15982962423895536  0.9085612300689292 
 333.723  0.1607401450166007  0.9006710799287151 
 333.472  0.16167831320714227  0.8927171315492421 
 333.222  0.1626458835063905  0.8846980747246908 
 332.972  0.16364304638360283  0.8766122555780896 
 332.723  0.16467225586916173  0.8684583765806159 
 332.474  0.16573384345409622  0.8602346812737015 
 332.225  0.1668298871763886  0.8519396758311509 
 331.977  0.16796257934435038  0.8435718274456581 
 331.729  0.1691325096241462  0.8351292150390631 
 331.482  0.17206445454989042  0.8252140186155051 
 331.234  0.17962077680323896  0.8116098961073596 
 330.988  0.18745683498696336  0.7979116899653305 
 330.741  0.19558797408956918  0.7841254080875469 
 330.495  0.20403135549208828  0.7702615101534925 
 330.249  0.21280280513633928  0.7563293157572928 
 330.004  0.22192023261890023  0.7423433098274859 
 329.759  0.2313998719802505  0.7283171704363947 
 329.515  0.24125948771298666  0.7142703552658004 
 329.27  0.2515152193101253  0.7002220401734156 
 329.026  0.26218134278451033  0.6861968059560529 
 328.783  0.27327343634718376  0.6722204779780204 
 328.54  0.28480145639994425  0.6583235295563492 
 328.297  0.29677618637926007  0.6445379002058895 
 328.054  0.30920192565526666  0.6309000165073108 
 327.812  0.3220800023476495  0.6174459716544127 
 327.571  0.33540795788773453  0.6042164332541944 
 327.329  0.3491753805086346  0.5912515931085089 
 327.088  0.3633697792243204  0.5785910442216776 
 326.848  0.3779688473778657  0.5662741823429285 
 326.607  0.3929486229031053  0.5543370998241476 
 326.367  0.40827641422045285  0.5428136240080114 
 326.128  0.42391675018754077  0.5317305812999341 
 325.888  0.43983066434420115  0.5211130523192269 
 325.65  0.45597576904605264  0.5109767137131977 
 325.411  0.4723100561563398  0.5013338100970299 
 325.173  0.48878946525578254  0.49218839009573745 
 324.935  0.5053731051886807  0.48354076916848426 
 324.697  0.5220204494755203  0.47538463339765635 
 324.46  0.5386938557316036  0.4677090657695035 
 324.223  0.5553602744533249  0.4605010688813572 
 323.987  0.5719881914616852  0.4537427588090077 
 323.751  0.5885522671754491  0.44741565819421325 
 323.515  0.6050279142040186  0.4414994642874046 
 323.28  0.6213961269683231  0.4359714974757321 
 323.045  0.637640139344706  0.43081196281386624 
 322.81  0.6537467937322408  0.42599750036260176 
 322.575  0.6697049023396211  0.4215087854573397 
 322.341  0.6855063809987085  0.4173236135062891 
 322.108  0.7011449426970484  0.4134237906430246 
 321.874  0.716615091358674  0.40979042102396757 
 321.641  0.7319144753908128  0.4064047235043026 
 321.408  0.7470408032664043  0.40325173495586425 
 321.176  0.7619937856792326  0.4003142882957943 
 320.944  0.7767730733686008  0.3975794354723364 
 320.712  0.7913800264715792  0.3950320826188139 
 320.481  0.8058156084380547  0.39266117047957816 
 320.25  0.8162484750991578  0.3966365755974863 
 320.019  0.8249980689257289  0.40310397384692426 
 319.789  0.8336608684583745  0.4094782577851616 
 319.559  0.8422380594899557  0.4157630922212867 
 319.329  0.8507333726289071  0.4219624050843333 
 319.1  0.8591478259390525  0.42807941648226944 
 318.871  0.867484473740108  0.4341167034106751 
 318.642  0.8757444210396209  0.4400775965463601 
 318.413  0.8839305369029226  0.44596434170176547 
 318.185  0.8920440106633443  0.45177927902942233 
 317.958  0.9000866578567174  0.4575259464245447 
 317.73  0.9080608728591996  0.46320573055372644 
 317.503  0.9159674456781567  0.46882124689711624 
 317.276  0.9238088516461039  0.47437410804099883 
 317.05  0.9315857759432138  0.47986670851364505 
 316.824  0.9393005603439818  0.4853004663736871 
 316.598  0.946953579845369  0.49067716716998305 
 316.373  0.954547487071832  0.4959988962438821 
 316.147  0.962082570390316  0.5012672662850002 
 315.923  0.969560938276332  0.5064833788302251 
 315.698  0.9769830192268424  0.5116491179095266 
 315.474  0.9843514468677702  0.5167666503855223 
 315.25  0.9916649065075551  0.5218345396757845 
 315.026  0.9989263626296675  0.5268556519166686 
 314.803  1.0061364995950757  0.5318314167266086 
 314.58  1.0132959790165845  0.5367632076541557 
 314.358  1.0204086166588018  0.5416555593285547 
 314.135  1.027470554868318  0.5465022791548168 
 313.913  1.0344855453303716  0.551307848209579 
 313.692  1.041453751336134  0.5560736607429866 
 313.47  1.0483768133776488  0.560800269996256 
 313.249  1.055256822660742  0.5654926717226713 
 313.028  1.0620913988075753  0.5701439637679523 
 312.808  1.0688826033307817  0.5747590971034638 
 312.588  1.075631951881025  0.5793384985545008 
 312.368  1.0823394853347852  0.5838833458104178 
 312.149  1.0890066636393605  0.5883940120794322 
 311.929  1.095635404045191  0.5928751458758149 
 311.711  1.1022232845622038  0.5973199888092587 
 311.492  1.1087722016569388  0.6017331594379486 
 311.274  1.1152835152823022  0.6061149391497035 
 311.056  1.1217575174691519  0.6104661563088939 
 310.838  1.1281963536599449  0.6147910314989928 
 310.621  1.1332561091594213  0.6223394643979685 
 310.404  1.1377975557296787  0.631100846001993 
 310.187  1.14234450950113  0.6397851032865468 
 309.971  1.146898461066297  0.6483965453302787 
 309.754  1.1514577643567265  0.6569368181928844 
 309.539  1.1560218246982834  0.6654069876239269 
 309.323  1.1605900882749773  0.6738080980532363 
 309.108  1.1651610811193875  0.6821417337733414 
 308.893  1.169734347683688  0.690408896344031 
 308.678  1.1743113369332103  0.6986137101788537 
 308.464  1.178886980481572  0.70675137972908 
 308.25  1.1834628111716594  0.714826010597213 
 308.036  1.188038518249062  0.7228385164360204 
 307.823  1.192612902473671  0.7307903496534921 
 307.609  1.1971857242688007  0.7386823799123766 
 307.397  1.201756766362342  0.7465154556321475 
 307.184  1.2063249385526196  0.754290963338407 
 306.972  1.2108919454808835  0.7620126663189263 
 306.76  1.215453923654347  0.769675412447836 
 306.548  1.2200117398871015  0.7772835039175559 
 306.337  1.2245655963707074  0.7848374989860935 
 306.126  1.2291145519119462  0.7923386786732702 
 305.915  1.2336585592125209  0.799787747291938 
 305.704  1.2381975831916494  0.8071853907384855 
 305.494  1.2427307559288403  0.8145328303582775 
 305.284  1.2472580817943035  0.8218307140775437 
 305.074  1.2517814135459155  0.8290824490356856 
 304.865  1.2562962658885488  0.8362836287322093 
 304.656  1.2608045281735716  0.843437643375598 
 304.447  1.2653062552402334  0.8505450720273809 
 304.239  1.26980069748622  0.8576070261701977 
 304.03  1.2742879385010435  0.864624051371022 
 303.822  1.27876806729584  0.8715966784789497 
 303.615  1.283240382035695  0.8785259689315489 
 303.407  1.2877068091038717  0.8854150587224475 
 303.2  1.2921638369033241  0.8922591447560067 
 302.994  1.2966126215057256  0.8990618945589619 
 302.787  1.3010535602999553  0.9058235847940752 
 302.581  1.3054860179223304  0.912545200519242 
 302.375  1.3099101471351098  0.919227171904489 
 302.169  1.3143261025742767  0.9258699173793739 
 301.964  1.3187332822484956  0.9324743801895523 
 301.759  1.3231336406910947  0.9390434660485483 
 301.554  1.3275237788869718  0.9455725162621561 
 301.349  1.3319049115209693  0.9520649627697058 
 301.145  1.3362772245443806  0.9585211634784249 
 300.941  1.3401519579005483  0.964711495870487 
 300.737  1.3411930559747447  0.9695472208174676 
 300.534  1.3422429952244532  0.9743727511733439 
 300.331  1.3432983558674643  0.9791830640264527 
 300.128  1.3443610273525322  0.9839804733145654 
 299.925  1.3454304034710955  0.9887653769142579 
 299.723  1.3465066080756658  0.9935376417586976 
 299.521  1.3475915379436727  0.9982995307708971 
 299.319  1.3486810485391811  1.0030466443235555 
 299.117  1.3497770402858162  1.0077812552745449 
 298.916  1.3508794008100817  1.012503410134013 
 298.715  1.3519882555487268  1.0172129782605455 
 298.514  1.3531030222999143  1.0219103624864379 
 298.314  1.354225608071507  1.0265977778841346 
 298.113  1.3553525860479119  1.0312703973773139 
 297.914  1.3564851609919273  1.03593097839156 
 297.714  1.3576234646942178  1.0405793924003741 
 297.515  1.358767627205788  1.045215511147078 
 297.315  1.3599188642095266  1.049842043944197 
 297.117  1.3610737527583285  1.054454247678694 
 296.918  1.3622342033698664  1.0590543068373472 
 296.72  1.3633996625770006  1.0636426279136613 
 296.522  1.3645702662718338  1.06821908408022 
 296.324  1.3657479270280821  1.0727858128170338 
 296.126  1.3669285434734797  1.0773386853550413 
 295.929  1.3681140318633944  1.0818798473867204 
 295.732  1.3693043041394095  1.0864093507213164 
 295.535  1.370499496926128  1.0909270695490003 
 295.339  1.3716990774529627  1.0954334115250042 
 295.142  1.3729049628786372  1.0999304692101186 
 294.947  1.3741137369694572  1.104413673461247 
 294.751  1.3753266528095804  1.1088856577341075 
 294.555  1.3765438520237023  1.113346296775739 
 294.36  1.3777654745219519  1.1177954655413034 
 294.165  1.3789927792680283  1.1222357529830176 
 293.971  1.3802223586360538  1.1266626643671438 
 293.776  1.381456129572995  1.1310782633994871 
 293.582  1.3826935838730936  1.1354829575488217 
 293.388  1.3839348659671211  1.1398766219374068 
 293.194  1.3851818909481046  1.1442612774233718 
 293.001  1.3864306129455426  1.1486330330059955 
 292.808  1.3876829505956287  1.152993916451336 
 292.615  1.388938835399127  1.1573439801890721 
 292.422  1.3900688244313848  1.1613885381972961 
 292.23  1.3905005220827602  1.1638435040470125 
 292.038  1.3909359158791275  1.1662974415141734 
 291.846  1.3913728002382995  1.1687485911191364 
 291.655  1.39180981396323  1.1711945006037046 
 291.463  1.3922500625987757  1.1736397389345226 
 291.272  1.3926921836061448  1.1760818501608006 
 291.081  1.3931339748909244  1.1785191012433298 
 290.891  1.3935793818533624  1.1809553308769982 
 290.7  1.394026204019882  1.1833888023359365 
 290.51  1.3944730765476376  1.1858170859016297 
 290.32  1.3949231094336603  1.1882447059558359 
 290.131  1.395374936458964  1.1906692291723417 
 289.941  1.3958281301888582  1.1930910145611373 
 289.752  1.3962813235728622  1.1955076472186965 
 289.563  1.3967376291469273  1.1979236222209577 
 289.375  1.397195678463267  1.2003365211124877 
 289.186  1.397653278617652  1.2027446475585215 
 288.998  1.3981143666996187  1.2051517673603915 
 288.81  1.3985767512790126  1.2075561805639343 
 288.623  1.399039062310446  1.2099554941693071 
 288.435  1.3995044155294702  1.2123541599246006 
 288.248  1.399971235715608  1.2147499581523296 
 288.061  1.4004379470029078  1.2171406834896776 
 287.874  1.400907666463485  1.2195307663016 
 287.688  1.401379021251304  1.2219178209696684 
 287.502  1.4018498272220568  1.224300182995376 
 287.316  1.4023240126768242  1.226681554654683 
 287.13  1.4027993948220259  1.2290602678929305 
 286.945  1.4032745997923879  1.2314339618601096 
 286.759  1.4037527468300186  1.2338070247136792 
 286.574  1.4042324606045775  1.2361770922548216 
 286.39  1.4047133287499167  1.2385445232076524 
 286.205  1.4051939759476237  1.2409069707433715 
 286.021  1.4056775225284126  1.2432687952899066 
 285.837  1.4061625916936131  1.2456276467221252 
 285.653  1.4066470095008337  1.2479818946353505 
 285.469  1.407134693186782  1.2503351729715755 
 285.286  1.4076234700319776  1.252685847842493 
 285.103  1.4081119628025027  1.2550315931431835 
 284.92  1.4086032929556362  1.2573767283218908 
 284.738  1.4090960817565048  1.2597189240547015 
 284.555  1.4095881615893247  1.2620565697672874 
 284.373  1.409996195635957  1.2642445458485758 
 284.191  1.4099784020366823  1.265700238686047 
 284.009  1.4099612618030943  1.2671553810742284 
 283.828  1.4099434016607189  1.2686076603452303 
 283.647  1.4099281490088404  1.2700611738682097 
 283.466  1.4099137382737557  1.2715139595667346 
 283.285  1.4098999715534422  1.272966193497061 
 283.104  1.4098854730815191  1.2744155708426899 
 282.924  1.4098735729155152  1.275866173078337 
 282.744  1.4098623098061427  1.2773162226371007 
 282.564  1.4098503061627636  1.2787634205697465 
 282.385  1.409840893956015  1.2802118364828123 
 282.205  1.4098323060714832  1.2816595223548402 
 282.026  1.4098225806018347  1.28310471465692 
 281.847  1.4098156338924102  1.2845509416007828 
 281.668  1.409809504047539  1.2859964376711033 
 281.49  1.4098041885912826  1.287441202606754 
 281.312  1.409797725666953  1.2888834808840222 
 281.134  1.4097940315984923  1.2903267847838897 
 280.956  1.4097911445275335  1.2917693568080382 
 280.778  1.4097871026696462  1.2932094474035039 
 280.601  1.4097858222643007  1.2946505569679527 
 280.424  1.409785341515553  1.296090933982691 
 280.247  1.4097838907532725  1.2975286581141223 
 280.07  1.4097848100358732  1.2989677481015005 
 279.894  1.4097867136972082  1.3004059282074865 
 279.717  1.4097876396006366  1.3018414606897164 
 279.541  1.4097911205907934  1.3032781758690832 
 279.366  1.4097951956681507  1.3047143341471341 
 279.19  1.4098002447024063  1.306149581771921 
 279.015  1.409804305779672  1.3075821888489088 
 278.839  1.4098107224797072  1.309016147042791 
 278.665  1.4098181053833643  1.3104491940806937 
 278.49  1.409824492775797  1.311879605920655 
 278.315  1.4098334195213893  1.3133111858197863 
 278.141  1.4098429250092428  1.3147422078866327 
 277.967  1.4098516173934919  1.3161704232610016 
 277.793  1.4098628424235378  1.317599800564108 
 277.62  1.409874639701029  1.3190286197320005 
 277.446  1.4098873852985645  1.320456526820941 
 277.273  1.409899118072832  1.321881811336607 
 277.1  1.409913374581788  1.3233082497379836 
 276.927  1.409928194753609  1.324734129688358 
 276.755  1.4099421833584138  1.3261572155719288 
 276.582  1.4099586890420166  1.327581449405302 
 276.41  1.409975939790057  1.3290049476156416 
 276.239  1.4099919756317525  1.3304260112257023 
 276.067  1.4095752399655845  1.3315642519698534 
 275.895  1.4088654780546583  1.3325118893481518 
 275.724  1.4081545679526923  1.3334580185540277 
 275.553  1.4074460546568774  1.3344063836662392 
 275.382  1.4067363922097254  1.3353532405948751 
 275.212  1.4060291296386103  1.3363023285889717 
 275.041  1.405320716950053  1.3372499083899805 
 274.871  1.4046129294195848  1.338197848411313 
 274.701  1.4039075463252044  1.3391480122185362 
 274.531  1.4032010116534461  1.3400966678211146 
 274.362  1.4024968844247783  1.3410475423418853 
 274.192  1.401791604638144  1.341996908652916 
 274.023  1.401088735276357  1.342948489004065 
 273.854  1.4003848982386347  1.3438983827711195 
 273.686  1.3996832885913204  1.344850663963034 
 273.517  1.39898052440765  1.3458014369407931 
 273.349  1.3982801765360051  1.3467544141726664 
 273.181  1.3975786731301199  1.3477058831911901 
 273.013  1.3968795889419967  1.3486595515558262 
 272.845  1.3961793482160079  1.3496117117100297 
 272.678  1.3954797390489508  1.350564216206 
 272.51  1.3947825534129543  1.3515189126701705 
 272.343  1.3940842097230077  1.352472100931854 
 272.176  1.3933882924062224  1.353427476230156 
 272.01  1.39269121601757  1.3543813433344751 
 271.843  1.3919965688186544  1.3553373925347545 
 271.677  1.3913008536573963  1.3562918437371063 
 271.511  1.390607496695763  1.357248543880765 
 271.345  1.389912978584579  1.3582037358356278 
 271.18  1.3892208951944123  1.3591610999601056 
 271.014  1.3885276496197279  1.3601169559116915 
 270.849  1.3878368231413807  1.361074997076634 
 270.684  1.3871448518147473  1.3620315120863238 
 270.519  1.3864535177649095  1.3629883553877826 
 270.354  1.3857646252396336  1.3639473584290351 
 270.19  1.3850745496035606  1.3649048713956242 
 270.026  1.3843869364944366  1.3658645210768348 
 269.862  1.3836981575342249  1.3668226626609645 
 269.698  1.383011825423908  1.3677829540034379 
 269.534  1.3823243264023375  1.3687417372768595 
 269.371  1.3816392586032682  1.3697026834002295 
 269.207  1.3809530410912871  1.3706621034008615 
 269.044  1.3802692756515955  1.3716236631480885 
 268.882  1.3796073171393397  1.3721911854783235 
 268.719  1.3789637714284746  1.3725088644202785 
 268.556  1.3783184461722149  1.3728249848609944 
 268.394  1.3776731537406317  1.3731413687372682 
 268.232  1.3770278835004421  1.3734580270025394 
 268.07  1.3763826557652499  1.3737749397522878 
 267.909  1.3757392789251508  1.37409393549986 
 267.747  1.375094119713297  1.3744113751239426 
 267.586  1.3744489956789716  1.3747290775723533 
 267.425  1.3738039062018852  1.3750470438117959 
 267.264  1.3731588506628645  1.375365274810208 
 267.103  1.3725156517303425  1.3756855869873634 
 266.943  1.3718706730596146  1.376004339964464 
 266.782  1.3712257264713426  1.3763233606013021 
 266.622  1.3705807977308782  1.3766426635509341 
 266.462  1.3699359234534134  1.3769622123966063 
 266.303  1.3692929114961738  1.3772838405621657 
 266.143  1.3686481115426479  1.3776039173976153 
 265.984  1.3680033487624346  1.3779242585226648 
 265.824  1.3673586234476236  1.3782448639906408 
 265.665  1.3667157650261863  1.378567547264592 
 265.507  1.3660711163710828  1.3788886811426573 
 265.348  1.3654265060590671  1.3792100795196764 
 265.19  1.3647819343832768  1.3795317424470372 
 265.031  1.3641374016371095  1.3798536699756405 
 264.873  1.3634947233913648  1.3801776917180244 
 264.716  1.3628502702408087  1.380500148169295 
 264.558  1.3622058569014583  1.3808228693705202 
 264.4  1.3615614836677405  1.3811458553706406 
 264.243  1.3609171508343365  1.3814691062181044 
 264.086  1.360274696335123  1.3817944309808208 
 263.929  1.3596304460372686  1.3821182112220003 
 263.773  1.3589862370251118  1.3824422564518468 
 263.616  1.358342069594343  1.3827665667168278 
 263.46  1.357697944040902  1.3830911420629128 
 263.303  1.3570557025448857  1.3834177893209245 
 263.147  1.3564116444204983  1.383742912942834 
 262.992  1.3557676471304088  1.3840682833608768 
 262.836  1.355123692903704  1.384393919037848 
 262.681  1.3544797820375563  1.384719820017214 
 262.525  1.353837760953497  1.385047790866286 
 262.37  1.3531939385489  1.3853742221239302 
 262.216  1.3525501603976344  1.3857009188102847 
 262.061  1.3519064267978393  1.3860278809667943 
 261.906  1.3512627380478937  1.3863551086343968 
 261.752  1.350620944805682  1.3866844040904887 
 261.598  1.3499838158892425  1.3870055166302981 
 261.444  1.3495190821773595  1.3871422973728482 
 261.29  1.3490541443566535  1.3872793822463674 
 261.137  1.3485891826763838  1.3874165861887906 
 260.983  1.3481241972074314  1.387553909257648 
 260.83  1.3476591880207809  1.3876913515104254 
 260.677  1.3471941551875233  1.3878289130045622 
 260.524  1.3467292788165803  1.3879664082469096 
 260.371  1.3462641988834962  1.3881042083343103 
 260.219  1.3457990955176593  1.3882421278351087 
 260.066  1.3453339687905808  1.3883801668065614 
 259.914  1.344868818773877  1.3885183253058793 
 259.762  1.3444055041237573  1.3886584027464257 
 259.61  1.3439404882743675  1.388796614347524 
 259.459  1.3434752694153456  1.3889351315056564 
 259.307  1.3430100275542443  1.3890737684195367 
 259.156  1.3425447627632066  1.3892125251461402 
 259.005  1.3420794751144798  1.389351401742395 
 258.854  1.3416141646804163  1.3894903982651812 
 258.703  1.3411490113241835  1.3896293284814605 
 258.553  1.3406836555160426  1.3897685649660734 
 258.402  1.3402182771402071  1.3899079215475623 
 258.252  1.3397528762694508  1.3900473982826147 
 258.102  1.3392874529766536  1.3901869952278691 
 257.952  1.3388221870206258  1.3903265258415705 
 257.802  1.338356719081678  1.3904663633152272 
 257.653  1.3378930961564344  1.3906081176028888 
 257.504  1.3374275845024997  1.390748195680365 
 257.354  1.3369620507925224  1.3908883942500012 
 257.205  1.3364964951000138  1.3910287133681394 
 257.057  1.3360310970567124  1.391168966122578 
 256.908  1.3355654975986755  1.39130952644478 
 256.759  1.3350998763792243  1.391450207484199 
 256.611  1.3346342334722916  1.3915910092969743 
 256.463  1.3341685689519156  1.3917319319391945 
 256.315  1.33370288289224  1.3918729754668966 
 256.167  1.3332373547964003  1.3920139525969206 
 256.019  1.3327716258592621  1.3921552380016897 
 255.872  1.332305875605839  1.392296644459736 
 255.725  1.3318401041106955  1.3924381720268904 
 255.578  1.3313761873110146  1.392581614175203 
 255.431  1.3309103741748283  1.3927233839087294 
 255.284  1.3304447193189646  1.392865087208276 
 255.137  1.3299787886205483  1.3929959002741468 
 254.991  1.3295156681835725  1.3929019749952294 
 254.844  1.3290526206022426  1.3928079079075077 
 254.698  1.3285894665544569  1.3927138868552493 
 254.552  1.3281260266791535  1.3926200999348515 
 254.407  1.3276626595539192  1.3925261712347767 
 254.261  1.3271991858274212  1.392432288788568 
 254.116  1.3267354261096154  1.3923386408824048 
 253.97  1.3262717390361685  1.3922448512262573 
 253.825  1.3258079452267044  1.3921511080433246 
 253.68  1.325343865262386  1.392057599809951 
 253.535  1.324879857836586  1.391963949856853 
 253.391  1.324415743540072  1.391870346597269 
 253.246  1.3239513429254055  1.3917769786980903 
 253.102  1.3234870147432867  1.3916834691100188 
 252.958  1.3230224001343054  1.3915901951570147 
 252.814  1.3225578578871524  1.3914967795359976 
 252.67  1.3220932085449355  1.3914034109777946 
 252.527  1.3216282726129807  1.3913102784677367 
 252.383  1.321163408936672  1.3912170043214565 
 252.24  1.320698438030772  1.3911237774608411 
 252.097  1.3202331803725187  1.3910307870627936 
 251.954  1.3197679948636043  1.390937655060894 
 251.811  1.3193027019906403  1.3908445705684744 
 251.668  1.3188371222029724  1.390751722954395 
 251.526  1.3183716144582134  1.3906587337694163 
 251.383  1.3179058196906825  1.3905659817407334 
 251.241  1.3174400968950377  1.3904730881634517 
 251.099  1.3169742665114144  1.3903802424708422 
 250.957  1.3165081489431203  1.3902876343525612 
 250.816  1.3160421032400809  1.3901948847196122 
 250.674  1.3155759498148043  1.3901021831977403 
 250.533  1.315109509043234  1.3900097196695915 
 250.391  1.3146431400301695  1.3899171146612965 
 250.25  1.3141766631606893  1.3898245579914625 
 250.109  1.3137098987835751  1.3897322397361127 
 249.969  1.313243206058101  1.3896397800357327 
 249.828  1.312776405342117  1.3895473689021798 
 249.688  1.3123093169574453  1.3894551966052435 
 249.547  1.3118423001174326  1.3893628828989912 
 249.407  1.3113749955015412  1.3892708083115641 
 249.267  1.3109077623589247  1.3891785923389701 
 249.128  1.3104404210025118  1.3890864253160204 
 248.988  1.309987562420044  1.3889864699467769 
 248.848  1.3097737322563365  1.3887513203265345 
 248.709  1.3095600469433373  1.3885159403299032 
 248.57  1.3093461470140513  1.3882807110597415 
 248.431  1.3091322121611124  1.3880454419498836 
 248.292  1.3089182423674217  1.387810132980092 
 248.153  1.308704237615867  1.3875747841301123 
 248.015  1.3084901978893217  1.3873393953796729 
 247.876  1.308276123170645  1.3871039667084848 
 247.738  1.3080620134426828  1.386868498096242 
 247.6  1.307846140400366  1.386630998845812 
 247.462  1.3076319603197162  1.3863954499527122 
 247.324  1.3074177451780944  1.3861598610573644 
 247.187  1.3072034949582902  1.3859242321393936 
 247.049  1.3069892096430786  1.3856885631784075 
 246.912  1.3067748892152211  1.385452854153996 
 246.775  1.3065605336574646  1.3852171050457323 
 246.638  1.306346142952542  1.3849813158331714 
 246.501  1.3061318973138567  1.3847452954174262 
 246.364  1.305917436293513  1.3845094259034216 
 246.228  1.305702940074133  1.384273516223667 
 246.091  1.3054884086383924  1.3840375663576485 
 245.955  1.3052738419689536  1.3838015762848346 
 245.819  1.3050592400484644  1.383565545984676 
 245.683  1.304844602859558  1.3833294754366068 
 245.547  1.3046299303848543  1.3830933646200425 
 245.412  1.3044134897787785  1.3828552174095634 
 245.276  1.3041987463954516  1.3826190256536568 
 245.141  1.303983967673959  1.3823827935672237 
 245.006  1.3037691535968634  1.3821465211296093 
 244.87  1.3035543041467117  1.381910208320142 
 244.736  1.3033394193060375  1.3816738551181316 
 244.601  1.3031244990573603  1.3814374615028708 
 244.466  1.302909543383184  1.3812010274536348 
 244.332  1.302694732991181  1.3809643613659859 
 244.197  1.3024797064444866  1.3807278463548551 
 244.063  1.3022646444197368  1.3804912908474516 
 243.929  1.3020495468993782  1.3802546948229795 
 243.795  1.3018344138658438  1.3800180582606245 
 243.662  1.3016192453015512  1.3797813811395554 
 243.528  1.3014040411889038  1.3795446634389226 
 243.395  1.3011888015102908  1.3793079051378585 
 243.261  1.30097370722193  1.3790709143777822 
 243.128  1.3007564776931608  1.3788322647300932 
 242.995  1.300541130923607  1.3785953841588383 
 242.862  1.3003257485173556  1.3783584629033268 
 242.73  1.3001103304567225  1.3781215009426013 
 242.597  1.2997756904353572  1.3778762083172456 
 242.465  1.2993129082471695  1.3776204243323766 
 242.332  1.29884998117728  1.377364611714785 
 242.2  1.298388831236416  1.3771105827345407 
 242.068  1.2979257959579498  1.3768545209327954 
 241.936  1.297462434203465  1.3765986227543527 
 241.805  1.2970008512073625  1.3763445092100388 
 241.673  1.2965371992497219  1.3760885542138312 
 241.542  1.2960734016712865  1.375832570671221 
 241.411  1.2956094583481144  1.3755765585968285 
 241.279  1.2951472959632402  1.3753223324882398 
 241.148  1.2946830614490739  1.3750662637135513 
 241.018  1.2942186808180074  1.3748101664514647 
 240.887  1.2937560827644377  1.3745558561549918 
 240.756  1.2932914101984778  1.3742997022822814 
 240.626  1.2928265911420211  1.3740435199672163 
 240.496  1.2923618071095444  1.3737871161411608 
 240.366  1.291898626239546  1.3735326936333283 
 240.236  1.2914333676678609  1.3732764263344626 
 240.106  1.2909679621051053  1.373020130654248 
 239.976  1.2905024094255741  1.3727638066081187 
 239.846  1.2900386437163196  1.372509272202356 
 239.717  1.289572797103283  1.3722528917910086 
 239.588  1.2891068029960135  1.371996483060581 
 239.459  1.2886425975135063  1.3717418649754614 
 239.33  1.2881763087182452  1.3714853999744088 
 239.201  1.287709872049833  1.3712289067017942 
 239.072  1.2872432873814275  1.3709723851735833 
 238.943  1.2867786755737363  1.3707174617372095 
 238.815  1.2863117952384489  1.3704608839983583 
 238.687  1.2858447665223003  1.370204278052287 
 238.558  1.2853795303082967  1.3699494651028472 
 238.43  1.2849122051319053  1.3696928031120463 
 238.302  1.2844447311923002  1.3694361129631643 
 238.175  1.2839771083614886  1.3691793946727104 
 238.047  1.2835112802592985  1.3689244707261474 
 237.92  1.2830433599481303  1.368667696523516 
 237.792  1.2825752903614234  1.368410894229394 
 237.665  1.2821070713705212  1.3681540638606071 
 237.538  1.2816406493423125  1.367899029185482 
 237.411  1.2811723142528344  1.367641948321257 
 237.284  1.2807036469978077  1.3673850340827505 
 237.157  1.2802367783852304  1.3671299165515303 
 237.031  1.2800003028741538  1.3668942078149011 
 236.904  1.2799998846801737  1.3666798106291238 
 236.778  1.2799994831997241  1.3664653954606978 
 236.652  1.2799990984412195  1.3662509623090244 
 236.526  1.2799987304130773  1.3660365111735082 
 236.4  1.2799983791237188  1.3658220420535565 
 236.274  1.2799980445815689  1.3656075549485802 
 236.149  1.2799977267950564  1.365393049857993 
 236.023  1.2799974257726139  1.3651785267812113 
 235.898  1.279997141522678  1.364963985717655 
 235.773  1.2799966912457383  1.3647496215790051 
 235.648  1.279996440535556  1.364535044542167 
 235.523  1.2799962066232038  1.3643204495168249 
 235.398  1.2799959895171327  1.3641058365024115 
 235.273  1.279995789225798  1.3638912054983614 
 235.149  1.2799956057576587  1.363676556504113 
 235.024  1.2799954391211772  1.3634618895191075 
 234.9  1.27999528932482  1.3632472045427895 
 234.776  1.2799951563770577  1.3630325015746059 
 234.652  1.2799950402863638  1.3628177806140078 
 234.528  1.2799947579470958  1.3626032365923855 
 234.404  1.2799946755653113  1.3623884796472503 
 234.281  1.2799946100660315  1.3621737047080642 
 234.157  1.2799945614577457  1.3619589117742894 
 234.034  1.2799945297489463  1.3617441008453925 
 233.911  1.2799945149481304  1.3615292719208425 
 233.787  1.2799964664965078  1.361316257981056 
 233.665  1.2799964855560413  1.3611013933707572 
 233.542  1.2799965215490023  1.3608865107633132 
 233.419  1.2799965744839026  1.3606716101582061 
 233.296  1.2799966443692574  1.3604566915549203 
 233.174  1.2799965477619788  1.360241949905451 
 233.052  1.2799966515430492  1.3600269953061295 
 232.929  1.2799967723001346  1.3598120227070958 
 232.807  1.2799969100417654  1.3595970321078477 
 232.685  1.2799970647764758  1.3593820235078857 
 232.564  1.2799972365128036  1.3591669969067137 
 232.442  1.279997425259291  1.3589519523038385 
 232.32  1.279997631024483  1.3587368896987702 
 232.199  1.2799978538169288  1.3585218090910223 
 232.078  1.2799980936451818  1.358306710480111 
 231.956  1.279998166758309  1.3580917888363184 
 231.835  1.2799984406530143  1.357876654219428 
 231.714  1.2799987316092003  1.3576615015979359 
 231.594  1.2799990396354353  1.357446330971371 
 231.473  1.279999364740291  1.357231142339266 
 231.352  1.2799997069323434  1.3570159357011564 
 231.232  1.2795733426796871  1.3567217619307463 
 231.112  1.279110184951521  1.3564195019413108 
 230.991  1.2786488244106602  1.3561190272858656 
 230.871  1.2781853579781641  1.3558166577195336 
 230.751  1.2777236898238127  1.3555160742451482 
 230.632  1.2772599141073822  1.3552135950416073 
 230.512  1.2767979377617975  1.35491290268887 
 230.392  1.2763338521801137  1.3546103137880388 
 230.273  1.2758715670638434  1.3543095124977702 
 230.154  1.2754091276908064  1.3540086569136196 
 230.035  1.2749447609126843  1.3537057078178776 
 229.915  1.2744820119366882  1.3534047431386473 
 229.797  1.2740171495259267  1.353101879862033 
 229.678  1.273554090323819  1.3528008060984182 
 229.559  1.2730889160003211  1.3524978329161463 
 229.44  1.2726255459866167  1.3521966500098033 
 229.322  1.2721600591612676  1.3518935668628653 
 229.204  1.2716963777487427  1.3515922747556943 
 229.085  1.2712305778306767  1.3512890815853271 
 228.967  1.27076658443036  1.350987680219477 
 228.849  1.2703004708269532  1.3506843769671653 
 228.732  1.2698363496312552  1.350382669780989 
 228.614  1.2693699217880243  1.3500792563179893 
 228.496  1.2689053026778667  1.34977763619198 
 228.379  1.2684405271110855  1.3494759615561327 
 228.261  1.2679736270834143  1.3491723829737508 
 228.144  1.2675085374543313  1.3488705988787875 
 228.027  1.2670413216539314  1.3485669100117137 
 227.91  1.2665759173656346  1.3482650164009298 
 227.793  1.2661083851918853  1.3479612171918016 
 227.677  1.2656426656456776  1.3476592140087553 
 227.56  1.2651748164961614  1.3473553044004745 
 227.443  1.2647089663132656  1.3470529943076364 
 227.327  1.2642407996238851  1.3467489741721137 
 227.211  1.263774447798483  1.3464467516052612 
 227.095  1.2633059629231214  1.3461426209570497 
 226.979  1.2628392940329791  1.3458402886500738 
 226.863  1.2623704903637865  1.3455360474328835 
 226.747  1.2619035038029989  1.345233605330422 
 226.631  1.2614343807302988  1.344929253488239 
 226.516  1.2609670758911402  1.3446267015352078 
 226.4  1.2604996120419416  1.3443240948364663 
 226.285  1.2600301946989498  1.3440193791583044 
 226.17  1.2597837346282514  1.3439568661359278 
 226.055  1.2595499922149356  1.3439085470703145 
 225.94  1.2593182024531446  1.3438620967308437 
 225.825  1.2590863850113907  1.3438156588316164 
 225.71  1.2588545398837827  1.34376923338273 
 225.595  1.2586226670644314  1.343722820394289 
 225.481  1.2583907665474479  1.3436764198764053 
 225.366  1.2581588383269438  1.343630031839198 
 225.252  1.2579248993030065  1.3435817996260888 
 225.138  1.2576931009829846  1.3435352381907204 
 225.024  1.2574610892748428  1.3434888875760287 
 224.91  1.2572290498395096  1.3434425494826179 
 224.796  1.2569969826710996  1.3433962239206452 
 224.682  1.256764887763729  1.3433499109002756 
 224.569  1.2565307799356402  1.343301753488645 
 224.455  1.2562986291857823  1.3432554655366475 
 224.342  1.256066450679197  1.3432091901568555 
 224.229  1.2558342444100032  1.3431629273594636 
 224.116  1.2556020103723207  1.343116677154674 
 224.003  1.2553697485602695  1.3430704395526971 
 223.89  1.255135657427508  1.3430221586206177 
 223.777  1.2549033397059484  1.3429759461751885 
 223.664  1.25467099419226  1.342929746363299 
 223.552  1.254438620880567  1.342883559195189 
 223.439  1.254206219764993  1.3428373846811064 
 223.327  1.253973790839663  1.3427912228313064 
 223.215  1.2537413340987034  1.3427450736560518 
 223.103  1.2535068598351404  1.342697079632541 
 222.991  1.2532743470968297  1.3426509557926756 
 222.879  1.2530418065251518  1.3426048446582544 
 222.767  1.252809423881022  1.3425585471647403 
 222.655  1.252576827629429  1.3425124614372128 
 222.544  1.2523442035268508  1.3424663884460208 
 222.432  1.2521095597708136  1.3424184703993987 
 222.321  1.2518768795994701  1.3423724228677028 
 222.21  1.2516441715594184  1.342326388103379 
 222.099  1.2514114356447923  1.3422803661167664 
 221.988  1.2511786718497266  1.3422343569182118 
 221.877  1.2509458801683564  1.3421883605180698 
 221.766  1.2507110666981214  1.3421405188582725 
 221.655  1.250478218876641  1.3420945480423114 
 221.545  1.2502455289668748  1.342048390596129 
 221.435  1.250012625335868  1.3420024454147126 
 221.324  1.2493957944262255  1.3418766154643051 
 221.214  1.2487549859239506  1.3417443925241224 
 221.104  1.2481159613770396  1.3416141222587556 
 220.994  1.247476724782078  1.3414839465580721 
 220.884  1.2468352762795691  1.3413520068107212 
 220.774  1.2461956142465278  1.3412220207584131 
 220.665  1.24555555388084  1.3410923300814925 
 220.555  1.2449134642227153  1.3409606755617414 
 220.446  1.2442731635570934  1.3408309757565928 
 220.336  1.2436326500892705  1.3407013718080778 
 220.227  1.2429899181464  1.3405700043688855 
 220.118  1.2423489777274317  1.3404405926636191 
 220.009  1.2417078241297383  1.3403112774669206 
 219.9  1.2410644487614746  1.3401801990701185 
 219.791  1.240422867457223  1.3400510774260805 
 219.682  1.2397810725981318  1.3399220529465787 
 219.574  1.2391370526650283  1.3397912655661603 
 219.465  1.2384948293447995  1.339662435956836 
 219.357  1.237852206042003  1.339533905507081 
 219.249  1.2372075403939733  1.339403411227441 
 219.141  1.236564673916783  1.3392748757364634 
 219.032  1.2359215931338883  1.3391464387342442 
 218.925  1.2352762806461308  1.339016239456019 
 218.817  1.2346327698957087  1.3388879999836991 
 218.709  1.2339890444648223  1.3387598596683445 
 218.601  1.2333430840018655  1.3386299574024307 
 218.494  1.2326989278516218  1.3385020159590861 
 218.386  1.232054556646647  1.3383741743450395 
 218.279  1.2314079470744714  1.3382445711147737 
 218.172  1.2307631443993103  1.338116929723138 
 218.065  1.2301181262956664  1.3379893888372811 
 217.958  1.2294706802811632  1.337860289294449 
 217.851  1.2288252299465892  1.337732950088801 
 217.744  1.2281795638103714  1.3376057120696794 
 217.637  1.2275316526127213  1.3374767131304077 
 217.531  1.2268855535079455  1.3373496780597427 
 217.424  1.2262392382288707  1.337222744860452 
 217.318  1.2255906745294654  1.3370940511024605 
 217.212  1.2249439255342705  1.336967322227177 
 217.106  1.2242969599927027  1.3368406959123342 
 217.0  1.2236477426639851  1.3367123094094207 
 216.894  1.223000342659914  1.3365858888026116 
 216.788  1.2223527257380007  1.336459571449552 
 216.682  1.2217028536541983  1.336331494288304 
 216.576  1.2210546151848338  1.3362055879482704 
 216.471  1.220406345756332  1.336079581747406 
 216.365  1.2198260147567443  1.3359036291130142 
 216.26  1.2193654140055596  1.3356496594814637 
 216.155  1.218902620118471  1.3353937985971305 
 216.05  1.2184396739940941  1.33513791016615 
 215.945  1.2179786194901125  1.334883859193391 
 215.84  1.2175153692302314  1.3346279160544434 
 215.735  1.2170521528935472  1.334371740881385 
 215.63  1.2165885972507353  1.3341157427151933 
 215.526  1.2161269356600046  1.3338615833877943 
 215.421  1.2156630748065813  1.3336055306754664 
 215.317  1.2151990607728378  1.33334945055795 
 215.212  1.2147369426200572  1.3330952103154237 
 215.108  1.2142726225659977  1.3328390757752062 
 215.004  1.2138081489248937  1.3325829138918437 
 214.9  1.2133435215605741  1.332326724686184 
 214.796  1.2128807925241267  1.3320723767400755 
 214.692  1.21241585805442  1.3318161332788527 
 214.589  1.211950769452623  1.3315598625584975 
 214.485  1.211485526581844  1.3313035646002336 
 214.381  1.21102218449447  1.3310491092885184 
 214.278  1.2105566334274946  1.3307927572448346 
 214.175  1.210090927680499  1.3305363780275423 
 214.072  1.2096271245635661  1.3302818424980178 
 213.968  1.2091611097988417  1.3300254093249373 
 213.865  1.2086949399414284  1.3297689490434095 
 213.762  1.2082286148531625  1.3295124616753282 
 213.66  1.2077641948656928  1.3292578193862825 
 213.557  1.2072975596587596  1.3290012782379093 
 213.454  1.2068307688061164  1.3287447100693053 
 213.352  1.2063658849123795  1.3284899880241583 
 213.249  1.2058987831119015  1.3282333662089523 
 213.147  1.205431525249206  1.327976717440719 
 213.045  1.2049641111848441  1.327720041742039 
 212.943  1.204498606565472  1.3274652135623606 
 212.841  1.2040308804420945  1.3272084843980485 
 212.739  1.20356299769833  1.3269517283716805 
 212.637  1.203094958193988  1.3266949455062358 
 212.535  1.2026288306295594  1.3264400115577866 
 212.434  1.2021604779491148  1.3261831754108646 
 212.332  1.2016919680871458  1.3259263124944605 
 212.231  1.2012253720414223  1.3256712995445186 
 212.129  1.200756548162009  1.3254143834868939 
 212.028  1.2002877544150923  1.3251572334628163 
 211.927  1.199836289489772  1.3248932491248433 
 211.826  1.1994093027510264  1.3246145384698538 
 211.725  1.1989821779339953  1.3243357818179449 
 211.624  1.1985569904576219  1.32405885797227 
 211.523  1.1981295898208366  1.3237800096708845 
 211.423  1.1977020507326244  1.323501115348655 
 211.322  1.1972764507407088  1.3232240549121939 
 211.221  1.1968486350868932  1.3229450688933986 
 211.121  1.1964206806069353  1.322666036830145 
 211.021  1.195994666983361  1.3223888397338508 
 210.921  1.195566435188804  1.322109715927564 
 210.821  1.195138064191807  1.3218305460535174 
 210.72  1.194711635815746  1.3215532122292828 
 210.621  1.1942829867519893  1.321273950566366 
 210.521  1.1938541981079043  1.3209946428127055 
 210.421  1.193427353853791  1.320717172193374 
 210.321  1.1929982863876039  1.3204377726056458 
 210.222  1.1925690789616  1.3201583269045114 
 210.122  1.1921418176991054  1.3198807194238906 
 210.023  1.1917123306924573  1.3196011818441389 
 209.924  1.1912827033448954  1.319321598128645 
 209.825  1.1908529355288  1.3190419682699868 
 209.726  1.1904251162489348  1.3187641780835155 
 209.627  1.1899950678353413  1.3184844562877633 
 209.528  1.1895648785699575  1.3182046883269525 
 209.429  1.1891366396249186  1.3179267611284182 
 209.33  1.188706168995958  1.3176469011875096 
 209.232  1.1882755571303207  1.317366995059985 
 209.133  1.1878468973737053  1.3170889307865044 
 209.035  1.1874160033751535  1.316808932636555 
 208.937  1.1869849677534008  1.316528888278773 
 208.838  1.1865558860339271  1.3162506868684847 
 208.74  1.1861245675066452  1.3159705504466377 
 208.642  1.1856931069679897  1.3156903677960876 
 208.544  1.18526360212947  1.315412029188165 
 208.446  1.1848318579093755  1.315131754432605 
 208.349  1.1843999712880775  1.314851433427822 
 208.251  1.1839700421693904  1.3145729575624887 
 208.153  1.1835378710874305  1.3142925444124558 
 208.056  1.1831055572127716  1.3140120849930348 
 207.958  1.182675202647835  1.3137334718115763 
 207.861  1.1822426035299587  1.3134529202073801 
 207.764  1.1818098612262122  1.3131723223139906 
 207.667  1.1813790800439556  1.312893571758771 
 207.57  1.1809460517110857  1.3126128816418048 
 207.473  1.1805128797974906  1.3123321452162042 
 207.376  1.1800795641709387  1.3120513624755217 
 207.279  1.179437504816055  1.311697307981808 
 207.182  1.178748133361976  1.3113276333183645 
 207.086  1.178056497959635  1.3109558010798534 
 206.989  1.1773645163662412  1.3105839173430722 
 206.893  1.1766721881225701  1.3102119822002687 
 206.797  1.1759814366014434  1.3098421046947584 
 206.7  1.1752884148051341  1.309470067613294 
 206.604  1.1745950449771978  1.309097979406043 
 206.508  1.1739032538771959  1.3087279508986838 
 206.412  1.1732091877309347  1.3083557613188699 
 206.316  1.1725147721636136  1.307983520898444 
 206.221  1.1718198166648892  1.307611441800864 
 206.125  1.1711268226692984  1.3072410010306004 
 206.029  1.170431357183146  1.3068686092632191 
 205.934  1.1697353502224324  1.3064963794668536 
 205.838  1.1690413070728347  1.3061257893643177 
 205.743  1.1683447874639108  1.30575324713136 
 205.648  1.1676477248290058  1.3053808675242462 
 205.553  1.1669504993096218  1.3050082251997401 
 205.458  1.1662550503603066  1.3046374371797407 
 205.363  1.1655569278142925  1.3042649086653721 
 205.268  1.1648586411071769  1.3038921173786038 
 205.173  1.1641621331525096  1.3035211821317678 
 205.078  1.163462946433582  1.3031485056293133 
 204.984  1.1627635942686279  1.302775566303152 
 204.889  1.1620638856104712  1.3024025776387678 
 204.795  1.1613657678672598  1.3020316612025644 
 204.7  1.1606653459492424  1.3016585747758416 
 204.606  1.1599645660988986  1.3012854393272084 
 204.512  1.1592653792202923  1.3009143782197075 
 204.418  1.1585638832286982  1.3005411456474418 
 204.324  1.1578620278571725  1.3001678643750287 
 204.23  1.157159621574699  1.2997947491057582 
 204.136  1.1564591931105628  1.29942328181772 
 204.042  1.1557562578633398  1.2990498556984913 
 203.948  1.1550527701030397  1.2986765962789601 
 203.855  1.1543512625217747  1.2983049862361369 
 203.761  1.1536472430186435  1.2979314162637858 
 203.668  1.1529426693916651  1.2975580136949478 
 203.575  1.152237923765795  1.2971843481032717 
 203.481  1.1515349701469957  1.29681254908774 
 203.388  1.1508293062385613  1.2964390043876064 
 203.295  1.1501234689951894  1.2960651966369316 
 203.202  1.1498082933254565  1.2956377238256067 
 203.109  1.149576609124911  1.2951985871854281 
 203.016  1.1493446986659601  1.2947595283880118 
 202.924  1.1491129453276896  1.294320115396372 
 202.831  1.1488809655934544  1.2938807800964311 
 202.738  1.1486491431152266  1.293441090262461 
 202.646  1.148417094103373  1.2930014779685426 
 202.553  1.1481852024832848  1.2925615108000013 
 202.461  1.147953084191809  1.292121621019278 
 202.369  1.147721123428292  1.2916813760225472 
 202.277  1.1474889358555236  1.2912412082608122 
 202.185  1.1472569059473445  1.2908006849408913 
 202.093  1.1470224845608805  1.2903583146119593 
 202.001  1.1467903850337369  1.289917511783535 
 201.909  1.1465580584207786  1.2894767858824083 
 201.817  1.1463258897470132  1.2890357037352693 
 201.726  1.146093493849268  1.2885946983608236 
 201.634  1.14586125602867  1.2881533363957884 
 201.543  1.145628790845828  1.2877120510482434 
 201.451  1.145396483878533  1.2872704087647266 
 201.36  1.145163949410631  1.2868288429428967 
 201.269  1.1449315732971241  1.286386919838906 
 201.177  1.1446989695445486  1.2859450730401947 
 201.086  1.1444665242856664  1.2855028686123238 
 200.995  1.1442338512491566  1.2850607403327194 
 200.905  1.1440013368460904  1.2846182540761446 
 200.814  1.1437685945267408  1.2841758438102142 
 200.723  1.1435360109810393  1.283733075218687 
 200.632  1.143301027237749  1.2832884472646409 
 200.542  1.1430683740738141  1.2828453951305874 
 200.451  1.1428354927154538  1.2824024186698082 
 200.361  1.1426027704125503  1.2819590831826246 
 200.271  1.1423698197762775  1.281515823209251 
 200.18  1.1421370283370436  1.2810722038583824 
 200.09  1.1419040084254009  1.2806286598612409 
 200.0  1.141671147852843  1.2801847561346869 
