2e-07 1.329981892542173 1.2553516776147071
2.0009e-07 1.3299801086413534 1.2559586336267872
2.0018e-07 1.3299765951994844 1.2565634658776346
2.00271e-07 1.329975105373119 1.2571701479562098
2.00361e-07 1.3299737623117878 1.2577766925960157
2.00451e-07 1.3299725658160544 1.2583830997845367
2.00542e-07 1.329971515686693 1.2589893695095122
2.00632e-07 1.3299706117246899 1.2595955017589362
2.00723e-07 1.3299698537312432 1.260201496521054
2.00814e-07 1.3299692415077622 1.2608073537843645
2.00905e-07 1.329968774855868 1.2614130735376174
2.00995e-07 1.3299665764141524 1.2620166775359118
2.01086e-07 1.3299664002639244 1.262622123135414
2.01178e-07 1.3299663690920964 1.26322743119203
2.01269e-07 1.3299666802551335 1.2638324139651032
2.0136e-07 1.3299669383579844 1.2644374469009176
2.01451e-07 1.3299673408473345 1.2650423422638981
2.01543e-07 1.3299678875262877 1.2656471000445333
2.01634e-07 1.329968578198162 1.2662517202335566
2.01726e-07 1.3299675351420452 1.2668542317614162
2.01817e-07 1.3299685131687227 1.267458577634876
2.01909e-07 1.329969634600214 1.2680627858898101
2.02001e-07 1.3299708992406851 1.2686668565179264
2.02093e-07 1.3299723068945157 1.2692707895111743
2.02185e-07 1.3299738573662974 1.2698745848617448
2.02277e-07 1.3299755504608348 1.2704782425620678
2.02369e-07 1.3299773859831456 1.271081762604814
2.02461e-07 1.3299774858952211 1.2716831810589353
2.02553e-07 1.329979605652431 1.2722864266553329
2.02646e-07 1.3299818672544002 1.272889534573013
2.02738e-07 1.3299842705069977 1.273492504805596
2.02831e-07 1.3299870112532777 1.2740951495482689
2.02924e-07 1.3299896971368388 1.2746978443890697
2.03016e-07 1.3299925240899722 1.275300401527113
2.03109e-07 1.3299954919193995 1.2759028209569587
2.03202e-07 1.3299967223122908 1.2765031458486256
2.03295e-07 1.3298752436718977 1.2771085168189071
2.03388e-07 1.3291712366873738 1.2777285221975139
2.03481e-07 1.328469395031844 1.278350864800534
2.03575e-07 1.3277657641084604 1.2789718231214178
2.03668e-07 1.3270626146929736 1.27959297564333
2.03761e-07 1.3263597519819612 1.2802145100246478
2.03855e-07 1.3256569815215187 1.2808366143488967
2.03948e-07 1.324954694153528 1.28145891138166
2.04042e-07 1.3242525004411854 1.2820817777835907
2.04136e-07 1.3235507908724766 1.2827048358913902
2.0423e-07 1.3228493710780278 1.28332827388846
2.04324e-07 1.3221481248924645 1.283952204778924
2.04418e-07 1.3214472087171385 1.284576477064062
2.04512e-07 1.3207465842184 1.2852011281214202
2.04606e-07 1.3200462520049638 1.2858261575471048
2.047e-07 1.319346212684626 1.2864515649356045
2.04795e-07 1.3186464862824083 1.287077330926523
2.04889e-07 1.317947034558976 1.2877034930071436
2.04984e-07 1.3172497749739813 1.2883319718414987
2.05078e-07 1.3165509143254879 1.288958886082593
2.05173e-07 1.3158523689759174 1.2895861572378693
2.05268e-07 1.315154100754134 1.2902138228721682
2.05363e-07 1.31445612965248 1.2908418635839856
2.05458e-07 1.313758456271182 1.2914702789549746
2.05553e-07 1.3130611005553523 1.2920990495281826
2.05648e-07 1.3123640244024455 1.2927282129456998
2.05743e-07 1.3116672477647033 1.293357749757828
2.05838e-07 1.3109707712384295 1.2939876595398747
2.05934e-07 1.3102746147282531 1.2946179227869787
2.06029e-07 1.309578740200662 1.2952485772181157
2.06125e-07 1.3088831675674362 1.2958796033356514
2.06221e-07 1.3081878974208614 1.2965110007085998
2.06316e-07 1.307492949624726 1.2971427497844512
2.06412e-07 1.306800199240272 1.297776814685181
2.06508e-07 1.3061058411174247 1.2984093222867186
2.06604e-07 1.3054117878387739 1.2990421994024768
2.067e-07 1.3047180592268772 1.2996754264325956
2.06797e-07 1.3040246135424318 1.3003090450829329
2.06893e-07 1.3033314840725378 1.3009430223398426
2.06989e-07 1.3026386598626927 1.3015773692596502
2.07086e-07 1.3019461441863294 1.3022120827122015
2.07183e-07 1.3012539372403749 1.3028471626340434
2.07279e-07 1.3005620380706686 1.3034826101143548
2.07376e-07 1.2999984302554406 1.304186190183982
2.07473e-07 1.299990357851595 1.3051827575121875
2.0757e-07 1.2999826717791174 1.3061789490441087
2.07667e-07 1.2999734289540263 1.307172871500357
2.07764e-07 1.2999665129382936 1.3081683128561654
2.07861e-07 1.2999599806397462 1.3091633783699
2.07958e-07 1.2999538311896883 1.310158068030247
2.08056e-07 1.2999480637210534 1.3111523818275723
2.08153e-07 1.2999407352372636 1.312144433791188
2.08251e-07 1.2999357291581721 1.3131379972957864
2.08349e-07 1.2999311024707183 1.3141311849167636
2.08446e-07 1.2999268543143503 1.315123996651115
2.08544e-07 1.2999229648363222 1.316116451727906
2.08642e-07 1.299917548149931 1.3171066137515706
2.0874e-07 1.2999144304692931 1.318098299271457
2.08838e-07 1.2999116878954387 1.3190896089072828
2.08937e-07 1.2999093195759606 1.3200805426641347
2.09035e-07 1.2999073057385115 1.3210711197783243
2.09133e-07 1.2999056833914917 1.3220613017986351
2.09232e-07 1.2999025098311807 1.3230492186859122
2.0933e-07 1.2999016300767396 1.324038650446491
2.09429e-07 1.299901120340653 1.3250277063755629
2.09528e-07 1.299900960930552 1.3260164057160728
2.09627e-07 1.299901188719219 1.3270047100269233
2.09726e-07 1.2998998612190222 1.3279907564426923
2.09825e-07 1.2999008231930487 1.3289783106348896
2.09924e-07 1.2999021509900692 1.3299654890818067
2.10023e-07 1.2999038249972716 1.330952311032419
2.10122e-07 1.2999058819526434 1.3319387380563266
2.10222e-07 1.2999063796231574 1.332922914419654
2.10321e-07 1.2999091624377865 1.3339085915420548
2.10421e-07 1.2999123069206713 1.3348938930431216
2.10521e-07 1.299915793538127 1.3358788381772722
2.10621e-07 1.2999196588941686 1.3368633885253691
2.10721e-07 1.2999219610481332 1.3378456954429476
2.10821e-07 1.2999266186779932 1.3388294192867145
2.10921e-07 1.2999314472410208 1.3398129599037827
2.11021e-07 1.299936819076159 1.340795932865939
2.11121e-07 1.2999423604914235 1.3417787226663023
2.11222e-07 1.2999484432653845 1.3427609448997602
2.11322e-07 1.2999527721817932 1.3437411245858069
2.11423e-07 1.2999595626977711 1.3447225976569965
2.11523e-07 1.2999667057718272 1.3457036955122241
2.11624e-07 1.2999740150701107 1.3466846103886032
2.11725e-07 1.2999818609765927 1.347664957943244
2.11826e-07 1.2999879499787395 1.3486432701385216
2.11927e-07 1.299996495560395 1.3496228689783336
2.12028e-07 1.2999971066974239 1.3505337750021926
2.12129e-07 1.2999899760371756 1.3513988818247324
2.12231e-07 1.299985232947463 1.3522653607489432
2.12332e-07 1.2999805856026008 1.3531317463365053
2.12434e-07 1.2999762183028853 1.353997846435906
2.12535e-07 1.2999723148578173 1.3548634689136732
2.12637e-07 1.2999665844369876 1.355727155681691
2.12739e-07 1.2999630538814504 1.3565924006335826
2.12841e-07 1.2999599851605406 1.357457168023578
2.12943e-07 1.2999570096115156 1.3583218421412926
2.13045e-07 1.2999523895652487 1.3591843933537497
2.13147e-07 1.2999499670024075 1.3600484979255556
2.13249e-07 1.2999480035951831 1.3609121250290563
2.13352e-07 1.2999461316609955 1.3617756589175714
2.13454e-07 1.2999445342844669 1.3626389074938596
2.13557e-07 1.2999414730914343 1.3634998472545306
2.1366e-07 1.299940423135069 1.3643625264938137
2.13763e-07 1.2999396461088029 1.36522492048947
2.13865e-07 1.299939324250857 1.366086837186339
2.13968e-07 1.299937170599932 1.3669468341919362
2.14072e-07 1.2999372090616905 1.3678083738240154
2.14175e-07 1.2999377007130832 1.368669436253772
2.14278e-07 1.299938280062243 1.3695304056395325
2.14382e-07 1.299939129110477 1.3703910899420302
2.14485e-07 1.2999385089506914 1.3712494765916765
2.14589e-07 1.29993989573795 1.3721095920265234
2.14692e-07 1.2999415506218794 1.3729694224684015
2.14796e-07 1.2999436547652847 1.3738287759267986
2.149e-07 1.2999439239684647 1.3746862207291268
2.15004e-07 1.2999463799011555 1.3755451975918924
2.15108e-07 1.299949283143132 1.376403697591787
2.15212e-07 1.299952270372876 1.3772621047743945
2.15317e-07 1.2999555225185129 1.3781202271668391
2.15421e-07 1.2999571192575181 1.378976255019754
2.15526e-07 1.2999610805901747 1.379833617161567
2.1563e-07 1.2999651242826393 1.3806908866039413
2.15735e-07 1.299969430789329 1.3815478714061025
2.1584e-07 1.2999722606021673 1.3824025746269097
2.15945e-07 1.2999770911295045 1.3832589914623825
2.1605e-07 1.29998218290481 1.3841151237776266
2.16155e-07 1.2999877155553614 1.3849707796898993
2.1626e-07 1.2999933281474407 1.385826343099257
2.16365e-07 1.299997281348513 1.386679822999356
2.16471e-07 1.2999965807411107 1.3875421110505366
2.16576e-07 1.2999900963618394 1.3884067309829873
2.16682e-07 1.299983884728501 1.3892710680618827
2.16788e-07 1.2999800435340518 1.3901367247817011
2.16894e-07 1.2999743755977116 1.3910004950432835
2.17e-07 1.2999689788046924 1.391863982526495
2.17106e-07 1.2999657711925756 1.3927289780399874
2.17212e-07 1.2999609150154612 1.3935918988598617
2.17318e-07 1.2999563283872104 1.3944545369835322
2.17424e-07 1.2999539291158388 1.3953186796655836
2.17531e-07 1.2999498799197589 1.3961807513009894
2.17637e-07 1.2999460986863514 1.3970425403293436
2.17744e-07 1.299944502984867 1.3979058304623289
2.17851e-07 1.2999412560164507 1.3987670531913552
2.17958e-07 1.2999382754327709 1.3996279934093654
2.18065e-07 1.2999357387248236 1.4004884593648221
2.18172e-07 1.2999352069829764 1.401350613641666
2.18279e-07 1.299933022211325 1.402210705363309
2.18386e-07 1.2999311017337682 1.4030705147122036
2.18494e-07 1.299931362527912 1.403931817177627
2.18601e-07 1.2999299689904003 1.4047910607201992
2.18709e-07 1.299928838188253 1.4056500220017292
2.18817e-07 1.2999298868303408 1.4065104730057088
2.18925e-07 1.2999292798560425 1.4073688687146129
2.19033e-07 1.2999289340665883 1.4082269822807318
2.19141e-07 1.2999307658933268 1.4090865821928795
2.19249e-07 1.2999309408359603 1.4099441304330695
2.19357e-07 1.2999315520334935 1.410801204979712
2.19465e-07 1.2999322456331963 1.4116581892359652
2.19574e-07 1.2999351144120956 1.4125166553643138
2.19682e-07 1.2999363246425983 1.4133730746428228
2.19791e-07 1.2999377924723412 1.4142292120790971
2.199e-07 1.299941433652194 1.4150868280518059
2.20009e-07 1.2999434150551934 1.4159424007866137
2.20118e-07 1.2999456525341604 1.416797691818583
2.20227e-07 1.29995006153383 1.4176544580686117
2.20336e-07 1.2999528095448365 1.418509184687753
2.20446e-07 1.2999558121166763 1.4193636297495886
2.20555e-07 1.2999609843795659 1.4202195467282832
2.20665e-07 1.299964494458519 1.4210734276781032
2.20774e-07 1.2999684327045102 1.4219268356804513
2.20884e-07 1.2999743635838992 1.422781903868391
2.20994e-07 1.2999786311008397 1.4236349396242045
2.21104e-07 1.299983150172813 1.4244876941319047
2.21214e-07 1.2999879203022817 1.4253401674448987
2.21324e-07 1.2999948558541978 1.4261941050387834
2.21435e-07 1.3000116308375154 1.4270410787054506
2.21545e-07 1.3002441491597796 1.4278164613927935
2.21656e-07 1.3004767201162624 1.428591508992109
2.21766e-07 1.3007074299540275 1.4293644805778587
2.21877e-07 1.3009401058628864 1.430138860056092
2.21988e-07 1.301170920985016 1.4309111662213676
2.22099e-07 1.301403700886797 1.43168487897367
2.2221e-07 1.3016346203372273 1.4324565211064657
2.22321e-07 1.3018675032785905 1.4332295685244674
2.22432e-07 1.302098526107341 1.434000548009278
2.22544e-07 1.3023315111410183 1.4347729314810926
2.22655e-07 1.3025624630736719 1.4355434407249925
2.22767e-07 1.3027955493575858 1.4363151615943954
2.22879e-07 1.3030267762159782 1.4370848198821826
2.22991e-07 1.3032599627154597 1.437855879571072
2.23103e-07 1.30349129013805 1.438624879343381
2.23215e-07 1.3037245759238067 1.4393952792293396
2.23327e-07 1.3039560029845378 1.4401636218567015
2.23439e-07 1.3041893871331889 1.4409333633138082
2.23552e-07 1.3044209129118864 1.4417010501632714
2.23664e-07 1.304654394505923 1.4424701345621047
2.23777e-07 1.3048860180882536 1.4432371669972397
2.2389e-07 1.3051195962159994 1.4440055957048825
2.24003e-07 1.3053513166934327 1.4447719750857844
2.24116e-07 1.305584990449005 1.445539749465828
2.24229e-07 1.3058168069187752 1.4463054771491204
2.24342e-07 1.3060505754020464 1.4470725985616673
2.24455e-07 1.3062824869671126 1.447837675900508
2.24569e-07 1.3065163492836718 1.4486041457021768
2.24683e-07 1.3067483550526813 1.4493685740462596
2.24796e-07 1.3069823103137954 1.4501343935901891
2.2491e-07 1.3072144094010445 1.4508981742857496
2.25024e-07 1.307448456723621 1.4516633449216034
2.25138e-07 1.3076806482490184 1.452426479311422
2.25252e-07 1.3079147867555676 1.4531910023853924
2.25366e-07 1.3081470698445958 1.4539534918087997
2.25481e-07 1.308381298663193 1.4547173686636121
2.25595e-07 1.3086136724468722 1.455479214456493
2.2571e-07 1.3088479907111217 1.4562424464314105
2.25825e-07 1.309080454325972 1.4570036499262082
2.2594e-07 1.309314861174968 1.4577662383570373
2.26055e-07 1.3095474137629737 1.4585268008827583
2.2617e-07 1.3097819083412672 1.4592887471018516
2.26285e-07 1.3099840757288426 1.4600559162796303
2.264e-07 1.3097436961598647 1.4609194192803738
2.26516e-07 1.3095037080088414 1.4617828023646007
2.26631e-07 1.3092641108484075 1.4626460651694486
2.26747e-07 1.3090249042510274 1.463509207333323
2.26863e-07 1.3087841896081585 1.4643705319925977
2.26979e-07 1.3085455931362708 1.4652336227770486
2.27095e-07 1.3083075555956427 1.4660964020243163
2.27211e-07 1.308069906907679 1.4669590591960855
2.27327e-07 1.3078326466440442 1.4678215939370716
2.27443e-07 1.3075957743762543 1.4686840058932473
2.2756e-07 1.3073592896756805 1.4695462947118405
2.27677e-07 1.3071211238397182 1.4704069614865158
2.27793e-07 1.306885412929831 1.4712690041351293
2.2791e-07 1.3066500883018044 1.472130922594561
2.28027e-07 1.3064151495264626 1.4729927165170404
2.28144e-07 1.3061805961745039 1.4738543855560435
2.28262e-07 1.305946427816502 1.4747159293662904
2.28379e-07 1.3057105754226441 1.4755758559865815
2.28496e-07 1.3054771757146395 1.476437149462134
2.28614e-07 1.3052441597129536 1.4772983166797338
2.28732e-07 1.3050115269876987 1.4781593572990586
2.2885e-07 1.3047792771088815 1.479020270981022
2.28967e-07 1.3045474096464056 1.4798810573877708
2.29086e-07 1.3043157566853893 1.4807419063218885
2.29204e-07 1.3040827513302806 1.4816007634707653
2.29322e-07 1.303852028495459 1.4824611671850707
2.29441e-07 1.3036216863569583 1.4833214422842271
2.29559e-07 1.3033917244842186 1.484181588436518
2.29678e-07 1.3031621424465964 1.4850416053114484
2.29797e-07 1.30293293981337 1.4859014925797438
2.29916e-07 1.302703949460843 1.4867614401580633
2.30035e-07 1.30247360186342 1.4876194014434843
2.30154e-07 1.3022455348276802 1.488478899070669
2.30273e-07 1.302017845474026 1.4893382657854546
2.30392e-07 1.3017905333713882 1.4901975012646356
2.30512e-07 1.3015635980886378 1.4910566051862153
2.30632e-07 1.3013368731776749 1.4919157675592305
2.30752e-07 1.3011106903535399 1.492774607418101
2.30871e-07 1.300882979483944 1.4936316568388017
2.30991e-07 1.3006575471467927 1.4944902324705611
2.31112e-07 1.3004324894743908 1.4953486749519531
2.31232e-07 1.30020780603532 1.4962069839681875
2.31352e-07 1.300031813443875 1.4970633640451465
2.31473e-07 1.3004642132415882 1.497911269041682
2.31594e-07 1.3008965097161578 1.4987587294130038
2.31714e-07 1.3013269659494215 1.4996039051386627
2.31835e-07 1.3017590563442585 1.5004504792809041
2.31956e-07 1.3021910433877588 1.501296610759946
2.32078e-07 1.3026210271912166 1.5021406526955792
2.32199e-07 1.3030529728540485 1.5029857118628154
2.3232e-07 1.303484650387631 1.5038305203034563
2.32442e-07 1.3039143267285287 1.5046732440792296
2.32564e-07 1.3043457981785693 1.5055171740056934
2.32685e-07 1.3047773304961654 1.5063604755093316
2.32807e-07 1.3052066993040565 1.5072018869110366
2.32929e-07 1.3056378611351336 1.508044503464512
2.33052e-07 1.3060690835249575 1.5088864937230113
2.33174e-07 1.3064981447396786 1.5097265984966357
2.33296e-07 1.3069289969005962 1.5105679074240912
2.33419e-07 1.3073597456321355 1.5114087814020805
2.33542e-07 1.307788662887699 1.5122473960227525
2.33665e-07 1.308219205337273 1.5130874030317238
2.33788e-07 1.3086496443463962 1.5139269769866543
2.33911e-07 1.3090780903301389 1.5147644855166107
2.34034e-07 1.309508486337146 1.5156030073172206
2.34157e-07 1.3099386155957264 1.5164412869045898
2.34281e-07 1.3103667538651385 1.5172775058093562
2.34404e-07 1.310796676902818 1.5181149258799451
2.34528e-07 1.3112247731297726 1.5189500997956527
2.34652e-07 1.3116544898449534 1.5197866629005614
2.34776e-07 1.3120841031054902 1.5206227979423885
2.349e-07 1.312511728763971 1.5214568801457988
2.35024e-07 1.3129412982379787 1.522291973511924
2.35149e-07 1.3133706017183924 1.5231268290783049
2.35273e-07 1.3137979196265444 1.5239596364782881
2.35398e-07 1.3142270168776335 1.524793642395942
2.35523e-07 1.3146561727466892 1.5256270358580348
2.35648e-07 1.3150831829081484 1.5264585739442216
2.35773e-07 1.3155119703933849 1.5272913095569833
2.35898e-07 1.315940654434278 1.5281236226146484
2.36023e-07 1.3163675186498087 1.5289537089644845
2.36149e-07 1.3167959963901108 1.5297851797259068
2.36275e-07 1.317224370695433 1.5306162297434256
2.364e-07 1.3176507655024765 1.5314452454558283
2.36526e-07 1.3180790949437822 1.5322752691758161
2.36652e-07 1.3185071595459497 1.5331050615577293
2.36778e-07 1.3189332466694388 1.533932824203846
2.36905e-07 1.3193611051093213 1.5347617814095087
2.37031e-07 1.3197890210958627 1.5355901341846319
2.37157e-07 1.3199971126629648 1.536484421476041
2.37284e-07 1.3199915200439185 1.5374454829319493
2.37411e-07 1.3199843561765463 1.5384045958559835
2.37538e-07 1.3199793645330828 1.539364973874994
2.37665e-07 1.3199746723311052 1.540325009728664
2.37792e-07 1.3199702789314758 1.541284703506279
2.3792e-07 1.3199661836963368 1.542244055297952
2.38047e-07 1.3199605148836449 1.5432014647646937
2.38175e-07 1.319957014245296 1.5441601340066244
2.38302e-07 1.31995380986641 1.5451184615364777
2.3843e-07 1.3199509011142374 1.5460764474476312
2.38558e-07 1.3199482873573023 1.5470340918342669
2.38687e-07 1.3199440977473764 1.5479898000885328
2.38815e-07 1.3199420722721553 1.5489467628534275
2.38943e-07 1.319940339906226 1.5499033843797372
2.39072e-07 1.3199389000231898 1.550859664764813
2.39201e-07 1.319935882504775 1.551814013960326
2.3933e-07 1.3199350258973641 1.552769613494119
2.39459e-07 1.3199346186897556 1.5537246852694562
2.39588e-07 1.3199343425719394 1.5546796032304593
2.39717e-07 1.3199343558249665 1.5556341805473
2.39846e-07 1.319932789262673 1.556586832839961
2.39976e-07 1.3199333795902917 1.557540730304235
2.40106e-07 1.3199342574368724 1.5584942874311178
2.40236e-07 1.3199354221873554 1.5594475043248208
2.40366e-07 1.3199350054154613 1.560398801114995
2.40496e-07 1.31993674232496 1.5613513389815337
2.40626e-07 1.3199387643015001 1.5623035369305704
2.40756e-07 1.3199410707350199 1.563255395069248
2.40887e-07 1.3199436610167061 1.5642069135054306
2.41018e-07 1.3199446676889235 1.5651565179752547
2.41148e-07 1.3199478240408524 1.566107358449663
2.41279e-07 1.319951262422757 1.5670578595480862
2.41411e-07 1.31995498223079 1.5680080213812317
2.41542e-07 1.3199589828623428 1.568957844060506
2.41673e-07 1.3199613978481957 1.56990575889426
2.41805e-07 1.3199659585231922 1.570854904712733
2.41937e-07 1.3199707982220688 1.5718037117143493
2.42068e-07 1.3199759163471514 1.5727521800132729
2.422e-07 1.31997960367084 1.5736985588437915
2.42332e-07 1.3199852769521305 1.5746463512072775
2.42465e-07 1.3199912268748737 1.5755938052133343
2.42597e-07 1.3199974528463034 1.5765409209788144
2.4273e-07 1.3201085988380816 1.5776050560030046
2.42862e-07 1.3203182675059166 1.5787784288841245
2.42995e-07 1.320528012209466 1.579951338184149
2.43128e-07 1.3207379880248153 1.5811235982717595
2.43261e-07 1.320948349504715 1.5822950237105688
2.43395e-07 1.321158784699393 1.5834659877586184
2.43528e-07 1.3213713094718196 1.584637856892
2.43662e-07 1.32158235515724 1.5858073405880542
2.43795e-07 1.321793472264437 1.5869763650794795
2.43929e-07 1.3220048151008967 1.5881447450248216
2.44063e-07 1.3222163827812043 1.5893124811990282
2.44197e-07 1.3224283289688092 1.5904793885049995
2.44332e-07 1.3226403435643492 1.591645839508281
2.44466e-07 1.322854438094463 1.5928131919299942
2.44601e-07 1.3230670498976294 1.5939781737918548
2.44736e-07 1.3232797278801878 1.5951427015219246
2.44871e-07 1.32349262546319 1.5963065901184046
2.45006e-07 1.3237058955565135 1.5974696547762874
2.45141e-07 1.3239192296279596 1.5986322674645006
2.45276e-07 1.3241327807220813 1.5997942433271823
2.45412e-07 1.3243485556395531 1.6009569315957786
2.45547e-07 1.3245625376005281 1.6021176348866366
2.45683e-07 1.3247767340348056 1.6032777036558348
2.45819e-07 1.324991297106608 1.6044369533915166
2.45955e-07 1.325205919833685 1.6055957554634488
2.46091e-07 1.3254207545133978 1.6067539253086842
2.46228e-07 1.3256378042240946 1.6079128048461082
2.46364e-07 1.3258530596867009 1.609069711317874
2.46501e-07 1.3260685246090285 1.6102259878534952
2.46638e-07 1.326284350417458 1.6113814502352501
2.46775e-07 1.3265002316627095 1.6125364692313853
2.46912e-07 1.3267163199027896 1.6136908605728673
2.47049e-07 1.3269327661981194 1.614844440189269
2.47187e-07 1.3271511136530836 1.6159990960612014
2.47325e-07 1.3273678173724208 1.6171516077956403
2.47462e-07 1.327584876345066 1.6183033102296194
2.476e-07 1.327801986637967 1.6194545735276837
2.47738e-07 1.3280192990775082 1.6206052137156404
2.47877e-07 1.3282369639977967 1.621755047018533
2.48015e-07 1.328456523008465 1.6229059533823087
2.48153e-07 1.3286744364903063 1.6240547275824277
2.48292e-07 1.3288926997086052 1.6252026973085003
2.48431e-07 1.3291110102300283 1.6263502321193573
2.4857e-07 1.3293295181569686 1.6274971483364997
2.48709e-07 1.3295483731047777 1.6286432624812475
2.48849e-07 1.3297672733837362 1.6297889438091104
2.48988e-07 1.3299882100140736 1.6309355103057996
2.49128e-07 1.3299902794568166 1.6322638093916133
2.49267e-07 1.3299784045993381 1.6336017129951232
2.49407e-07 1.3299689177339795 1.6349404644018364
2.49548e-07 1.329960125855367 1.6362783798502087
2.49688e-07 1.3299498883149938 1.6376143335440931
2.49828e-07 1.3299420331136693 1.6389511314992038
2.49969e-07 1.3299348677036997 1.640287094485004
2.5011e-07 1.3299262532344476 1.6416211009371853
2.5025e-07 1.3299200154793345 1.6429559481533742
2.50391e-07 1.3299144623626606 1.6442899614123307
2.50533e-07 1.329909294812759 1.6456235087131474
2.50674e-07 1.329902822432499 1.646954922611401
2.50816e-07 1.3298987193090386 1.6482871726795125
2.50957e-07 1.3298952940185702 1.649618590175541
2.51099e-07 1.3298904119340837 1.6509480633121705
2.51241e-07 1.3298878935471787 1.6522783692233436
2.51383e-07 1.3298860479385342 1.6536078436260433
2.51526e-07 1.3298827423023158 1.6549353788814616
2.51668e-07 1.3298817948325836 1.6562637435587164
2.51811e-07 1.329881367893285 1.6575914613286695
2.51954e-07 1.3298797722106115 1.6589168781270953
2.52097e-07 1.3298803819566667 1.6602433045530434
2.5224e-07 1.3298815076906676 1.6615690850812082
2.52383e-07 1.3298832945696362 1.6628940366648108
2.52527e-07 1.329883321021701 1.6642174279617759
2.5267e-07 1.3298861325466902 1.6655410909191022
2.52814e-07 1.3298894537788482 1.6668641094199022
2.52958e-07 1.3298914506460118 1.6681850228620785
2.53102e-07 1.3298957871613695 1.6695067549158218
2.53246e-07 1.3299006289338862 1.6708278435669985
2.53391e-07 1.3299041428910974 1.6721468324518944
2.53535e-07 1.329909991088668 1.6734666367745312
2.5368e-07 1.3299163401317613 1.6747857987663555
2.53825e-07 1.3299213579577367 1.6761028662800357
2.5397e-07 1.3299272535345668 1.6774225763635102
2.54116e-07 1.329935098089644 1.6787398146022243
2.54261e-07 1.3299434376645467 1.6800564119656796
2.54407e-07 1.3299504415581758 1.6813709218970057
2.54552e-07 1.3299597671799663 1.6826862400095244
2.54698e-07 1.3299695834985321 1.6840009183581992
2.54845e-07 1.329978060845468 1.6853135145516016
2.54991e-07 1.3299888546056415 1.686626915881288
2.55137e-07 1.3300001347770776 1.687939678574754
2.55284e-07 1.3304421183875188 1.689374508621303
2.55431e-07 1.3309063562241619 1.690813925018917
2.55578e-07 1.331372464355467 1.6922537158605824
2.55725e-07 1.3318367910353754 1.693691010177301
2.55872e-07 1.332301161272647 1.6951272472379304
2.5602e-07 1.3327655742139841 1.696562429092997
2.56167e-07 1.3332300290113617 1.6979965577873344
2.56315e-07 1.333696345585461 1.6994310642765162
2.56463e-07 1.3341608807238496 1.7008630913903209
2.56611e-07 1.3346254552061771 1.702294071447203
2.56759e-07 1.3350900682051723 1.7037240064693846
2.56908e-07 1.33555471889867 1.705152898473479
2.57057e-07 1.3360194064695792 1.7065807494705099
2.57205e-07 1.3364859457898015 1.7080089822052051
2.57354e-07 1.3369507038405692 1.7094347558476146
2.57504e-07 1.3374154963482747 1.7108594944858864
2.57653e-07 1.3378803225157982 1.7122832001088417
2.57802e-07 1.3383451815509324 1.7137058746997975
2.57952e-07 1.3388118841358954 1.7151289342505731
2.58102e-07 1.3392768057087696 1.7165495513702727
2.58252e-07 1.3397417578024977 1.7179691433782291
2.58402e-07 1.340206739644218 1.7193877122358951
2.58553e-07 1.340671750465827 1.7208052598993022
2.58703e-07 1.3411367895039503 1.7222217883190778
2.58854e-07 1.3416036624355574 1.7236387054892046
2.59005e-07 1.3420687547991883 1.7250531999356553
2.59156e-07 1.3425338731179883 1.7264666809612013
2.59307e-07 1.3429990166472023 1.7278791504950086
2.59459e-07 1.3434641846466564 1.7292906104609211
2.5961e-07 1.3439293763807283 1.7307010627774784
2.59762e-07 1.344396392545387 1.732111907553623
2.59914e-07 1.3448616287279738 1.7335203490080116
2.60066e-07 1.345326886466049 1.73492778854004
2.60219e-07 1.3457921650419151 1.7363342280471825
2.60371e-07 1.346257463742284 1.7377396694216904
2.60524e-07 1.3467245791306817 1.7391455062859782
2.60677e-07 1.3471899151293443 1.740548955768326
2.6083e-07 1.3476552691395476 1.7419514127666094
2.60983e-07 1.3481206404653694 1.7433528791523412
2.61137e-07 1.3485860284151614 1.744753356791893
2.6129e-07 1.3490514323015215 1.7461528475465102
2.61444e-07 1.3495186437522273 1.7475527373543984
2.61598e-07 1.349984076642337 1.7489502586374097
2.61752e-07 1.3506270416650923 1.750135253538137
2.61906e-07 1.3512766389577644 1.7513105250049155
2.62061e-07 1.3519277434076047 1.7524864117576426
2.62216e-07 1.3525767770702295 1.7536601546108324
2.6237e-07 1.353225529834352 1.7548331358267268
2.62526e-07 1.3538757878118401 1.7560067337066596
2.62681e-07 1.3545239787236252 1.7571781949868601
2.62836e-07 1.3551718896226144 1.758348898945635
2.62992e-07 1.355821303801899 1.75952022092475
2.63148e-07 1.35646865462215 1.760689413545849
2.63304e-07 1.3571175074396458 1.7618592250799148
2.6346e-07 1.3577642993621613 1.7630269120527968
2.63616e-07 1.3584108127439092 1.7641938488101492
2.63773e-07 1.3590588262074124 1.7653614058011662
2.63929e-07 1.3597047824579487 1.766526845377397
2.64086e-07 1.3603504610478063 1.76769153894931
2.64243e-07 1.3609976378142967 1.768856854054645
2.64401e-07 1.361642761035101 1.7700200588352928
2.64558e-07 1.3622876074731236 1.771182521784485
2.64716e-07 1.3629339501928923 1.7723456075462263
2.64874e-07 1.3635782430195655 1.7735065900177323
2.65032e-07 1.3642222599391194 1.7746668347927725
2.6519e-07 1.3648677712556387 1.7758277036391608
2.65348e-07 1.3655112363170063 1.7769864761747622
2.65507e-07 1.3661544263446412 1.7781445151114843
2.65666e-07 1.3667991088944405 1.7793031793583227
2.65825e-07 1.3674417488124304 1.7804597542194538
2.65984e-07 1.3680858800079703 1.7816169552059116
2.66143e-07 1.3687279709803029 1.7827720713943935
2.66303e-07 1.369369788369827 1.7839264607320633
2.66462e-07 1.3700130951784573 1.7850814774010895
2.66622e-07 1.3706543653629844 1.786234416107977
2.66782e-07 1.3712953628318245 1.787386631964127
2.66943e-07 1.3719378478709798 1.7885394763384048
2.67103e-07 1.3725782998706602 1.7896902495336537
2.67264e-07 1.3732184800193599 1.7908403038424954
2.67425e-07 1.373860145899119 1.7919909878372569
2.67586e-07 1.3744997823096041 1.7931396073839732
2.67747e-07 1.3751391477313655 1.7942875119733028
2.67909e-07 1.3757799970543494 1.7954360473976414
2.6807e-07 1.3764188204638825 1.7965825250533822
2.68232e-07 1.377057373744467 1.7977282916458783
2.68394e-07 1.3776974091057428 1.798874690204039
2.68557e-07 1.3783354220950628 1.8000190376220957
2.68719e-07 1.3789749159562743 1.8011640177498032
2.68882e-07 1.379612389799684 1.802306951129245
2.69044e-07 1.3804653416726411 1.803406376710297
2.69208e-07 1.3816466788188462 1.804441061683963
2.69371e-07 1.3828270756810377 1.805475206486251
2.69534e-07 1.38400653438599 1.8065088118310184
2.69698e-07 1.3851863925721797 1.8075401357002086
2.69862e-07 1.386363980646583 1.808572665621771
2.70026e-07 1.3875423769232769 1.8096059924077108
2.7019e-07 1.38871810210196 1.810637447725433
2.70354e-07 1.389894232509039 1.811666629808556
2.70519e-07 1.3910681038388806 1.812697015366302
2.70684e-07 1.3922410516909531 1.813726866430977
2.70849e-07 1.3934130781317409 1.814756183708592
2.71014e-07 1.3945855154389084 1.815783235926581
2.7118e-07 1.3957557045677214 1.8168114890745646
2.71345e-07 1.3969267077596845 1.817840539445721
2.71511e-07 1.3980950670908434 1.81886772928208
2.71677e-07 1.399263842823751 1.8198926621737588
2.71843e-07 1.4004303811513403 1.8209187934808317
2.7201e-07 1.4015960123330418 1.8219443959100081
2.72177e-07 1.402760738377329 1.8229694701593084
2.72343e-07 1.4039258862540602 1.82399229551395
2.7251e-07 1.4050905274706051 1.8250176411168257
2.72678e-07 1.4062525481258952 1.8260411356567443
2.72845e-07 1.407413671610667 1.8270641047967142
2.73013e-07 1.4085752222602035 1.8280848330330248
2.73181e-07 1.409734556667042 1.8291067547470328
2.73349e-07 1.410892999803364 1.830128153134128
2.73517e-07 1.412050553621804 1.831149028884226
2.73686e-07 1.4132085398369396 1.8321676716578248
2.73854e-07 1.4143660299455743 1.8331888246070027
2.74023e-07 1.415520925529848 1.8342081372114991
2.74193e-07 1.4166749395423266 1.8352269299264479
2.74362e-07 1.4178293910890916 1.8362434975340456
2.74531e-07 1.4189816470639927 1.837261253797195
2.74701e-07 1.4201330272042658 1.8382784922193787
2.74871e-07 1.4212835334087806 1.8392952134823135
2.75041e-07 1.4224361830099481 1.8403110320638494
2.75212e-07 1.4235849451095925 1.8413267216718172
2.75382e-07 1.4247328389341984 1.842341896157578
2.75553e-07 1.4258798663564936 1.843356556198722
2.75724e-07 1.4270260292427508 1.844370702471803
2.75895e-07 1.4281726408777073 1.8453826411212402
2.76067e-07 1.4293170796283083 1.8463957631334609
2.76239e-07 1.4303505739355549 1.8471905057025848
2.7641e-07 1.4312176539451449 1.8476644643885547
2.76583e-07 1.4320856278428786 1.848136695559647
2.76755e-07 1.4329535657026393 1.848611890435607
2.76927e-07 1.4338207075851732 1.849084049333628
2.771e-07 1.4346861253236316 1.849557860191493
2.77273e-07 1.4355524380675222 1.8500299463634653
2.77446e-07 1.436418336879413 1.850501996357588
2.7762e-07 1.4372825137061613 1.85097569519578
2.77793e-07 1.438149270685691 1.851448979792256
2.77967e-07 1.4390126219301735 1.8519226026144704
2.78141e-07 1.4398768695547448 1.8523945042778471
2.78315e-07 1.4407393980670096 1.8528680506561954
2.7849e-07 1.4416028235017866 1.8533398772832586
2.78665e-07 1.4424645312558964 1.8538133465727593
2.7884e-07 1.4433271364709868 1.8542850975169751
2.79015e-07 1.4441897037026141 1.8547597958443687
2.7919e-07 1.445051489801395 1.855231470242253
2.79366e-07 1.4459115610769997 1.855704783217451
2.79541e-07 1.4467725308790595 1.8561763806562672
2.79717e-07 1.447633093153071 1.8566479398076328
2.79894e-07 1.4484919427379546 1.8571211344919785
2.8007e-07 1.449353364761645 1.8575939211641233
2.80247e-07 1.4502114015405336 1.8580670357008537
2.80424e-07 1.4510703381565289 1.8585384382029075
2.80601e-07 1.4519275649230128 1.8590114722032431
2.80778e-07 1.4527856920436752 1.8594827955662347
2.80956e-07 1.4536421107298771 1.8599557484217768
2.81134e-07 1.4545010983012843 1.8604282961080876
2.81312e-07 1.455356709986561 1.8609011669895064
2.8149e-07 1.456213223049015 1.8613723300250273
2.81668e-07 1.4570680305013184 1.8618451185608835
2.81847e-07 1.4579237398364604 1.8623162006433631
2.82026e-07 1.4587790479116935 1.862787242447765
2.82205e-07 1.4596326524860013 1.8632599067771838
2.82385e-07 1.460488821806103 1.8637321692294144
2.82564e-07 1.4613416260792516 1.8642047495143745
2.82744e-07 1.4621953334840527 1.8646756268216036
2.82924e-07 1.463047340194419 1.865148122710356
2.83104e-07 1.4639002505290153 1.8656189170082176
2.83285e-07 1.4647514615676918 1.8660913279270899
2.83466e-07 1.4656052338086836 1.8665633397684114
2.83647e-07 1.4664556502279829 1.8670356649206186
2.83828e-07 1.4673069712458886 1.8675062912522629
2.84009e-07 1.4681565957591163 1.8679785303024756
2.84191e-07 1.4690071253525059 1.868449071914039
2.84373e-07 1.4698572598212565 1.8689195713698468
2.84555e-07 1.4703893898091684 1.8691749403582798
2.84738e-07 1.4708559998275894 1.8693842227398885
2.8492e-07 1.471323799840799 1.8695918602673598
2.85103e-07 1.4717901903931583 1.86980115641678
2.85286e-07 1.4722581219906556 1.870011758724381
2.8547e-07 1.4727255924276292 1.8702194177666192
2.85653e-07 1.473191653833436 1.8704287339870758
2.85837e-07 1.473659255134809 1.8706393560075871
2.86021e-07 1.47412509732089 1.8708486851029194
2.86205e-07 1.4745921293458342 1.8710563721942428
2.8639e-07 1.475057752913409 1.871265714544558
2.86575e-07 1.4755249148478777 1.8714763622169628
2.8676e-07 1.475990319680333 1.8716857171518009
2.86945e-07 1.4764569142596609 1.8718934317062925
2.8713e-07 1.4769237471745118 1.8721040983257315
2.87316e-07 1.4773888244946434 1.8723134723495596
2.87502e-07 1.477853792939346 1.8725228525455198
2.87688e-07 1.4783215959322396 1.8727318924500762
2.87874e-07 1.4787863462825763 1.8729412852387477
2.88061e-07 1.4792509879378968 1.8731506840922445
2.88248e-07 1.479715520958196 1.8733600889750441
2.88435e-07 1.480182886671323 1.8735691548471465
2.88623e-07 1.4806472020783719 1.8737785720363307
2.8881e-07 1.4811114090303403 1.873987995148272
2.88998e-07 1.4815784472848854 1.8741970802077066
2.89186e-07 1.4820424369837102 1.8744065154124423
2.89375e-07 1.4825063184070413 1.8746159564339568
2.89563e-07 1.4829700916145985 1.8748254032371683
2.89752e-07 1.4834366942736636 1.8750345132603758
2.89941e-07 1.4839002507069887 1.875243971873597
2.90131e-07 1.4843636991036553 1.8754534361632886
2.9032e-07 1.4848286782791909 1.8756642033797866
2.9051e-07 1.4852932075456888 1.8758720405137876
2.907e-07 1.4857563316686813 1.8760815219743454
2.90891e-07 1.4862193479932213 1.8762910089720612
2.91081e-07 1.4866838935905544 1.8765017984168229
2.91272e-07 1.4871479909209404 1.876709659723685
2.91463e-07 1.4876106836862537 1.8769191634744111
2.91655e-07 1.4880749045966872 1.8771299693123114
2.91846e-07 1.4885373818655676 1.8773394837405402
2.92038e-07 1.489001048209348 1.877547368661717
2.9223e-07 1.4894649449697135 1.8777581905808938
2.92423e-07 1.489927099570446 1.8779677212440051
2.92615e-07 1.4907895243472797 1.8782128223136982
2.92808e-07 1.4917281630663828 1.8784655739420417
2.93001e-07 1.4926651388639334 1.878720100701455
2.93195e-07 1.4936030445218293 1.878973138340428
2.93388e-07 1.4945405840167485 1.8792263188006717
2.93582e-07 1.495474832470665 1.8794799745017672
2.93776e-07 1.4964116412763147 1.8797334385883744
2.93971e-07 1.4973467885937433 1.8799886715913998
2.94165e-07 1.4982828668903212 1.8802424176730725
2.9436e-07 1.4992185802990445 1.8804963045733118
2.94555e-07 1.500151008299341 1.8807506606941629
2.94751e-07 1.501085993568613 1.8810048272367272
2.94947e-07 1.502020614715384 1.8812591334077238
2.95143e-07 1.5029535761141617 1.881515201095741
2.95339e-07 1.5038858483667907 1.8817684886611055
2.95535e-07 1.5048180837411287 1.8820248311736811
2.95732e-07 1.5057512518584721 1.8822796902887085
2.95929e-07 1.506684057130722 1.8825346870673838
2.96126e-07 1.5076152041224107 1.8827914392468057
2.96324e-07 1.508545667210847 1.8830454137010662
2.96522e-07 1.5094760907381954 1.8833024368141895
2.9672e-07 1.510407448094373 1.8835579787357106
2.96918e-07 1.5113384438840176 1.8838136563794636
2.97117e-07 1.512266168881782 1.8840697878646593
2.97315e-07 1.5131964431727827 1.8843257350125961
2.97515e-07 1.5141250612618202 1.8845834290742105
2.97714e-07 1.515054614252877 1.8848396441525028
2.97914e-07 1.5159838069569118 1.8850959930347235
2.98114e-07 1.5169097344802165 1.8853527899469744
2.98314e-07 1.5178382082436508 1.8856094045173555
2.98514e-07 1.5187663224877068 1.8858661517517177
2.98715e-07 1.5196927823335633 1.8861246386908601
2.98916e-07 1.5206185717510603 1.8863803542112696
2.99117e-07 1.5215443147962435 1.886639102183767
2.99319e-07 1.5224709944345505 1.886896374710209
2.99521e-07 1.523397315834105 1.8871537780187801
2.99723e-07 1.5243219843541067 1.8874129150732335
2.99925e-07 1.5252459875687125 1.887669283162296
3.00128e-07 1.5261699418534376 1.8879286775238424
3.00331e-07 1.5270948337717882 1.8881865986529205
3.00534e-07 1.5280193687324601 1.888444648704734
3.00737e-07 1.5289422523454888 1.8887044265864619
3.00941e-07 1.5298644757430586 1.8889614379707658
3.01145e-07 1.5299990454268044 1.8890730740251773
3.01349e-07 1.5300007766079173 1.8891591718065555
3.01554e-07 1.5299996169226076 1.8892455710635732
3.01759e-07 1.5299997535460292 1.8893303696947525
3.01964e-07 1.5300001960573895 1.889418058539626
3.02169e-07 1.5300003364434498 1.8895028524765634
3.02375e-07 1.5299991845828964 1.8895892423551548
3.02581e-07 1.5299993287453837 1.8896740316682463
3.02787e-07 1.529999779018849 1.889761710850796
3.02994e-07 1.5299999269414823 1.8898464954701855
3.032e-07 1.529998782900604 1.8899328759713476
3.03408e-07 1.5300005327676995 1.8900189497117335
3.03615e-07 1.5299993926276205 1.8901053254887379
3.03823e-07 1.5299995480818573 1.8901901007916337
3.04031e-07 1.5299984118555756 1.8902764719163656
3.04239e-07 1.5300001691915828 1.890362536056582
3.04447e-07 1.5299990368635554 1.8904489024576696
3.04656e-07 1.5299991998444293 1.8905336684451284
3.04865e-07 1.5299996694927764 1.8906213234405258
3.05074e-07 1.529999836227568 1.890706084735643
3.05284e-07 1.530000004811376 1.8907908437272511
3.05494e-07 1.5299988822090669 1.8908771984348942
3.05704e-07 1.5300006525640286 1.8909632457682393
3.05915e-07 1.529999533855529 1.891049595753146
3.06126e-07 1.5299997099573015 1.8911343454311824
3.06337e-07 1.5299985951556505 1.891220690765164
3.06548e-07 1.530000372965736 1.8913067285015646
3.0676e-07 1.529999262055354 1.891393069113326
3.06972e-07 1.529999445670133 1.8914778094788514
3.07184e-07 1.5299999365624055 1.8915654379061184
3.07397e-07 1.5300001239242715 1.8916501735808042
3.0761e-07 1.5299990208069425 1.8917365048204262
3.07823e-07 1.529999211929774 1.8918212358745023
3.08036e-07 1.5299997105521095 1.8919088546464229
3.0825e-07 1.5299999054195454 1.8919935810102047
3.08464e-07 1.529998810090208 1.8920799028786952
3.08678e-07 1.5300006065078409 1.8921659165925067
3.08893e-07 1.5299995150634242 1.8922522337400776
3.09108e-07 1.5299997174314803 1.8923369507940202
3.09323e-07 1.5299986298850767 1.8924232632923883
3.09539e-07 1.5300004337403001 1.892509267413374
3.09754e-07 1.529999350076282 1.8925955751913417
3.09971e-07 1.5299995599400122 1.892680282936511
3.10187e-07 1.5300000778571698 1.8927678775388561
3.10404e-07 1.5300002914593012 1.8928525805951044
3.10621e-07 1.5299992155706286 1.8929388790044805
3.10838e-07 1.530066117541448 1.8930325734250746
3.11056e-07 1.5302990681371216 1.893149555091024
3.11274e-07 1.5305319908438237 1.8932665356458291
3.11492e-07 1.5307661767706238 1.8933819181414384
3.11711e-07 1.5309974469365897 1.8934976056299506
3.1193e-07 1.5312302861834701 1.8936145830990823
3.12149e-07 1.5314643885115289 1.8937299631359776
3.12368e-07 1.5316971719996226 1.8938469385648995
3.12588e-07 1.531929927648436 1.8939639128623706
3.12808e-07 1.5321639462386552 1.8940792903555037
3.13029e-07 1.532396646178346 1.8941962625923012
3.13249e-07 1.532629318303591 1.8943132336875363
3.1347e-07 1.5328632532303306 1.894428608605738
3.13692e-07 1.5330942748756198 1.8945442870665237
3.13913e-07 1.5333268637637087 1.8946612549845028
3.14135e-07 1.5335607153139539 1.8947766273506346
3.14358e-07 1.5337932485919337 1.894893593167225
3.1458e-07 1.534025754104981 1.8950105578221341
3.14803e-07 1.5342595221399948 1.8951259275513181
3.15026e-07 1.5344919720924206 1.895242890084563
3.1525e-07 1.5347243943046613 1.8953598514461072
3.15474e-07 1.5349580788985406 1.8954752185074586
3.15698e-07 1.5351904455995888 1.8955921777271252
3.15923e-07 1.535421191882437 1.8957078457614938
3.16147e-07 1.5356535033720966 1.8958248026700657
3.16373e-07 1.5358870770562834 1.8959401661098099
3.16598e-07 1.5361193331004348 1.8960571208497186
3.16824e-07 1.5363515614619643 1.896174074394705
3.1705e-07 1.5365850518773745 1.8962894350950208
3.17276e-07 1.5368172248426886 1.896406386451275
3.17503e-07 1.53704937015003 1.8965233366026912
3.1773e-07 1.5372827773704694 1.8966386945330056
3.17958e-07 1.537513276528228 1.8967543529673438
3.18186e-07 1.5377453390659266 1.8968712997509827
3.18414e-07 1.5379786633765185 1.8969866549349843
3.18642e-07 1.5382106706162737 1.8971035994899612
3.18871e-07 1.5384426502471984 1.897220542820371
3.191e-07 1.5386758915099628 1.8973358951735402
3.19329e-07 1.5389078158920613 1.8974528362554035
3.19559e-07 1.5391397126898902 1.8975697761028758
3.19789e-07 1.539372870978372 1.897685125594917
3.20019e-07 1.5396031236684116 1.897800774161906
3.2025e-07 1.539834937916812 1.8979177105526128
3.20481e-07 1.5396270210533467 1.897904466499197
3.20712e-07 1.538354647908111 1.8975760914230788
3.20944e-07 1.5370800282094115 1.897246692741944
3.21176e-07 1.5358063424044082 1.8969188494423281
3.21409e-07 1.5345307108046333 1.8965928668015632
3.21641e-07 1.5332541166272033 1.8962642711801185
3.21874e-07 1.5319784578680393 1.8959372340274705
3.22108e-07 1.530699254794625 1.895610774560226
3.22341e-07 1.529422277375397 1.8952842801363983
3.22576e-07 1.5281446403109658 1.894958058034829
3.2281e-07 1.5268634536926182 1.8946324198171394
3.23045e-07 1.5255844944050359 1.8943067464296983
3.2328e-07 1.5243032715208533 1.8939800589153983
3.23515e-07 1.5230229876745962 1.8936549371480678
3.23751e-07 1.5217407516938968 1.8933316971323082
3.23987e-07 1.5204575364702146 1.8930058426241252
3.24224e-07 1.519175261863566 1.8926815570132856
3.2446e-07 1.5178894254703832 1.8923578699481793
3.24698e-07 1.516605820348696 1.8920341472382423
3.24935e-07 1.5153215496619923 1.8917107069713441
3.25173e-07 1.5140337119467822 1.8913878716200314
3.25411e-07 1.512748107204193 1.8910650004296172
3.2565e-07 1.511460221707789 1.8907411250102322
3.25889e-07 1.5101732805787698 1.8904188259150518
3.26128e-07 1.5088843811181323 1.890098430130624
3.26367e-07 1.5075944855320345 1.8897754186163493
3.26607e-07 1.5063055359499498 1.889453986640973
3.26848e-07 1.5050146262076085 1.8891344645362933
3.27088e-07 1.5037227152334147 1.8888123263863335
3.27329e-07 1.5024317519177262 1.888491771009492
3.27571e-07 1.5011372040989286 1.8881718421610751
3.27812e-07 1.499844894979907 1.8878518768688628
3.28055e-07 1.4985519126633988 1.8875322076582246
3.28297e-07 1.4972566305979624 1.8872115456062588
3.2854e-07 1.4959610089803097 1.886894098880323
3.28783e-07 1.494664374140003 1.8865740354736482
3.29027e-07 1.4933686908891919 1.8862555624644552
3.2927e-07 1.4920710414865286 1.8859390215069771
3.29515e-07 1.490772373690968 1.8856198636417159
3.29759e-07 1.4894746592010357 1.8853022994740236
3.30004e-07 1.488174632810247 1.8849837499935944
3.3025e-07 1.486874270808679 1.8846684316326947
3.30495e-07 1.4855745198623491 1.884351786175885
3.30741e-07 1.4842724517940917 1.884034158701706
3.30988e-07 1.4829700498547125 1.8837197691711176
3.31235e-07 1.4816682572514226 1.8834040523866533
3.31482e-07 1.480364142297044 1.8830873569218352
3.31729e-07 1.4799994403816121 1.8827980092218828
3.31977e-07 1.4799990409099557 1.882521490207851
3.32225e-07 1.4799983103030803 1.882242013796306
3.32474e-07 1.4799992413055292 1.8819638025915753
3.32723e-07 1.4799985508324862 1.8816842749160285
3.32973e-07 1.4799978804139282 1.881404721485975
3.33222e-07 1.4799975801457192 1.8811280757133964
3.33472e-07 1.4799969496903065 1.8808484710610294
3.33723e-07 1.4799963393225701 1.8805688406458851
3.33974e-07 1.4799973909758541 1.8802904768400373
3.34225e-07 1.479996820874664 1.8800107951283451
3.34477e-07 1.4799966200831527 1.8797340225301968
3.34729e-07 1.4799960900554157 1.879454289569001
3.34981e-07 1.479995580170837 1.879174530831347
3.35234e-07 1.4799967326491028 1.8788960398734198
3.35487e-07 1.4799949693465342 1.8786178720780469
3.35741e-07 1.479994519778187 1.878338036289918
3.35995e-07 1.4799957327780386 1.8780594689841967
3.36249e-07 1.4799953236537389 1.877779581856437
3.36504e-07 1.47999657723337 1.877500963680842
3.36759e-07 1.4799949136158377 1.877222667753815
3.37014e-07 1.4799945649742852 1.8769427035350397
3.3727e-07 1.4799958792415746 1.876664008972315
3.37526e-07 1.4799955711554325 1.8763839933871997
3.37783e-07 1.479995283335074 1.8761039519957488
3.3804e-07 1.479995362457309 1.875826823802011
3.38298e-07 1.479995115020885 1.8755467310855476
3.38555e-07 1.4799965308332002 1.8752679092007913
3.38814e-07 1.4799963240638527 1.8749877650914197
3.39072e-07 1.4799961376162583 1.8747075951622543
3.39331e-07 1.4799963172603934 1.8744303398911166
3.39591e-07 1.4799961713081917 1.8741501186102747
3.3985e-07 1.4799960457113734 1.8738698715015678
3.40111e-07 1.4799975837707204 1.8735908966386368
3.40371e-07 1.4799962006611487 1.8733122414513377
3.40632e-07 1.479997779418325 1.8730332156913754
3.40894e-07 1.4799977352302007 1.8727528657798187
3.41155e-07 1.4799977114536738 1.8724724900270528
3.41418e-07 1.479999351671549 1.8721933877001613
3.4168e-07 1.4799980693007875 1.8719146041243597
3.41943e-07 1.4799981066439465 1.871634151128277
3.42207e-07 1.4799998081847061 1.8713549722665568
3.42471e-07 1.4799998865092414 1.871074467803825
3.42735e-07 1.480340732827284 1.870913863668667
3.42999e-07 1.4808058549638612 1.8707955473795774
3.43264e-07 1.4812709606209256 1.8706773262053613
3.4353e-07 1.4817360497501675 1.870559200113493
3.43796e-07 1.4822040655557749 1.8704408282407834
3.44062e-07 1.482669121304851 1.8703228927837299
3.44329e-07 1.483134160381208 1.8702050523110214
3.44596e-07 1.4835991827367354 1.870087306790009
3.44863e-07 1.4840641883233732 1.8699696561880124
3.45131e-07 1.484530817263424 1.8698534026508093
3.454e-07 1.4849957887944258 1.8697359419814281
3.45668e-07 1.485460743412643 1.8696185761325872
3.45938e-07 1.4859256810702148 1.869501305071484
3.46207e-07 1.4863906017193298 1.869384128765287
3.46477e-07 1.4868584467507118 1.8692667120221071
3.46748e-07 1.4873233330572222 1.8691497256925258
3.47019e-07 1.487788202211877 1.8690328340189344
3.4729e-07 1.488253054167065 1.8689160369683804
3.47562e-07 1.4887178888752246 1.8687993345078828
3.47834e-07 1.4891843427157434 1.8686840306990695
3.48106e-07 1.4896491424133655 1.868567517509837
3.48379e-07 1.4901139247215627 1.868451098811285
3.48653e-07 1.4905786895929727 1.8683347745703134
3.48927e-07 1.491044741834708 1.8682169098241594
3.49201e-07 1.491511106434242 1.8681020798170254
3.49476e-07 1.49197581852653 1.8679860393129035
3.49751e-07 1.4924405129928213 1.8678700931334267
3.50026e-07 1.4929051897860042 1.8677542412453478
3.50302e-07 1.4933698488590161 1.867638483615392
3.50579e-07 1.49383612284725 1.8675241261957782
3.50856e-07 1.494300745964843 1.8674085571698247
3.51133e-07 1.49476535122137 1.8672930823017433
3.51411e-07 1.495229938569969 1.867177701558144
3.51689e-07 1.4956958146990567 1.8670607837208393
3.51968e-07 1.4961619970875304 1.8669468984223807
3.52247e-07 1.4966265302439852 1.8668318004121716
3.52526e-07 1.4970910453053055 1.8667167963923539
3.52806e-07 1.4975555422248799 1.8666018863293945
3.53087e-07 1.4980200209561463 1.866487070189733
3.53368e-07 1.4984861103896554 1.866373655791015
3.53649e-07 1.4989505522306565 1.866259027582342
3.53931e-07 1.499414975743958 1.8661444931958657
3.54213e-07 1.499879380883199 1.8660300525979125
3.54496e-07 1.4996781723112067 1.8664604524357544
3.54779e-07 1.4992425516720407 1.8670828125029946
3.55062e-07 1.4988084660395151 1.8677036215287812
3.55346e-07 1.4983746074227073 1.8683245071906411
3.55631e-07 1.4979409758307805 1.8689454692614418
3.55916e-07 1.4975075712725499 1.8695665075141379
3.56201e-07 1.4970743937564823 1.8701876217217723
3.56487e-07 1.496640139565356 1.870810441321677
3.56773e-07 1.4962074167683759 1.8714317070074176
3.5706e-07 1.4957749210369355 1.8720530479671378
3.57347e-07 1.4953426523781121 1.8726744639742403
3.57635e-07 1.494910610798637 1.873295954802218
3.57923e-07 1.4944787963048953 1.8739175202246574
3.58212e-07 1.4940459088446292 1.8745407911633651
3.58501e-07 1.493616180543951 1.8751638047868513
3.5879e-07 1.4931850481978224 1.8757855922683522
3.5908e-07 1.4927541429589528 1.876407453438916
3.59371e-07 1.4923234648320045 1.8770293880726001
3.59662e-07 1.4918917168214825 1.8776530283096904
3.59953e-07 1.491461493542362 1.8782751094340824
3.60245e-07 1.4910314973871421 1.8788972633437264
3.60538e-07 1.490601728359114 1.8795194898130685
3.6083e-07 1.490172186461226 1.880141788616654
3.61124e-07 1.4897428716960872 1.8807641595291273
3.61418e-07 1.4893124907367556 1.8813882361342962
3.61712e-07 1.4888836308552371 1.8820107508270707
3.62007e-07 1.4884549981122945 1.8826333369526502
3.62302e-07 1.488026592509175 1.883255994286084
3.62598e-07 1.4875984140467866 1.8838787226025233
3.62894e-07 1.4871704627256992 1.8845015216772232
3.63191e-07 1.4867414488891946 1.8851260265152412
3.63488e-07 1.486313952462982 1.8857489666671257
3.63785e-07 1.4858866831777924 1.8863719769030447
3.64084e-07 1.485459641032844 1.886995056998673
3.64382e-07 1.4850344621904996 1.8876194939376492
3.64681e-07 1.4846078745543612 1.8882427124680814
3.64981e-07 1.4841802280709964 1.8888676368122979
3.65281e-07 1.4837540953154045 1.8894909937242976
3.65582e-07 1.4833281896905322 1.8901144193753436
3.65883e-07 1.4829025111935874 1.8907379135417601
3.66184e-07 1.4824770598214438 1.8913614759999824
3.66487e-07 1.4820518355706416 1.8919851065265572
3.66789e-07 1.4816255561298401 1.8926104429007724
3.67092e-07 1.4812007867223371 1.8932342091212249
3.67396e-07 1.4807762444238315 1.8938580427397262
3.677e-07 1.4803519292295353 1.894481943533273
3.68005e-07 1.4799186334581158 1.8951514877857487
3.6831e-07 1.4794453188887047 1.8960349288928464
3.68615e-07 1.4789724207520334 1.8969184013407456
3.68921e-07 1.478498299334739 1.8978006273409531
3.69228e-07 1.4780262333288006 1.8986841618363288
3.69535e-07 1.4775545832287214 1.8995677261998845
3.69843e-07 1.4770833488569515 1.9004513199423094
3.70151e-07 1.4766096157291302 1.9013353090035776
3.7046e-07 1.476139212913136 1.9022189610819815
3.70769e-07 1.4756692252890087 1.9031026410745855
3.71079e-07 1.4751996526761 1.903986348495095
3.71389e-07 1.4747304948929958 1.9048700828579728
3.717e-07 1.4742601103781878 1.9057525739330137
3.72011e-07 1.473790512601638 1.906638003144435
3.72323e-07 1.473322598851882 1.9075218164644052
3.72635e-07 1.4728550991995097 1.9084056547909298
3.72948e-07 1.4723880134593144 1.9092895176422735
3.73261e-07 1.4719196990799641 1.9101721389811055
3.73575e-07 1.4714534404119168 1.9110560502769316
3.7389e-07 1.4709875950969904 1.9119399846567435
3.74205e-07 1.4705208999014507 1.9128255845860522
3.7452e-07 1.4700558815638147 1.913709563889036
3.74836e-07 1.4695896326870843 1.9145923034686416
3.75153e-07 1.4691254395429456 1.9154763264296046
3.7547e-07 1.4686616588044672 1.9163603700876017
3.75787e-07 1.468198290279802 1.9172444339678063
3.76105e-07 1.4677324316717093 1.9181289036404587
3.76424e-07 1.467269887647013 1.9190130075629186
3.76743e-07 1.4668077552570664 1.9198971302864833
3.77063e-07 1.4663460343071453 1.9207812713394234
3.77384e-07 1.4658847246018145 1.9216654302507856
3.77704e-07 1.465422180957665 1.9225483526930394
3.78026e-07 1.4649616929733087 1.923432546745329
3.78348e-07 1.4645003634545852 1.9243184025931397
3.7867e-07 1.4640406974154758 1.9252026292545916
3.78993e-07 1.463581441633996 1.9260868714301145
3.79317e-07 1.4631209500358502 1.926969878963812
3.79641e-07 1.4626625139960596 1.9278541516020533
3.79966e-07 1.462204487613916 1.9287384383576418
3.80291e-07 1.4617468706877095 1.9296227387666511
3.80617e-07 1.461286770088308 1.9305074525717636
3.80943e-07 1.4608299721278688 1.9313917799004712
3.8127e-07 1.4603735830149156 1.932276119494267
3.81598e-07 1.4600396674591585 1.9330741916838707
3.81926e-07 1.460254572774111 1.933484785900241
3.82255e-07 1.4604706938090781 1.93389364947382
3.82584e-07 1.4606855434991781 1.9343040756270689
3.82914e-07 1.4609003655316455 1.9347144176881752
3.83244e-07 1.461116402451827 1.935123030071672
3.83575e-07 1.4613311689068564 1.9355332043699687
3.83906e-07 1.4615471496962729 1.9359416496334025
3.84238e-07 1.461760215783121 1.9363504146838497
3.84571e-07 1.4619761407456273 1.9367586933093857
3.84904e-07 1.4621907964116103 1.9371685329652708
3.85238e-07 1.4624054244746312 1.9375782888783684
3.85573e-07 1.4626212654915665 1.937986317358343
3.85907e-07 1.4628358380877982 1.9383959062054454
3.86243e-07 1.4630516230872121 1.9388037682597292
3.86579e-07 1.4632661402483975 1.9392131902391345
3.86916e-07 1.4634806298457446 1.9396225287240032
3.87253e-07 1.4636963310206537 1.9400301413749537
3.87591e-07 1.4639107652303867 1.9404393132889821
3.87929e-07 1.464126410468792 1.9408467600076598
3.88269e-07 1.464340789322657 1.9412557655481932
3.88608e-07 1.464556378657038 1.9416630465312505
3.88948e-07 1.4647707021867808 1.942071885895256
3.89289e-07 1.4649849982075065 1.9424806421102496
3.89631e-07 1.4652005038869846 1.942887674723033
3.89973e-07 1.4654147446310266 1.9432962650563645
3.90315e-07 1.465630194487493 1.9437031324236338
3.90659e-07 1.465844379986599 1.9441115570713263
3.91003e-07 1.4660585380158242 1.9445198988154109
3.91347e-07 1.4662739043384485 1.9449265185461164
3.91692e-07 1.4664863682790306 1.945333459422374
3.92038e-07 1.4667016791282552 1.9457399146745291
3.92384e-07 1.4669157270620996 1.9461479261099675
3.92731e-07 1.4671297475650789 1.9465558548858477
3.93078e-07 1.4673449750011387 1.9469620632310973
3.93427e-07 1.4675589403855642 1.9473698271015705
3.93775e-07 1.4677741121603674 1.9477758711741335
3.94125e-07 1.4679880224579873 1.9481834703333545
3.94475e-07 1.4682031386040024 1.9485893503267033
3.94825e-07 1.4684169938465643 1.9489967849684569
3.95177e-07 1.4686308217130981 1.9494041372905953
3.95528e-07 1.4688458546155083 1.9498097713933948
3.95881e-07 1.4690596274744243 1.950216959488173
3.96234e-07 1.469274604829029 1.9506224299939492
3.96588e-07 1.469488322712073 1.9510294540542286
3.96942e-07 1.4697020132582326 1.951436396036341
3.97297e-07 1.4699169074902492 1.9518416213734395
3.97653e-07 1.4698575067170871 1.9520837815146592
3.98009e-07 1.4696243934535436 1.95222331146662
3.98366e-07 1.4693912928789958 1.9523628688306403
3.98724e-07 1.4691594353120023 1.9525008185315267
3.99082e-07 1.468926359977638 1.9526404305547793
3.99441e-07 1.468693297360825 1.9527800699803888
3.998e-07 1.468460247471098 1.9529197368050941
4.0016e-07 1.468228439962576 1.953057795334009
4.00521e-07 1.4679954153889694 1.953197516792153
4.00883e-07 1.4677624035709893 1.953337265639625
4.01245e-07 1.4675294045181657 1.9534770418731422
4.01607e-07 1.4672976472192651 1.9536152091789187
4.01971e-07 1.4670646735584596 1.953755040019907
4.02335e-07 1.4668317126913357 1.9538948982371078
4.027e-07 1.4665999931074485 1.9540331470532346
4.03065e-07 1.4663670576892114 1.954173059858342
4.03431e-07 1.4661341350931703 1.95431300002978
4.03798e-07 1.4658995880907253 1.954451739584418
4.04165e-07 1.4656679188268822 1.9545900972527013
4.04533e-07 1.4654350344328753 1.954730119516063
4.04902e-07 1.4652021628991343 1.9548701691325439
4.05271e-07 1.4649693042351757 1.955010246098801
4.05641e-07 1.464737685596351 1.955148712401733
4.06012e-07 1.4645048525329927 1.9552888439032945
4.06384e-07 1.4642720323678995 1.9554290027446202
4.06756e-07 1.464040451755336 1.9555675504507557
4.07128e-07 1.4638076572476277 1.9557077638074634
4.07502e-07 1.4635748756666567 1.955848004493874
4.07876e-07 1.4633421070219288 1.9559882725066065
4.08251e-07 1.463110577298263 1.9561269287554057
4.08626e-07 1.462877834386634 1.9562672512567723
4.09003e-07 1.4626451044397037 1.9564076010743343
4.0938e-07 1.462412387466974 1.9565479782046886
4.09757e-07 1.4621809087829127 1.9566867429430865
4.10136e-07 1.4619465777634648 1.9568259493972138
4.10515e-07 1.4617138994485548 1.9569664084600686
4.10894e-07 1.4614824589484436 1.9571052546590306
4.11275e-07 1.4612498064991015 1.9572457681634317
4.11656e-07 1.4610171670808774 1.9573863089602503
4.12038e-07 1.4607845407032631 1.9575268770460452
4.1242e-07 1.4605531515064345 1.9576658316411863
4.12803e-07 1.4603205510699844 1.9578064541413032
4.13187e-07 1.4600879637025548 1.957947103920091
4.13572e-07 1.4598567832264322 1.9578564369054812
4.13957e-07 1.459623948033261 1.9576240879372635
4.14344e-07 1.4593927190318445 1.9573929366285043
4.1473e-07 1.4591598129002985 1.9571605349544614
4.15118e-07 1.458928095490892 1.9569264645899909
4.15506e-07 1.4586967607475532 1.956695234270121
4.15895e-07 1.4584637481003138 1.956462753165216
4.16285e-07 1.458232342777766 1.9562314703334909
4.16675e-07 1.457999259035046 1.95599893643804
4.17067e-07 1.4577677830707627 1.955767601060782
4.17459e-07 1.4575358532932308 1.9555333706268545
4.17851e-07 1.4573043067553813 1.955301982428234
4.18245e-07 1.4570710807640566 1.955069342606276
4.18639e-07 1.456837819016338 1.954836676276635
4.19034e-07 1.456606166183258 1.954605209080107
4.19429e-07 1.456374058900533 1.9543708449110708
4.19826e-07 1.4561423353371152 1.9541393248079901
4.20223e-07 1.4559089310249607 1.9539065523812145
4.20621e-07 1.4556771365373735 1.953674979580188
4.2102e-07 1.4554436607822228 1.9534421541758429
4.21419e-07 1.4552117953074442 1.9532105286430121
4.21819e-07 1.454979474617003 1.9529760038353696
4.2222e-07 1.4547458915876363 1.9527430985900596
4.22622e-07 1.4545139195232597 1.952511393586966
4.23024e-07 1.4542802648919726 1.9522784352787044
4.23427e-07 1.4540482216824215 1.952046677458767
4.23831e-07 1.4538144953854952 1.9518136660534433
4.24236e-07 1.4535836083298446 1.951580207525484
4.24642e-07 1.4533498104354992 1.9513471427434181
4.25048e-07 1.4531176248769584 1.9511152789438284
4.25455e-07 1.4528837551893377 1.9508821609961662
4.25863e-07 1.4526514982954004 1.9506502442775004
4.26272e-07 1.4524175567505093 1.9504170731300317
4.26681e-07 1.4521848072855448 1.9501822259755508
4.27091e-07 1.4519524432786008 1.949950229503999
4.27502e-07 1.4517183938367713 1.9497169781801702
4.27914e-07 1.4514859583351887 1.9494849287040465
4.28327e-07 1.4512518368756662 1.949251624094487
4.2874e-07 1.4510193298155984 1.9490195215796349
4.29154e-07 1.4507863652236925 1.9487845128487071
4.29569e-07 1.4505537866730989 1.9485523570157581
4.29985e-07 1.4503195211176723 1.9483189454847978
4.30402e-07 1.4500852193413714 1.9480855071973389
4.30819e-07 1.4490675336803673 1.9475386304683415
4.31237e-07 1.447590631895331 1.9468072933783467
4.31656e-07 1.4461113799377885 1.9460776251695553
4.32076e-07 1.4446322355723205 1.9453463177682992
4.32497e-07 1.443150736521207 1.9446166841621262
4.32918e-07 1.4416693414660164 1.943885410749064
4.33341e-07 1.4401868181286241 1.943154155261865
4.33764e-07 1.438701933307595 1.9424245810077188
4.34188e-07 1.4372154834328423 1.9416921346647875
4.34613e-07 1.4357283297388053 1.940962605722887
4.35038e-07 1.4342412709545322 1.9402314355017733
4.35465e-07 1.4327518415706195 1.9395019565661702
4.35892e-07 1.4312625034248747 1.9387708357900475
4.3632e-07 1.4297720226105968 1.9380397407277277
4.36749e-07 1.428279164323224 1.9373103445859796
4.37179e-07 1.4267863917261636 1.9365793057902292
4.3761e-07 1.4252912370566853 1.9358499710542076
4.38041e-07 1.4237961643513426 1.9351189931426942
4.38474e-07 1.4222999385677186 1.934388046708761
4.38907e-07 1.4208013237845856 1.9336588121144924
4.39341e-07 1.4193011047120334 1.9329266995509162
4.39776e-07 1.4178001711924613 1.932197537891344
4.40212e-07 1.416299310223247 1.9314667318229546
4.40648e-07 1.4147960509669153 1.9307376481105811
4.41086e-07 1.413292860457377 1.9300069195264027
4.41524e-07 1.4117885021022443 1.929276230783995
4.41963e-07 1.4102817384582718 1.9285472723863641
4.42404e-07 1.4087750378142403 1.9278166684538534
4.42845e-07 1.4072659271968184 1.9270878002439644
4.43287e-07 1.4057568757198373 1.9263572860800247
4.43729e-07 1.4042466457140512 1.925626817947643
4.44173e-07 1.4027323021047313 1.9248968573323713
4.44618e-07 1.4012197069129564 1.9241664863106913
4.45063e-07 1.3997046899700032 1.9234378646382169
4.45509e-07 1.3981897224179611 1.9227075960413782
4.45957e-07 1.3966723283811144 1.921979082317371
4.46405e-07 1.395154979796446 1.9212489213141595
4.46854e-07 1.3936364375311323 1.9205188153242512
4.47304e-07 1.3921154616530573 1.919790472570771
4.47755e-07 1.390594525276567 1.9190604820404074
4.48206e-07 1.3890711505190092 1.9183322603772799
4.48659e-07 1.3875478112670927 1.917602390630576
4.49113e-07 1.3860232673757773 1.9168725825435098
4.49567e-07 1.3844945635403862 1.9161433131352374
4.50023e-07 1.3829676020540096 1.9154136337436407
4.50479e-07 1.3814381902005881 1.9146857374892299
4.50936e-07 1.3799045677940356 1.9139113396964982
4.51395e-07 1.3783144870895585 1.912422763230179
4.51854e-07 1.376720975526292 1.9109318785488048
4.52314e-07 1.3751274710501846 1.909441164748701
4.52775e-07 1.3735305216338507 1.9079481370990559
4.53237e-07 1.3719335723341806 1.9064552779694641
4.537e-07 1.3703348935664847 1.9049613435778345
4.54164e-07 1.3687327485057397 1.9034650868434853
4.54628e-07 1.3671305929525703 1.901968995064548
4.55094e-07 1.3655249567102352 1.9004705752519535
4.55561e-07 1.3639193027964238 1.8989723180027356
4.56028e-07 1.362310153668641 1.897471727006407
4.56497e-07 1.3607009796048024 1.8959712961691872
4.56967e-07 1.359088295671856 1.894468525848933
4.57437e-07 1.357475579451519 1.8929659132713503
4.57909e-07 1.3558580868545318 1.891462701638293
4.58381e-07 1.3542418054143346 1.8899579009945902
4.58855e-07 1.3526219843951988 1.888450749336399
4.59329e-07 1.3510021161200059 1.8869437505555733
4.59805e-07 1.3493804468774 1.885435650032918
4.60281e-07 1.3477552154239987 1.883925189783976
4.60759e-07 1.3461299252533234 1.882414878729585
4.61237e-07 1.3445010576092191 1.8809022021126747
4.61716e-07 1.3428721234903482 1.8793896722200738
4.62197e-07 1.3412395964955668 1.87787477090662
4.62678e-07 1.339606995174624 1.8763600138355074
4.63161e-07 1.3379707854336178 1.8748428794631973
4.63644e-07 1.3363344934197794 1.8733258868396332
4.64128e-07 1.3346945772981995 1.8718065110126152
4.64614e-07 1.333054570860441 1.8702872744292292
4.651e-07 1.3314109244818548 1.8687656487183264
4.65588e-07 1.3297671796456463 1.867244159734537
4.66076e-07 1.328119778888199 1.8657202756774767
4.66566e-07 1.326472271432141 1.8641965258197277
4.67056e-07 1.3248228744889736 1.8626716427672447
4.67548e-07 1.3231685286709958 1.8611461402225695
4.6804e-07 1.3215153314490158 1.8596189855061178
4.68534e-07 1.3198584376996376 1.8580894207671836
4.69029e-07 1.3182014162053668 1.8565599838641988
4.69525e-07 1.3165406816721408 1.8550281309181662
4.70021e-07 1.3148798107928747 1.8534964032419126
4.70519e-07 1.3132152102067518 1.8519622534809839
4.71018e-07 1.3115504645670564 1.8504282264130272
4.71518e-07 1.3096082601933945 1.8489574887397409
4.72019e-07 1.304037872877527 1.848362727902439
4.72521e-07 1.2984572754187629 1.8477773935428252
4.73024e-07 1.292864654159896 1.847200317771732
4.73529e-07 1.2872636414917642 1.8466341496643663
4.74034e-07 1.281650603575704 1.846076452817154
4.7454e-07 1.2760304637314592 1.8455280394431082
4.75048e-07 1.270398870890745 1.8449914067985462
4.75556e-07 1.264755258409641 1.8444635707096082
4.76066e-07 1.2591033180579223 1.8439471699439953
4.76577e-07 1.25344122209658 1.8434410479456533
4.77088e-07 1.2477671220693054 1.8429440552868437
4.77601e-07 1.2420847460796425 1.8424588235409034
4.78115e-07 1.2363903822373552 1.8419829470679236
4.78631e-07 1.2306877831599419 1.8415190522009628
4.79147e-07 1.2249750997898694 1.8410659942286698
4.79664e-07 1.2192504621437854 1.8406226363483185
4.80183e-07 1.213517660035444 1.840191596333898
4.80702e-07 1.2077741792938903 1.8397685909290413
4.81223e-07 1.2020213392099566 1.8393600245509572
4.81745e-07 1.1962585183686072 1.8389628715037873
4.82268e-07 1.1904838255041585 1.8385760084334333
4.82792e-07 1.1847011135346537 1.8382020368855672
4.83317e-07 1.1789084997542678 1.8378398327364815
4.83844e-07 1.1731040802715629 1.837488281091825
4.84371e-07 1.1672917465081973 1.83714997250256
4.849e-07 1.161467658746582 1.8368225614670206
4.8543e-07 1.1556357343349655 1.836508630655439
4.85961e-07 1.149794069914661 1.836207069807466
4.86493e-07 1.1439407408314206 1.8359167787603936
4.87027e-07 1.1380809235482148 1.8356383599566548
4.87561e-07 1.1322102602007917 1.8353746411302367
4.88097e-07 1.1263280362379664 1.835122569534709
4.88634e-07 1.1204382479347865 1.8348847014009282
4.89172e-07 1.1145369769653408 1.834658734757786
4.89711e-07 1.108628246273783 1.8344472160397758
4.90252e-07 1.1027101202197727 1.8342490586709062
4.90793e-07 1.0967806417867916 1.8340631876242013
4.91336e-07 1.0908438742239561 1.8338921336686982
4.9188e-07 1.0848978700625362 1.8337348195598586
4.92425e-07 1.0789406604603566 1.8335901801642127
4.92972e-07 1.072976349304558 1.8334607293768082
4.9352e-07 1.0670009402538112 1.8333442138623388
4.94068e-07 1.0610197469022424 1.83324109252343
4.94619e-07 1.055028434282375 1.8331543844271054
4.9517e-07 1.049026199908837 1.8330810042371763
4.95722e-07 1.0430172160303286 1.8330234349117462
4.96276e-07 1.0347893144111715 1.8353252913910227
4.96831e-07 1.0243528146361003 1.8400349694646843
4.97388e-07 1.0139353116901895 1.8448021076235472
4.97945e-07 1.0035430729876849 1.8496266378222297
4.98504e-07 0.9931727189035399 1.8545112697350343
4.99064e-07 0.9828242567055443 1.8594524784378885
4.99625e-07 0.9725028404358964 1.8644521379364734
5.00188e-07 0.962208410850276 1.8695066263351445
5.00752e-07 0.9519397175111415 1.8746197549837118
5.01317e-07 0.9416966601786915 1.8797879135135702
5.01883e-07 0.9314843999909989 1.8850127817674318
5.02451e-07 0.9213027594192122 1.8902906587383475
5.0302e-07 0.9111483876853833 1.8956242729986534
5.0359e-07 0.9010274907357443 1.9010130296927352
5.04162e-07 0.8909387876653544 1.9064553294967632
5.04734e-07 0.8808819549868624 1.9119474413857398
5.05309e-07 0.8708601252204615 1.9174950737091863
5.05884e-07 0.8608729560095205 1.9230944455196606
5.06461e-07 0.8509212326997168 1.9287449142536204
5.07039e-07 0.8410044922856658 1.9344426990853647
5.07618e-07 0.8311259218538207 1.940193366130645
5.08199e-07 0.8212850334584563 1.945993089962772
5.08781e-07 0.8114803462550422 1.95184024765302
5.09364e-07 0.8017178026240598 1.9577337497842628
5.09949e-07 0.7919940769470528 1.9636763017155383
5.10535e-07 0.7823085209819884 1.9696640886204495
5.11123e-07 0.772666130725435 1.9756980917058697
5.11711e-07 0.7630661519289526 1.9817744453442878
5.12302e-07 0.7535074461360303 1.9878967456541707
5.12893e-07 0.74398921281401 1.9940611697697765
5.13486e-07 0.7345163704026807 2.000268556566725
5.1408e-07 0.725088009836958 2.0065150440525783
5.14676e-07 0.7157007899280537 2.0128034232640903
5.15273e-07 0.7063603740484685 2.019132233912849
5.15871e-07 0.6970657383383457 2.0254976286249224
5.16471e-07 0.6878135399745134 2.031902425258721
5.17072e-07 0.6786093379539454 2.038345072248144
5.17675e-07 0.6694512731182488 2.0448239550336953
5.18279e-07 0.6603403804466871 2.0513360080807033
5.18884e-07 0.6512733178057432 2.0578840916061574
5.19491e-07 0.6422555022362814 2.0644665485671543
5.20099e-07 0.633284978694049 2.0710818101271427
5.20709e-07 0.6243604338591559 2.0777261492720336
5.2132e-07 0.6173027482896465 2.0855892891568923
5.21932e-07 0.6120443298289989 2.094595011374712
5.22546e-07 0.6068348761777983 2.1035870713963147
5.23162e-07 0.6016709522624205 2.112566669905678
5.23779e-07 0.5965557374323852 2.121536883455835
5.24397e-07 0.5914876885245693 2.130492357572807
5.25017e-07 0.5864634258877539 2.1394343527914104
5.25638e-07 0.5814861370607354 2.1483659203203294
5.26261e-07 0.5765542519930458 2.157281809474891
5.26885e-07 0.5716666056991776 2.1661839044900177
5.2751e-07 0.5668199203610857 2.1750735210834016
5.28138e-07 0.5620190775861503 2.1839472162968563
5.28766e-07 0.5572607959354068 2.1928063285859434
5.29396e-07 0.5525418540738692 2.201652220606922
5.30028e-07 0.547867067481809 2.210481468737324
5.30661e-07 0.5432332123675555 2.219295456449901
5.31296e-07 0.5386371240977214 2.22809558849172
5.31932e-07 0.5340835550467198 2.2368784597673925
5.3257e-07 0.529569339043832 2.245645494029572
5.33209e-07 0.5250934717614502 2.2543986235993168
5.3385e-07 0.5206543338963483 2.26313299109996
5.34492e-07 0.5162551278051656 2.2718515261753196
5.35136e-07 0.5118932535428692 2.280553595735628
5.35782e-07 0.5075656776714936 2.2892406857187653
5.36429e-07 0.5032770153089519 2.2979094312305453
5.37077e-07 0.4990242328719968 2.306561333455819
5.37727e-07 0.4948043520287042 2.315197906613287
5.38379e-07 0.4906219327272528 2.3238158018382236
5.39032e-07 0.48647399683719383 2.3324165471885063
5.39687e-07 0.4823596690220046 2.341002103864714
5.40344e-07 0.4782773093888529 2.349567871902457
5.41002e-07 0.4742301407403053 2.358116669375493
5.41661e-07 0.4702152755312473 2.366650038629059
5.42323e-07 0.4662310714729205 2.375163449534955
5.42985e-07 0.4622807553671018 2.383659685605892
5.4365e-07 0.4583614915767452 2.392140308794712
5.44316e-07 0.4544736474573579 2.4006012364058287
5.44984e-07 0.4506144205490346 2.40904407514822
5.45653e-07 0.446787058084922 2.4174715459074547
5.46324e-07 0.4429899005214746 2.425879232765726
5.46997e-07 0.4392201958010064 2.4342687568137324
5.47671e-07 0.4354811920101853 2.442642804135433
5.48348e-07 0.43177123066615847 2.450997020730741
5.49025e-07 0.42813274891201314 2.4598328501528224
5.49705e-07 0.42456457717631324 2.469106129795336
5.50386e-07 0.4210269061057948 2.4783570476557686
5.51068e-07 0.4175199486998798 2.4875817388705745
5.51753e-07 0.41404259365726914 2.496784185580011
5.52439e-07 0.4105950505004991 2.5059605534595923
5.53127e-07 0.4071765574450961 2.5151128700185286
5.53817e-07 0.4037863797654735 2.5242431421089586
5.54508e-07 0.40042664748632806 2.533347883733527
5.55201e-07 0.39709277966030754 2.5424284996157414
5.55896e-07 0.39378600928825996 2.5514872958945283
5.56592e-07 0.39050653590545986 2.5605205241483384
5.5729e-07 0.38725338445746393 2.5695320943264672
5.5799e-07 0.38402675125105906 2.578518284921874
5.58692e-07 0.3808259707414725 2.587481095581412
5.59396e-07 0.3776504009077868 2.596422505160863
5.60101e-07 0.37450023327532433 2.6053388310780754
5.60808e-07 0.3713767096767743 2.6142323271833257
5.61517e-07 0.36827546447068266 2.6231044237184107
5.62228e-07 0.3651985647421538 2.6319517456993258
5.6294e-07 0.36214515353765636 2.6407781262784673
5.63655e-07 0.3591154145268719 2.649579944246032
5.64371e-07 0.35610876524635665 2.6583591654788266
5.65089e-07 0.35312464370509367 2.667117735307508
5.65808e-07 0.35016322890115675 2.6758520674496347
5.6653e-07 0.3472257983417629 2.6845643510696617
5.67253e-07 0.34430814819581307 2.6932560407272885
5.67979e-07 0.3414122899181672 2.7019238241866046
5.68706e-07 0.33853746891006464 2.7105714559583247
5.69435e-07 0.3356838564327693 2.7191954051648395
5.70166e-07 0.332850941664115 2.7277976005134046
5.70898e-07 0.33003823163669693 2.7363799506541264
5.71633e-07 0.3272458929910413 2.744938956421345
5.7237e-07 0.32447343915618754 2.7534765320804615
5.73108e-07 0.3217221865876653 2.7619947801078024
5.73848e-07 0.3189887202863939 2.7704898129518454
5.74591e-07 0.3162741654935511 2.7789655175548043
5.75335e-07 0.31357868118738647 2.787418445317319
5.76081e-07 0.3109018183624493 2.7958504861063433
5.76829e-07 0.30824314362877725 2.804263510370263
5.77579e-07 0.3056028113908821 2.8126540985926463
5.78331e-07 0.30298039359296625 2.8210241258985627
5.79085e-07 0.3003754770414474 2.8293754482584803
5.79841e-07 0.2977899543841746 2.837704857262666
5.80599e-07 0.2952197468647911 2.846015583045692
5.81358e-07 0.29266674879668664 2.854304438186513
5.8212e-07 0.29013056461167186 2.8625732732144846
5.82884e-07 0.28793108143815976 2.872597136331189
5.8365e-07 0.28576829066314957 2.8826851225807752
5.84418e-07 0.28362370027316547 2.892741330184336
5.85188e-07 0.281497190722683 2.9027643149909297
5.8596e-07 0.2793881498224441 2.912757754819513
5.86733e-07 0.27729647251363093 2.922720194214373
5.87509e-07 0.27522358175410816 2.9326520454962877
5.88288e-07 0.2731658306252043 2.9425532401336696
5.89068e-07 0.2711246586784067 2.952424187094985
5.8985e-07 0.26909981536192584 2.9622651317240027
5.90634e-07 0.26709105535389666 2.9720763166261492
5.9142e-07 0.26509813842666596 2.9818579816948496
5.92209e-07 0.2631209751861709 2.9916087056269443
5.92999e-07 0.2611590414596176 3.0013320450986605
5.93792e-07 0.2592122594328598 3.0110265683717055
5.94587e-07 0.2572804079775318 3.0206925047626223
5.95384e-07 0.25536327043997153 3.0303300810125946
5.96183e-07 0.25346063452821327 3.039939521315423
5.96984e-07 0.2515722922023339 3.0495210473456216
5.97787e-07 0.24969803956803924 3.059074878286591
5.98593e-07 0.247837676773383 3.0686012308588464
5.99401e-07 0.24599113689944363 3.0780987052778346
6.0021e-07 0.24415796817055782 3.0875707463022084
6.01023e-07 0.24233811301874536 3.097015944586254
6.01837e-07 0.24053138678718353 3.1064345072815818
6.02653e-07 0.23873760838849156 3.1158266392177625
6.03472e-07 0.23695660021819115 3.1251925429302694
6.04293e-07 0.2351881880706454 3.1345324186883046
6.05116e-07 0.2334322010573975 3.143846464522481
6.05941e-07 0.23168847152783012 3.153134876252347
6.06769e-07 0.22995694935711658 3.162396274750783
6.07599e-07 0.22823690432303145 3.171638706488329
6.08431e-07 0.22652897553708176 3.180851360368459
6.09266e-07 0.224832664456725 3.1900391419239216
6.10103e-07 0.2231478185074497 3.199202236324649
6.10942e-07 0.22147428792125232 3.2083408266906783
6.11783e-07 0.21981192567159044 3.2174550941182463
6.12627e-07 0.21816058741012753 3.226545217705639
6.13473e-07 0.21652013140521167 3.2356113745788027
6.14321e-07 0.21489041848203558 3.2446537399166933
6.15172e-07 0.21327131196442348 3.2536724869763747
6.16025e-07 0.21166267761819635 3.262667787117852
6.1688e-07 0.21006438359606466 3.2716398098286423
6.17738e-07 0.2083423975805512 3.2812812367472577
6.18598e-07 0.20662573147532584 3.290926038808486
6.19461e-07 0.20492074748881683 3.300544275229674
6.20326e-07 0.20322486148370938 3.310151105965568
6.21194e-07 0.20154279547621928 3.319716779848602
6.22063e-07 0.19987195379722517 3.3292564932601274
6.22936e-07 0.1982121895671318 3.3387704431561325
6.23811e-07 0.1965633586148534 3.3482588242174396
6.24688e-07 0.1949244578560103 3.357736669882029
6.25568e-07 0.19329708337807613 3.3671744478779937
6.2645e-07 0.1916802251164649 3.376587228060412
6.27334e-07 0.19007374912230857 3.385975196321646
6.28222e-07 0.18847670891827784 3.3953532172374445
6.29111e-07 0.18689061642466198 3.4046920716134657
6.30003e-07 0.18531451842648672 3.414006659445708
6.30898e-07 0.18374683390675625 3.4232970801510576
6.31796e-07 0.18218958607522712 3.4325781921573557
6.32695e-07 0.18064274691892568 3.4418210008677694
6.33598e-07 0.17910541654104298 3.4510402417581774
6.34503e-07 0.17757747881408012 3.4602360845731273
6.3541e-07 0.17605809016648172 3.4694230717963856
6.36321e-07 0.1745486073623716 3.478572583162833
6.37233e-07 0.17304818056414767 3.487699194712262
6.38149e-07 0.17155670142155052 3.4968030687761993
6.39067e-07 0.17007406342315098 3.5058843658981766
6.39988e-07 0.16859948110190143 3.514957437157359
6.40911e-07 0.16713422235369915 3.523994019331159
6.41837e-07 0.165676083609436 3.5330084297493776
6.42766e-07 0.16422779308231245 3.542000955395225
6.43697e-07 0.16278719307700495 3.550985732191822
6.44631e-07 0.16135548444822198 3.5599347736105393
6.45568e-07 0.15993191939732626 3.5688623143576317
6.46507e-07 0.1585164047803789 3.5777685015361875
6.4745e-07 0.15710823949298228 3.5866673945205156
6.48395e-07 0.1557085607221909 3.5955312758870805
6.49343e-07 0.15431666181236106 3.604374235857441
6.50293e-07 0.1529324554988199 3.6131964153564775
6.51246e-07 0.15155585591134185 3.6219979538178952
6.52203e-07 0.15018620987982942 3.630792736805293
6.53162e-07 0.1488232079116658 3.6395533169900283
6.54123e-07 0.14746893777822817 3.6482937227708843
6.55088e-07 0.14612194415377233 3.6570140309497416
6.56055e-07 0.1447816098452267 3.6657279924387973
6.57026e-07 0.1434489399915763 3.6744084691804075
6.57999e-07 0.14212331230059566 3.6830692412577983
6.58975e-07 0.1408046510926515 3.691710436880082
6.59954e-07 0.13989178354195966 3.7008606716684906
6.60936e-07 0.13961701591009554 3.7107941078873727
6.61921e-07 0.13934470439548496 3.720701136431555
6.62909e-07 0.13907297850880104 3.7305953001299015
6.63899e-07 0.1388054875435528 3.740450101708644
6.64893e-07 0.1385390236498271 3.7502790644262527
6.6589e-07 0.1382762217891317 3.760082487594159
6.66889e-07 0.13801390686387854 3.769873716517283
6.67892e-07 0.1377556743592572 3.7796265193558707
6.68898e-07 0.13749836056293313 3.789354272057113
6.69907e-07 0.1372441003717122 3.7990704051237114
6.70918e-07 0.13699249700665564 3.8087487373461797
6.71933e-07 0.1367417364598634 3.8184025851774797
6.72951e-07 0.1364944099580622 3.82803222608559
6.73972e-07 0.1362474161022082 3.8376507603473415
6.74996e-07 0.1360042610518764 3.8472324025231783
6.76023e-07 0.1357618542064113 3.8567902822240105
6.77054e-07 0.13552276265700156 3.866324665518687
6.78087e-07 0.1352839249167384 3.875848518755716
6.79124e-07 0.1350487986736141 3.885336301792058
6.80164e-07 0.13481561515531845 3.894801053980769
6.81207e-07 0.13458263030585466 3.9042556889092244
6.82253e-07 0.13435326660742217 3.913674846004467
6.83302e-07 0.1341245018001667 3.923071421983437
6.84355e-07 0.13389886215991612 3.9324456646325983
6.85411e-07 0.13367335254503987 3.9418103157281212
6.8647e-07 0.13345134995115346 3.9511402484351
6.87533e-07 0.1332298692207814 3.960448231962209
6.88598e-07 0.1330109925407754 3.9697470856638564
6.89667e-07 0.13279428066481386 3.9790117266699885
6.9074e-07 0.13257803645334154 3.9882548734690744
6.91816e-07 0.13236474709082827 3.9974767574399253
6.92895e-07 0.13215147971143165 4.006689907341211
6.93977e-07 0.13194153546196588 4.0158695906092445
6.95063e-07 0.1317319910001411 4.025028362316577
6.96152e-07 0.1315253119091726 4.0341664452118
6.97245e-07 0.1313185992369288 4.043296251142816
6.98341e-07 0.13111511279320134 4.052393264825462
6.99441e-07 0.13091319270721757 4.0614699634522475
7.00544e-07 0.1307112000286458 4.0705387134644635
7.0165e-07 0.1305123644641809 4.079575158920109
7.0276e-07 0.13031382085257706 4.0885916514009075
7.03874e-07 0.13011799819559056 4.097588399712009
7.04991e-07 0.13009592257528857 4.10727707235228
7.06111e-07 0.13033563915732804 4.117983411675495
7.07235e-07 0.13057499046867838 4.12866199005633
7.08363e-07 0.13081397736325007 4.13931302231102
7.09495e-07 0.13105260070917418 4.1499367204998
7.1063e-07 0.13129086138810053 4.160533293976149
7.11768e-07 0.1315299578274478 4.171102987197282
7.12911e-07 0.13176749285048886 4.18164592859942
7.14056e-07 0.13200466794866017 4.192162357585907
7.15206e-07 0.13224148405089622 4.20265247315359
7.16359e-07 0.13247794209652078 4.213116471822507
7.17517e-07 0.1327140430346876 4.22355454767884
7.18677e-07 0.1329509675861973 4.2339669294624995
7.19842e-07 0.1331859850096775 4.244365501061731
7.2101e-07 0.1334210186937507 4.254726920523723
7.22183e-07 0.1336556991654927 4.265063170214412
7.23358e-07 0.1338900274154178 4.275374432659823
7.24538e-07 0.13412400444092865 4.285660888190673
7.25722e-07 0.13435879400281384 4.295922751345267
7.2691e-07 0.13459206883427555 4.306160125331278
7.28101e-07 0.13482499549024798 4.316373220587968
7.29296e-07 0.13505757499132157 4.326562209024913
7.30496e-07 0.13528980836298657 4.336727260532635
7.31699e-07 0.13552169663527838 4.346868543015639
7.32906e-07 0.13575438731167092 4.356986258146148
7.34117e-07 0.13598558584316797 4.367080498405898
7.35332e-07 0.1362164424075801 4.377151461759368
7.36552e-07 0.13644660394012936 4.387210694248316
7.37775e-07 0.13667678072518352 4.397235556845846
7.39002e-07 0.13690661867752377 4.407237618082069
7.40234e-07 0.13713724969446148 4.417217067934715
7.41469e-07 0.13736641060003926 4.42717398921266
7.42709e-07 0.1375952358547196 4.437108568530853
7.43953e-07 0.13782372651684557 4.447020955605111
7.45201e-07 0.13805188364617357 4.456911298486683
7.46453e-07 0.1382797083036481 4.466779743588052
7.47709e-07 0.13850831739548164 4.47662647023266
7.4897e-07 0.13873547785330062 4.486451552487242
7.50235e-07 0.13896230904306967 4.496255166617502
7.51504e-07 0.13918881202822544 4.506037452728709
7.52778e-07 0.13941464636900253 4.515809611091038
7.54056e-07 0.1396404970530163 4.52554963163782
7.55338e-07 0.13986712413901747 4.535268769589617
7.56624e-07 0.14018803535573734 4.546037030783724
7.57915e-07 0.1406454386311672 4.558341928750821
7.5921e-07 0.14110249463225324 4.5706137349366385
7.6051e-07 0.14155702787012772 4.5828526478754945
7.61814e-07 0.14201157028529784 4.5950481266353345
7.63123e-07 0.14246328502914307 4.6072221335183405
7.64436e-07 0.14291361142166026 4.619364057998631
7.65754e-07 0.14336364046695452 4.63147418576504
7.67076e-07 0.14381155772623078 4.643541941679395
7.68403e-07 0.14425886261277707 4.655589180699081
7.69735e-07 0.14470375225181809 4.6676052935007
7.71071e-07 0.14514838157650212 4.679590586010092
7.72412e-07 0.14559095498169683 4.691534581154921
7.73757e-07 0.14603189257541568 4.703458867009379
7.75107e-07 0.14647259605699856 4.715353032530616
7.76462e-07 0.1469109551825713 4.72721723942878
7.77821e-07 0.14734942469790668 4.739041237735625
7.79186e-07 0.14778524856631306 4.750846290893214
7.80555e-07 0.14822087133918926 4.762622116723155
7.81929e-07 0.14865420328106546 4.77436886636895
7.83308e-07 0.14908767496398057 4.786076382050976
7.84691e-07 0.14951855582549362 4.797765709008323
7.8608e-07 0.14994822794435578 4.809426626019327
7.87473e-07 0.15037773736619706 4.821059371538103
7.88872e-07 0.15080534173469823 4.832653748314245
7.90275e-07 0.15123247476369128 4.844230719260092
7.91684e-07 0.1516574044244679 4.855780057654668
7.93097e-07 0.15208220001705575 4.867302024280189
7.94516e-07 0.15250513593411824 4.8787865106485535
7.95939e-07 0.1529266093432625 4.890254241636648
7.97368e-07 0.15334796901730902 4.901695176120373
7.98802e-07 0.1537671834062802 4.913109437687369
8.00241e-07 0.1541866147000264 4.92448713189025
8.01685e-07 0.15460360480578023 4.935848688383685
8.03134e-07 0.15502050689127514 4.947184184721328
8.04589e-07 0.15543530776831432 4.958493736499123
8.06049e-07 0.15585034810451515 4.969767532893696
8.07514e-07 0.1562629927333697 4.981025810302331
8.08985e-07 0.15667457299290824 4.992258699408767
8.10461e-07 0.1570860952721288 5.003466402538129
8.11942e-07 0.15749588150920013 5.014639065046692
8.13429e-07 0.157905307750682 5.025796860818773
8.14921e-07 0.15831270522647875 5.0369299094424695
8.16419e-07 0.15872006721540902 5.048038436832357
8.17922e-07 0.15912573066906505 5.059112669051853
8.19431e-07 0.15953007309839473 5.070172565527014
8.20945e-07 0.15993439606712131 5.081208420350946
8.22465e-07 0.16019665945859074 5.094925217282555
8.23991e-07 0.16043133506916898 5.109132823999791
8.25522e-07 0.16066594439513526 5.123301039924199
8.27059e-07 0.1609014554744361 5.137430221265666
8.28602e-07 0.1611359169253945 5.1515206282925226
8.3015e-07 0.1613702997087388 5.165572608494443
8.31704e-07 0.16160459992753567 5.179586474489806
8.33264e-07 0.16183851408963115 5.193572152636635
8.3483e-07 0.16207359833170562 5.2075107154259594
8.36402e-07 0.1623076271995937 5.221412047123571
8.3798e-07 0.16254155902531905 5.235276473922879
8.39564e-07 0.16277539044729034 5.249104288136716
8.41154e-07 0.1630091182020114 5.262895778240056
8.42749e-07 0.1632436857859401 5.276651258227038
8.44351e-07 0.16347719434135355 5.29037095042207
8.45959e-07 0.16371059001924768 5.304055161598949
8.47573e-07 0.1639438699213729 5.31770416556664
8.49193e-07 0.16417703123454905 5.331318232631118
8.5082e-07 0.1644110058156064 5.34489765840594
8.52453e-07 0.1646439194793891 5.358442648775998
8.54092e-07 0.16487670661958703 5.371953492760871
8.55737e-07 0.16510936474012688 5.3854304472646275
8.57389e-07 0.16534189141888173 5.398873765986567
8.59047e-07 0.165575207266297 5.412283727712478
8.60711e-07 0.16580746180712566 5.425660523327175
8.62382e-07 0.16603929770661108 5.439013609872925
8.64059e-07 0.16627127454279217 5.452324837785995
8.65743e-07 0.16650310887404235 5.465603652412487
8.67434e-07 0.16673571043720745 5.478850317095275
8.69131e-07 0.1669672515705966 5.492065009001354
8.70835e-07 0.1671986443392253 5.505247985937498
8.72545e-07 0.16742988690204497 5.518399475122115
8.74263e-07 0.16766097747423103 5.531519701073803
8.75987e-07 0.16789281527646702 5.544608912937093
8.77717e-07 0.16812359461509155 5.557667275311315
8.79455e-07 0.16835421694602612 5.570695032252575
8.812e-07 0.16858468069462937 5.5836923979177895
8.82951e-07 0.16881498433542444 5.596659583978301
8.8471e-07 0.16904601691176108 5.609596826495976
8.86475e-07 0.16927599390790576 5.622504278532254
8.88248e-07 0.16950580651605013 5.635382171462966
8.90027e-07 0.16973545339465557 5.648230707410869
8.91814e-07 0.16996493324524628 5.661050086206009
8.93608e-07 0.17099662834149396 5.676252271252941
8.95409e-07 0.17216664885378374 5.691839891895901
8.97218e-07 0.17333156875312256 5.70738502580003
8.99034e-07 0.17449144503480624 5.722888017809743
9.00857e-07 0.17564633371744465 5.738349208138903
9.02687e-07 0.1767965566305551 5.753760250691405
9.04526e-07 0.17794163467103213 5.7691388634136205
9.06371e-07 0.17908188751693174 5.784476667982734
9.08224e-07 0.1802173674964297 5.799773986936676
9.10085e-07 0.18134812606606646 5.815031138594846
9.11953e-07 0.1824742138300411 5.830248437134809
9.13829e-07 0.1835956805589758 5.8454261926672135
9.15713e-07 0.18471257520816897 5.860564711308974
9.17605e-07 0.18582494593535234 5.875664295254782
9.19504e-07 0.18693284011796932 5.890725242846977
9.21411e-07 0.18803657366158308 5.905739390883617
9.23326e-07 0.18913565405276891 5.920723967187962
9.25249e-07 0.19023039550769336 5.93567077956443
9.27181e-07 0.1913208424465548 5.950580111615544
9.2912e-07 0.19240703858897867 5.965452243417809
9.31067e-07 0.19348902696872342 5.980287451582683
9.33023e-07 0.19456684994800386 5.9950860093161875
9.34987e-07 0.19564054923144372 6.009848186477224
9.36959e-07 0.19671016587966797 6.024574249634608
9.38939e-07 0.19777656735098464 6.039264489206706
9.40928e-07 0.19883813739337405 6.053919111194174
9.42925e-07 0.19989601536730106 6.068530169403439
9.44931e-07 0.20094969780128694 6.083114398155474
9.46945e-07 0.20199949370291603 6.097663798165346
9.48968e-07 0.20304544053544682 6.112178617393493
9.51e-07 0.20408757520409773 6.126659100876488
9.5304e-07 0.2051259340671294 6.141105490775005
9.55089e-07 0.20616055294665303 6.155518026420788
9.57147e-07 0.2071914671391741 6.169896944362628
9.59214e-07 0.20821871142587833 6.184242478411391
9.61289e-07 0.20924232008266777 6.198554859684117
9.63374e-07 0.21026259894427485 6.212826277992553
9.65468e-07 0.2112790372606662 6.227073054942088
9.67571e-07 0.21229193983478237 6.241287356605111
9.69683e-07 0.2133013390171106 6.255469403747931
9.71804e-07 0.21430726669952724 6.269619414650321
9.73935e-07 0.2153097543239776 6.283737605144493
9.76075e-07 0.2163088328909515 6.297824188653304
9.78224e-07 0.21730453296776117 6.311879376227681
9.80383e-07 0.21829688469662503 6.32590337658332
9.82552e-07 0.21928591780256498 6.339896396136653
9.8473e-07 0.22035046551181178 6.355466491741678
9.86918e-07 0.22161517651852877 6.375195156735466
9.89115e-07 0.22287393137128605 6.394870818811347
9.91322e-07 0.22412734313127006 6.414478393910068
9.9354e-07 0.225374934901312 6.43403402705346
9.95767e-07 0.22661731662254128 6.453522713076417
9.98004e-07 0.22785400949914558 6.472960485716318
1.00025e-06 0.22908534902980068 6.492340109478254
