1000.25 -29.9816 28.3025
998.003 -29.8773 28.2019
995.766 -29.773 28.1014
993.539 -29.6687 28.0009
991.321 -29.5643 27.9004
989.114 -29.46 27.7998
986.917 -29.3557 27.6993
984.729 -29.2514 27.5988
982.551 -29.1536 27.5375
980.382 -29.0592 27.496
978.223 -28.9648 27.4544
976.074 -28.8704 27.4128
973.934 -28.776 27.3713
971.803 -28.6816 27.3297
969.682 -28.5872 27.2882
967.57 -28.4928 27.2466
965.467 -28.3984 27.205
963.373 -28.304 27.1635
961.289 -28.2096 27.1219
959.213 -28.1152 27.0803
957.146 -28.0208 27.0388
955.088 -27.9264 26.9972
953.039 -27.832 26.9557
950.999 -27.7377 26.9141
948.967 -27.6433 26.8725
946.944 -27.5489 26.831
944.93 -27.4545 26.7894
942.924 -27.3601 26.7478
940.927 -27.2657 26.7063
938.938 -27.1713 26.6647
936.958 -27.0769 26.6232
934.986 -26.9825 26.5816
933.022 -26.8881 26.54
931.066 -26.7937 26.4985
929.119 -26.6993 26.4569
927.18 -26.6049 26.4153
925.249 -26.5105 26.3738
923.325 -26.4161 26.3322
921.41 -26.3217 26.2907
919.503 -26.2273 26.2491
917.604 -26.1329 26.2075
915.712 -26.0385 26.166
913.828 -25.9441 26.1244
911.952 -25.8497 26.0829
910.084 -25.7553 26.0413
908.223 -25.6609 25.9997
906.37 -25.5665 25.9582
904.525 -25.4721 25.9166
902.687 -25.3777 25.875
900.856 -25.2833 25.8335
899.033 -25.1889 25.7919
897.217 -25.0945 25.7504
895.409 -25.0001 25.7088
893.607 -24.9057 25.6672
891.813 -24.8159 25.6197
890.027 -24.7664 25.5209
888.247 -24.7169 25.4222
886.474 -24.6674 25.3234
884.709 -24.6179 25.2246
882.95 -24.5684 25.1259
881.199 -24.5189 25.0271
879.454 -24.4694 24.9283
877.717 -24.4199 24.8296
875.986 -24.3704 24.7308
874.262 -24.3209 24.632
872.545 -24.2714 24.5333
870.834 -24.2219 24.4345
869.13 -24.1724 24.3357
867.433 -24.1229 24.237
865.743 -24.0734 24.1382
864.059 -24.0239 24.0394
862.381 -23.9744 23.9406
860.71 -23.9249 23.8419
859.046 -23.8754 23.7431
857.388 -23.8259 23.6443
855.736 -23.7764 23.5456
854.091 -23.7269 23.4468
852.452 -23.6774 23.348
850.819 -23.6279 23.2493
849.193 -23.5784 23.1505
847.572 -23.5289 23.0517
845.958 -23.4794 22.953
844.35 -23.4299 22.8542
842.749 -23.3804 22.7554
841.153 -23.3309 22.6567
839.563 -23.2814 22.5579
837.979 -23.2319 22.4591
836.402 -23.1824 22.3604
834.83 -23.1329 22.2616
833.264 -23.0834 22.1628
831.704 -23.0339 22.0641
830.149 -22.9844 21.9653
828.601 -22.9349 21.8665
827.058 -22.8854 21.7677
825.521 -22.8359 21.669
823.99 -22.7864 21.5702
822.464 -22.7369 21.4714
820.944 -22.6868 21.3777
819.43 -22.6314 21.3281
817.921 -22.5759 21.2785
816.418 -22.5205 21.2288
814.92 -22.465 21.1792
813.428 -22.4096 21.1296
811.941 -22.3542 21.08
810.46 -22.2987 21.0303
808.984 -22.2433 20.9807
807.514 -22.1878 20.9311
806.048 -22.1324 20.8815
804.588 -22.0769 20.8319
803.134 -22.0215 20.7822
801.684 -21.9661 20.7326
800.24 -21.9106 20.683
798.801 -21.8552 20.6334
797.367 -21.7997 20.5837
795.939 -21.7443 20.5341
794.515 -21.6888 20.4845
793.096 -21.6334 20.4349
791.683 -21.578 20.3852
790.275 -21.5225 20.3356
788.871 -21.4671 20.286
787.473 -21.4116 20.2364
786.079 -21.3562 20.1868
784.691 -21.3007 20.1371
783.307 -21.2453 20.0875
781.928 -21.1899 20.0379
780.554 -21.1344 19.9883
779.185 -21.079 19.9386
777.821 -21.0235 19.889
776.461 -20.9681 19.8394
775.107 -20.9127 19.7898
773.756 -20.8572 19.7401
772.411 -20.8018 19.6905
771.07 -20.7463 19.6409
769.734 -20.6909 19.5913
768.403 -20.6354 19.5416
767.076 -20.58 19.492
765.754 -20.5246 19.4424
764.436 -20.4691 19.3928
763.123 -20.4137 19.3432
761.814 -20.3582 19.2935
760.51 -20.3028 19.2439
759.21 -20.2473 19.1943
757.915 -20.1919 19.1447
756.624 -20.1365 19.095
755.337 -20.0862 19.0497
754.055 -20.0409 19.0084
752.777 -19.9956 18.9672
751.504 -19.9503 18.9259
750.234 -19.9049 18.8846
748.97 -19.8596 18.8433
747.709 -19.8143 18.8021
746.452 -19.769 18.7608
745.2 -19.7237 18.7195
743.952 -19.6783 18.6782
742.708 -19.633 18.6369
741.469 -19.5877 18.5957
740.233 -19.5424 18.5544
739.002 -19.4971 18.5131
737.774 -19.4517 18.4718
736.551 -19.4064 18.4306
735.332 -19.3611 18.3893
734.117 -19.3158 18.348
732.905 -19.2705 18.3067
731.698 -19.2251 18.2655
730.495 -19.1798 18.2242
729.296 -19.1345 18.1829
728.1 -19.0892 18.1416
726.909 -19.0439 18.1004
725.721 -18.9985 18.0591
724.538 -18.9532 18.0178
723.358 -18.9079 17.9765
722.182 -18.8626 17.9352
721.01 -18.8173 17.894
719.841 -18.7719 17.8527
718.677 -18.7266 17.8114
717.516 -18.6813 17.7701
716.359 -18.636 17.7289
715.206 -18.5907 17.6876
714.056 -18.5453 17.6463
712.91 -18.5 17.605
711.768 -18.4547 17.5638
710.629 -18.4094 17.5225
709.494 -18.3641 17.4812
708.363 -18.3187 17.4399
707.235 -18.2734 17.3987
706.111 -18.2281 17.3574
704.99 -18.1828 17.3161
703.873 -18.1385 17.2799
702.76 -18.0952 17.2477
701.65 -18.0518 17.2155
700.543 -18.0084 17.1833
699.44 -17.965 17.1511
698.341 -17.9216 17.1188
697.244 -17.8782 17.0866
696.152 -17.8349 17.0544
695.063 -17.7915 17.0222
693.977 -17.7481 16.99
692.894 -17.7047 16.9578
691.815 -17.6613 16.9256
690.739 -17.618 16.8933
689.667 -17.5746 16.8611
688.598 -17.5312 16.8289
687.532 -17.4878 16.7967
686.47 -17.4444 16.7645
685.411 -17.401 16.7323
684.355 -17.3577 16.7001
683.302 -17.3143 16.6678
682.252 -17.2709 16.6356
681.206 -17.2275 16.6034
680.163 -17.1841 16.5712
679.123 -17.1407 16.539
678.087 -17.0974 16.5068
677.053 -17.054 16.4746
676.023 -17.0106 16.4423
674.996 -16.9672 16.4101
673.972 -16.9238 16.3779
672.951 -16.8805 16.3457
671.933 -16.8371 16.3135
670.918 -16.7937 16.2813
669.906 -16.7503 16.2491
668.897 -16.7069 16.2168
667.892 -16.6635 16.1846
666.889 -16.6202 16.1524
665.889 -16.5768 16.1202
664.893 -16.5334 16.088
663.899 -16.49 16.0558
662.908 -16.4466 16.0236
661.92 -16.4033 15.9913
660.936 -16.3599 15.9591
659.954 -16.3165 15.9269
658.975 -16.2776 15.8984
657.999 -16.2425 15.8732
657.025 -16.2075 15.848
656.055 -16.1724 15.8227
655.088 -16.1373 15.7975
654.123 -16.1023 15.7722
653.161 -16.0672 15.747
652.202 -16.0322 15.7218
651.246 -15.9971 15.6965
650.293 -15.962 15.6713
649.342 -15.927 15.646
648.394 -15.8919 15.6208
647.449 -15.8569 15.5956
646.507 -15.8218 15.5703
645.568 -15.7868 15.5451
644.631 -15.7517 15.5198
643.697 -15.7166 15.4946
642.765 -15.6816 15.4693
641.837 -15.6465 15.4441
640.91 -15.6115 15.4189
639.987 -15.5764 15.3936
639.066 -15.5413 15.3684
638.148 -15.5063 15.3431
637.233 -15.4712 15.3179
636.32 -15.4362 15.2927
635.41 -15.4011 15.2674
634.502 -15.3661 15.2422
633.597 -15.331 15.2169
632.695 -15.2959 15.1917
631.795 -15.2609 15.1665
630.898 -15.2258 15.1412
630.003 -15.1908 15.116
629.111 -15.1557 15.0907
628.221 -15.1206 15.0655
627.334 -15.0856 15.0403
626.449 -15.0505 15.015
625.567 -15.0155 14.9898
624.687 -14.9804 14.9645
623.81 -14.9453 14.9393
622.935 -14.9103 14.914
622.063 -14.8752 14.8888
621.193 -14.8402 14.8636
620.326 -14.8051 14.8383
619.461 -14.7701 14.8131
618.598 -14.735 14.7878
617.738 -14.6999 14.7626
616.88 -14.6649 14.7374
616.025 -14.6337 14.7091
615.172 -14.6028 14.6805
614.321 -14.572 14.6519
613.472 -14.5412 14.6233
612.626 -14.5103 14.5947
611.783 -14.4795 14.5661
610.941 -14.4487 14.5375
610.102 -14.4178 14.5089
609.265 -14.387 14.4803
608.431 -14.3562 14.4517
607.599 -14.3254 14.4231
606.769 -14.2945 14.3945
605.941 -14.2637 14.3659
605.116 -14.2329 14.3373
604.293 -14.202 14.3087
603.472 -14.1712 14.2801
602.653 -14.1404 14.2515
601.836 -14.1095 14.2229
601.022 -14.0787 14.1943
600.21 -14.0479 14.1657
599.4 -14.0171 14.1371
598.593 -13.9862 14.1085
597.787 -13.9554 14.0799
596.984 -13.9246 14.0513
596.182 -13.8937 14.0227
595.383 -13.8629 13.9941
594.587 -13.8321 13.9655
593.792 -13.8013 13.9369
592.999 -13.7704 13.9083
592.209 -13.7396 13.8797
591.42 -13.7088 13.8511
590.634 -13.6779 13.8225
589.849 -13.6471 13.7939
589.067 -13.6163 13.7653
588.287 -13.5854 13.7367
587.509 -13.5546 13.7081
586.733 -13.5238 13.6795
585.959 -13.493 13.6509
585.187 -13.4621 13.6223
584.417 -13.4313 13.5937
583.65 -13.4005 13.5651
582.884 -13.3696 13.5365
582.12 -13.3388 13.5079
581.358 -13.3112 13.4881
580.598 -13.2837 13.4686
579.84 -13.2562 13.449
579.085 -13.2287 13.4294
578.331 -13.2012 13.4099
577.579 -13.1737 13.3903
576.829 -13.1461 13.3707
576.081 -13.1186 13.3511
575.335 -13.0911 13.3316
574.59 -13.0636 13.312
573.848 -13.0361 13.2924
573.108 -13.0086 13.2729
572.369 -12.9811 13.2533
571.633 -12.9536 13.2337
570.898 -12.9261 13.2142
570.165 -12.8986 13.1946
569.435 -12.871 13.175
568.705 -12.8435 13.1554
567.978 -12.816 13.1359
567.253 -12.7885 13.1163
566.53 -12.761 13.0967
565.808 -12.7335 13.0772
565.088 -12.706 13.0576
564.37 -12.6785 13.038
563.654 -12.651 13.0184
562.94 -12.6234 12.9989
562.227 -12.5959 12.9793
561.517 -12.5684 12.9597
560.808 -12.5409 12.9402
560.101 -12.5134 12.9206
559.396 -12.4859 12.901
558.692 -12.4584 12.8815
557.99 -12.4309 12.8619
557.29 -12.4034 12.8423
556.592 -12.3759 12.8227
555.895 -12.3483 12.8032
555.201 -12.3208 12.7836
554.508 -12.2933 12.764
553.816 -12.2658 12.7445
553.127 -12.2383 12.7249
552.439 -12.2108 12.7053
551.753 -12.1833 12.6857
551.068 -12.1558 12.6662
550.385 -12.1283 12.6466
549.704 -12.1008 12.627
549.025 -12.0732 12.6075
548.347 -12.0475 12.5862
547.671 -12.0248 12.562
546.997 -12.0021 12.5379
546.324 -11.9793 12.5137
545.653 -11.9566 12.4896
544.984 -11.9339 12.4654
544.316 -11.9112 12.4413
543.65 -11.8884 12.4171
542.985 -11.8657 12.393
542.322 -11.843 12.3688
541.661 -11.8203 12.3447
541.001 -11.7976 12.3205
540.343 -11.7748 12.2964
539.687 -11.7521 12.2722
539.032 -11.7294 12.248
538.379 -11.7067 12.2239
537.727 -11.6839 12.1997
537.077 -11.6612 12.1756
536.428 -11.6385 12.1514
535.781 -11.6158 12.1273
535.136 -11.593 12.1031
534.492 -11.5703 12.079
533.85 -11.5476 12.0548
533.209 -11.5249 12.0307
532.57 -11.5021 12.0065
531.932 -11.4794 11.9824
531.296 -11.4567 11.9582
530.661 -11.434 11.9341
530.028 -11.4112 11.9099
529.396 -11.3885 11.8858
528.766 -11.3658 11.8616
528.137 -11.3431 11.8375
527.51 -11.3203 11.8133
526.885 -11.2976 11.7891
526.26 -11.2749 11.765
525.638 -11.2522 11.7408
525.016 -11.2294 11.7167
524.397 -11.2067 11.6925
523.778 -11.184 11.6684
523.161 -11.1613 11.6442
522.546 -11.1385 11.6201
521.932 -11.1158 11.5959
521.32 -11.0931 11.5718
520.708 -11.0713 11.5494
520.099 -11.0513 11.531
519.491 -11.0314 11.5125
518.884 -11.0115 11.494
518.278 -10.9916 11.4756
517.674 -10.9717 11.4571
517.072 -10.9517 11.4387
516.471 -10.9318 11.4202
515.871 -10.9119 11.4017
515.273 -10.892 11.3833
514.676 -10.8721 11.3648
514.08 -10.8522 11.3464
513.486 -10.8322 11.3279
512.893 -10.8123 11.3094
512.301 -10.7924 11.291
511.711 -10.7725 11.2725
511.122 -10.7526 11.2541
510.535 -10.7327 11.2356
509.949 -10.7127 11.2171
509.364 -10.6928 11.1987
508.781 -10.6729 11.1802
508.199 -10.653 11.1618
507.618 -10.6331 11.1433
507.039 -10.6132 11.1249
506.461 -10.5932 11.1064
505.884 -10.5733 11.0879
505.308 -10.5534 11.0695
504.734 -10.5335 11.051
504.161 -10.5136 11.0326
503.59 -10.4936 11.0141
503.02 -10.4737 10.9956
502.451 -10.4538 10.9772
501.883 -10.4339 10.9587
501.317 -10.414 10.9403
500.751 -10.3941 10.9218
500.188 -10.3741 10.9033
499.625 -10.3542 10.8849
499.064 -10.3343 10.8664
498.504 -10.3144 10.848
497.945 -10.2945 10.8295
497.387 -10.2746 10.811
496.831 -10.2546 10.7926
496.276 -10.2347 10.7741
495.722 -10.2153 10.7556
495.17 -10.1968 10.7371
494.618 -10.1783 10.7186
494.068 -10.1598 10.7
493.519 -10.1413 10.6815
492.972 -10.1228 10.663
492.425 -10.1043 10.6445
491.88 -10.0859 10.6259
491.336 -10.0674 10.6074
490.793 -10.0489 10.5889
490.251 -10.0304 10.5703
489.711 -10.0119 10.5518
489.172 -9.99342 10.5333
488.634 -9.97493 10.5147
488.097 -9.95644 10.4962
487.561 -9.93795 10.4777
487.026 -9.91947 10.4591
486.493 -9.90098 10.4406
485.961 -9.88249 10.4221
485.43 -9.86401 10.4035
484.9 -9.84552 10.385
484.371 -9.82703 10.3665
483.844 -9.80854 10.3479
483.317 -9.79006 10.3294
482.792 -9.77157 10.3109
482.268 -9.75308 10.2923
481.745 -9.7346 10.2738
481.223 -9.71611 10.2553
480.702 -9.69762 10.2367
480.183 -9.67913 10.2182
479.664 -9.66065 10.1997
479.147 -9.64216 10.1811
478.63 -9.62367 10.1626
478.115 -9.60519 10.1441
477.601 -9.5867 10.1256
477.088 -9.56821 10.107
476.576 -9.54972 10.0885
476.066 -9.53124 10.07
475.556 -9.51275 10.0514
475.047 -9.49426 10.0329
474.54 -9.47578 10.0144
474.034 -9.45729 9.99583
473.528 -9.4388 9.97729
473.024 -9.42032 9.95876
472.521 -9.40183 9.94023
472.019 -9.38334 9.9217
471.518 -9.36485 9.90316
471.018 -9.34763 9.88621
470.519 -9.33081 9.86974
470.021 -9.31398 9.85327
469.524 -9.29715 9.8368
469.029 -9.28032 9.82033
468.534 -9.26349 9.80386
468.04 -9.24666 9.78739
467.548 -9.22983 9.77092
467.056 -9.213 9.75446
466.565 -9.19618 9.73799
466.076 -9.17935 9.72152
465.587 -9.16252 9.70505
465.1 -9.14569 9.68858
464.614 -9.12886 9.67211
464.128 -9.11203 9.65564
463.644 -9.0952 9.63917
463.16 -9.07838 9.6227
462.678 -9.06155 9.60623
462.197 -9.04472 9.58976
461.716 -9.02789 9.57329
461.237 -9.01106 9.55682
460.758 -8.99423 9.54035
460.281 -8.9774 9.52389
459.804 -8.96057 9.50742
459.329 -8.94375 9.49095
458.855 -8.92692 9.47448
458.381 -8.91009 9.45801
457.909 -8.89326 9.44154
457.437 -8.87643 9.42507
456.966 -8.8596 9.4086
456.497 -8.84277 9.39213
456.028 -8.82594 9.37566
455.561 -8.80912 9.35919
455.094 -8.79229 9.34272
454.628 -8.77546 9.32625
454.163 -8.75863 9.30979
453.699 -8.7418 9.29332
453.237 -8.72497 9.27685
452.775 -8.70814 9.26038
452.314 -8.69131 9.24391
451.853 -8.67449 9.22744
451.394 -8.65766 9.21097
450.936 -8.64083 9.1945
450.479 -8.62654 9.18157
450.022 -8.61247 9.16894
449.567 -8.5984 9.15631
449.113 -8.58434 9.14368
448.659 -8.57027 9.13105
448.206 -8.5562 9.11842
447.754 -8.54213 9.10579
447.304 -8.52806 9.09316
446.854 -8.51399 9.08053
446.405 -8.49992 9.0679
445.956 -8.48585 9.05527
445.509 -8.47179 9.04265
445.063 -8.45772 9.03002
444.617 -8.44365 9.01739
444.173 -8.42958 9.00476
443.729 -8.41551 8.99213
443.286 -8.40144 8.9795
442.844 -8.38737 8.96687
442.403 -8.3733 8.95424
441.963 -8.35924 8.94161
441.524 -8.34517 8.92898
441.086 -8.3311 8.91635
440.648 -8.31703 8.90372
440.211 -8.30296 8.89109
439.776 -8.28889 8.87846
439.341 -8.27482 8.86583
438.907 -8.26075 8.85321
438.473 -8.24669 8.84058
438.041 -8.23262 8.82795
437.609 -8.21855 8.81532
437.179 -8.20448 8.80269
436.749 -8.19041 8.79006
436.32 -8.17634 8.77743
435.892 -8.16227 8.7648
435.465 -8.1482 8.75217
435.038 -8.13414 8.73954
434.612 -8.12007 8.72691
434.188 -8.106 8.71428
433.764 -8.09193 8.70165
433.341 -8.07786 8.68902
432.918 -8.06379 8.67639
432.497 -8.04972 8.66377
432.076 -8.03565 8.65114
431.656 -8.02158 8.63851
431.237 -8.00752 8.62588
430.819 -7.99345 8.61325
430.402 -7.97956 8.60061
429.985 -7.96627 8.58795
429.569 -7.95298 8.57528
429.154 -7.93969 8.56262
428.74 -7.9264 8.54996
428.327 -7.91311 8.53729
427.914 -7.89982 8.52463
427.502 -7.88653 8.51197
427.091 -7.87324 8.4993
426.681 -7.85995 8.48664
426.271 -7.84666 8.47398
425.863 -7.83337 8.46131
425.455 -7.82009 8.44865
425.048 -7.8068 8.43599
424.642 -7.79351 8.42332
424.236 -7.78022 8.41066
423.831 -7.76693 8.398
423.427 -7.75364 8.38533
423.024 -7.74035 8.37267
422.622 -7.72706 8.36001
422.22 -7.71377 8.34734
421.819 -7.70048 8.33468
421.419 -7.68719 8.32202
421.019 -7.6739 8.30935
420.621 -7.66061 8.29669
420.223 -7.64732 8.28403
419.826 -7.63403 8.27136
419.429 -7.62074 8.2587
419.034 -7.60745 8.24604
418.639 -7.59416 8.23337
418.245 -7.58087 8.22071
417.851 -7.56758 8.20805
417.458 -7.55429 8.19538
417.067 -7.541 8.18272
416.675 -7.52771 8.17006
416.285 -7.51442 8.15739
415.895 -7.50113 8.14473
415.506 -7.48784 8.13207
415.118 -7.47455 8.1194
414.73 -7.46126 8.10674
414.343 -7.44797 8.09408
413.957 -7.43468 8.08141
413.572 -7.42139 8.06875
413.187 -7.40847 8.05679
412.803 -7.39645 8.04651
412.42 -7.38442 8.03624
412.037 -7.3724 8.02597
411.656 -7.36037 8.01569
411.275 -7.34835 8.00542
410.894 -7.33633 7.99515
410.514 -7.3243 7.98487
410.135 -7.31228 7.9746
409.757 -7.30025 7.96432
409.379 -7.28823 7.95405
409.003 -7.2762 7.94378
408.626 -7.26418 7.9335
408.251 -7.25215 7.92323
407.876 -7.24013 7.91296
407.502 -7.2281 7.90268
407.128 -7.21608 7.89241
406.755 -7.20406 7.88214
406.383 -7.19203 7.87186
406.012 -7.18001 7.86159
405.641 -7.16798 7.85132
405.271 -7.15596 7.84104
404.902 -7.14393 7.83077
404.533 -7.13191 7.82049
404.165 -7.11988 7.81022
403.798 -7.10786 7.79995
403.431 -7.09583 7.78967
403.065 -7.08381 7.7794
402.699 -7.07178 7.76913
402.335 -7.05976 7.75885
401.971 -7.04774 7.74858
401.607 -7.03571 7.73831
401.244 -7.02369 7.72803
400.882 -7.01166 7.71776
400.521 -6.99964 7.70749
400.16 -6.98761 7.69721
399.8 -6.97559 7.68694
399.44 -6.96356 7.67666
399.082 -6.95154 7.66639
398.723 -6.93951 7.65612
398.366 -6.92749 7.64584
398.009 -6.91546 7.63557
397.653 -6.90344 7.6253
397.297 -6.89195 7.61497
396.942 -6.88179 7.60453
396.588 -6.87162 7.59409
396.234 -6.86146 7.58365
395.881 -6.85129 7.57321
395.528 -6.84113 7.56277
395.176 -6.83096 7.55233
394.825 -6.82079 7.54189
394.475 -6.81063 7.53145
394.125 -6.80046 7.52101
393.775 -6.7903 7.51057
393.426 -6.78013 7.50013
393.078 -6.76997 7.48969
392.731 -6.7598 7.47925
392.384 -6.74963 7.46881
392.038 -6.73947 7.45837
391.692 -6.7293 7.44793
391.347 -6.71914 7.43749
391.002 -6.70897 7.42705
390.659 -6.69881 7.41661
390.315 -6.68864 7.40617
389.973 -6.67847 7.39573
389.631 -6.66831 7.38529
389.289 -6.65814 7.37484
388.948 -6.64798 7.3644
388.608 -6.63781 7.35396
388.268 -6.62765 7.34352
387.929 -6.61748 7.33308
387.591 -6.60732 7.32264
387.253 -6.59715 7.3122
386.916 -6.58698 7.30176
386.579 -6.57682 7.29132
386.243 -6.56665 7.28088
385.907 -6.55649 7.27044
385.572 -6.54632 7.26
385.238 -6.53616 7.24956
384.904 -6.52599 7.23912
384.571 -6.51582 7.22868
384.238 -6.50566 7.21824
383.906 -6.49549 7.2078
383.575 -6.48533 7.19736
383.244 -6.47516 7.18692
382.913 -6.465 7.17648
382.584 -6.45483 7.16604
382.255 -6.44466 7.1556
381.926 -6.4345 7.14516
381.598 -6.42433 7.13471
381.27 -6.41394 7.12612
380.943 -6.40346 7.1183
380.617 -6.39297 7.11049
380.291 -6.38249 7.10267
379.966 -6.37201 7.09486
379.641 -6.36152 7.08704
379.317 -6.35104 7.07923
378.993 -6.34055 7.07141
378.67 -6.33007 7.06359
378.348 -6.31958 7.05578
378.026 -6.3091 7.04796
377.704 -6.29861 7.04015
377.383 -6.28813 7.03233
377.063 -6.27764 7.02452
376.743 -6.26716 7.0167
376.424 -6.25667 7.00889
376.105 -6.24619 7.00107
375.787 -6.23571 6.99326
375.47 -6.22522 6.98544
375.152 -6.21474 6.97763
374.836 -6.20425 6.96981
374.52 -6.19377 6.962
374.204 -6.18328 6.95418
373.889 -6.1728 6.94637
373.575 -6.16231 6.93855
373.261 -6.15183 6.93074
372.948 -6.14134 6.92292
372.635 -6.13086 6.91511
372.323 -6.12038 6.90729
372.011 -6.10989 6.89947
371.7 -6.09941 6.89166
371.389 -6.08892 6.88384
371.079 -6.07844 6.87603
370.769 -6.06795 6.86821
370.46 -6.05747 6.8604
370.151 -6.04698 6.85258
369.843 -6.0365 6.84477
369.535 -6.02601 6.83695
369.228 -6.01553 6.82914
368.921 -6.00505 6.82132
368.615 -5.99456 6.81351
368.31 -5.98408 6.80569
368.004 -5.97359 6.79788
367.7 -5.96352 6.79131
367.396 -5.95366 6.7854
367.092 -5.9438 6.77948
366.789 -5.93394 6.77357
366.486 -5.92409 6.76766
366.184 -5.91423 6.76174
365.883 -5.90437 6.75583
365.582 -5.89451 6.74991
365.281 -5.88465 6.744
364.981 -5.8748 6.73809
364.681 -5.86494 6.73217
364.382 -5.85508 6.72626
364.083 -5.84522 6.72034
363.785 -5.83536 6.71443
363.488 -5.82551 6.70852
363.19 -5.81565 6.7026
362.894 -5.80579 6.69669
362.597 -5.79593 6.69077
362.302 -5.78607 6.68486
362.007 -5.77622 6.67895
361.712 -5.76636 6.67303
361.417 -5.7565 6.66712
361.124 -5.74664 6.6612
360.83 -5.73678 6.65529
360.537 -5.72692 6.64938
360.245 -5.71707 6.64346
359.953 -5.70721 6.63755
359.662 -5.69735 6.63163
359.371 -5.68749 6.62572
359.08 -5.67763 6.61981
358.79 -5.66778 6.61389
358.501 -5.65792 6.60798
358.212 -5.64806 6.60206
357.923 -5.6382 6.59615
357.635 -5.62834 6.59024
357.347 -5.61849 6.58432
357.06 -5.60863 6.57841
356.773 -5.59877 6.57249
356.487 -5.58891 6.56658
356.201 -5.57905 6.56067
355.916 -5.5692 6.55475
355.631 -5.55934 6.54884
355.346 -5.54948 6.54292
355.062 -5.53962 6.53701
354.779 -5.52976 6.5311
354.495 -5.5199 6.52518
354.213 -5.51005 6.51927
353.931 -5.50084 6.51347
353.649 -5.49166 6.50768
353.367 -5.48249 6.50188
353.087 -5.47331 6.49609
352.806 -5.46414 6.4903
352.526 -5.45496 6.4845
352.247 -5.44579 6.47871
351.968 -5.43661 6.47292
351.689 -5.42744 6.46712
351.411 -5.41826 6.46133
351.133 -5.40909 6.45554
350.856 -5.39991 6.44974
350.579 -5.39074 6.44395
350.302 -5.38156 6.43816
350.026 -5.37238 6.43236
349.751 -5.36321 6.42657
349.476 -5.35403 6.42078
349.201 -5.34486 6.41498
348.927 -5.33568 6.40919
348.653 -5.32651 6.4034
348.379 -5.31733 6.3976
348.106 -5.30816 6.39181
347.834 -5.29898 6.38602
347.561 -5.28981 6.38022
347.29 -5.28063 6.37443
347.018 -5.27145 6.36864
346.748 -5.26228 6.36284
346.477 -5.2531 6.35705
346.207 -5.24393 6.35126
345.938 -5.23475 6.34546
345.668 -5.22558 6.33967
345.4 -5.2164 6.33388
345.131 -5.20723 6.32808
344.863 -5.19805 6.32229
344.596 -5.18888 6.3165
344.329 -5.1797 6.3107
344.062 -5.17053 6.30491
343.796 -5.16135 6.29912
343.53 -5.15217 6.29332
343.264 -5.143 6.28753
342.999 -5.13382 6.28174
342.735 -5.12465 6.27594
342.47 -5.1157 6.2701
342.207 -5.10858 6.2638
341.943 -5.10146 6.25751
341.68 -5.09434 6.25122
341.418 -5.08722 6.24493
341.155 -5.08009 6.23863
340.894 -5.07297 6.23234
340.632 -5.06585 6.22605
340.371 -5.05873 6.21976
340.111 -5.05161 6.21347
339.85 -5.04449 6.20717
339.591 -5.03736 6.20088
339.331 -5.03024 6.19459
339.072 -5.02312 6.1883
338.814 -5.016 6.18201
338.555 -5.00888 6.17571
338.298 -5.00176 6.16942
338.04 -4.99463 6.16313
337.783 -4.98751 6.15684
337.526 -4.98039 6.15054
337.27 -4.97327 6.14425
337.014 -4.96615 6.13796
336.759 -4.95903 6.13167
336.504 -4.9519 6.12538
336.249 -4.94478 6.11908
335.995 -4.93766 6.11279
335.741 -4.93054 6.1065
335.487 -4.92342 6.10021
335.234 -4.9163 6.09392
334.981 -4.90917 6.08762
334.729 -4.90205 6.08133
334.477 -4.89493 6.07504
334.225 -4.88781 6.06875
333.974 -4.88069 6.06245
333.723 -4.87357 6.05616
333.472 -4.86644 6.04987
333.222 -4.85932 6.04358
332.972 -4.8522 6.03729
332.723 -4.84508 6.03099
332.474 -4.83796 6.0247
332.225 -4.83084 6.01841
331.977 -4.82371 6.01212
331.729 -4.81659 6.00582
331.482 -4.80933 5.99977
331.234 -4.80033 5.99668
330.988 -4.79134 5.99358
330.741 -4.78234 5.99049
330.495 -4.77334 5.9874
330.249 -4.76434 5.9843
330.004 -4.75535 5.98121
329.759 -4.74635 5.97812
329.515 -4.73735 5.97502
329.27 -4.72836 5.97193
329.026 -4.71936 5.96884
328.783 -4.71036 5.96575
328.54 -4.70136 5.96265
328.297 -4.69237 5.95956
328.054 -4.68337 5.95647
327.812 -4.67437 5.95337
327.571 -4.66537 5.95028
327.329 -4.65638 5.94719
327.088 -4.64738 5.94409
326.848 -4.63838 5.941
326.607 -4.62938 5.93791
326.367 -4.62039 5.93481
326.128 -4.61139 5.93172
325.888 -4.60239 5.92863
325.65 -4.59339 5.92553
325.411 -4.5844 5.92244
325.173 -4.5754 5.91935
324.935 -4.5664 5.91625
324.697 -4.5574 5.91316
324.46 -4.54841 5.91007
324.223 -4.53941 5.90697
323.987 -4.53041 5.90388
323.751 -4.52141 5.90079
323.515 -4.51242 5.89769
323.28 -4.50342 5.8946
323.045 -4.49442 5.89151
322.81 -4.48543 5.88842
322.575 -4.47643 5.88532
322.341 -4.46743 5.88223
322.108 -4.45843 5.87914
321.874 -4.44944 5.87604
321.641 -4.44044 5.87295
321.408 -4.43144 5.86986
321.176 -4.42244 5.86676
320.944 -4.41345 5.86367
320.712 -4.40445 5.86058
320.481 -4.39545 5.85748
320.25 -4.38729 5.85386
320.019 -4.37957 5.84994
319.789 -4.37186 5.84603
319.559 -4.36415 5.84212
319.329 -4.35643 5.8382
319.1 -4.34872 5.83429
318.871 -4.341 5.83038
318.642 -4.33329 5.82646
318.413 -4.32558 5.82255
318.185 -4.31786 5.81863
317.958 -4.31015 5.81472
317.73 -4.30243 5.81081
317.503 -4.29472 5.80689
317.276 -4.28701 5.80298
317.05 -4.27929 5.79907
316.824 -4.27158 5.79515
316.598 -4.26386 5.79124
316.373 -4.25615 5.78733
316.147 -4.24844 5.78341
315.923 -4.24072 5.7795
315.698 -4.23301 5.77559
315.474 -4.22529 5.77167
315.25 -4.21758 5.76776
315.026 -4.20987 5.76384
314.803 -4.20215 5.75993
314.58 -4.19444 5.75602
314.358 -4.18672 5.7521
314.135 -4.17901 5.74819
313.913 -4.1713 5.74428
313.692 -4.16358 5.74036
313.47 -4.15587 5.73645
313.249 -4.14815 5.73254
313.028 -4.14044 5.72862
312.808 -4.13273 5.72471
312.588 -4.12501 5.7208
312.368 -4.1173 5.71688
312.149 -4.10958 5.71297
311.929 -4.10187 5.70905
311.711 -4.09416 5.70514
311.492 -4.08644 5.70123
311.274 -4.07873 5.69731
311.056 -4.07101 5.6934
310.838 -4.0633 5.68949
310.621 -4.05641 5.6855
310.404 -4.05095 5.6814
310.187 -4.04549 5.6773
309.971 -4.04002 5.6732
309.754 -4.03456 5.6691
309.539 -4.0291 5.665
309.323 -4.02364 5.66089
309.108 -4.01818 5.65679
308.893 -4.01272 5.65269
308.678 -4.00726 5.64859
308.464 -4.0018 5.64449
308.25 -3.99634 5.64038
308.036 -3.99087 5.63628
307.823 -3.98541 5.63218
307.609 -3.97995 5.62808
307.397 -3.97449 5.62398
307.184 -3.96903 5.61988
306.972 -3.96357 5.61577
306.76 -3.95811 5.61167
306.548 -3.95265 5.60757
306.337 -3.94719 5.60347
306.126 -3.94172 5.59937
305.915 -3.93626 5.59527
305.704 -3.9308 5.59116
305.494 -3.92534 5.58706
305.284 -3.91988 5.58296
305.074 -3.91442 5.57886
304.865 -3.90896 5.57476
304.656 -3.9035 5.57065
304.447 -3.89804 5.56655
304.239 -3.89257 5.56245
304.03 -3.88711 5.55835
303.822 -3.88165 5.55425
303.615 -3.87619 5.55015
303.407 -3.87073 5.54604
303.2 -3.86527 5.54194
302.994 -3.85981 5.53784
302.787 -3.85435 5.53374
302.581 -3.84888 5.52964
302.375 -3.84342 5.52554
302.169 -3.83796 5.52143
301.964 -3.8325 5.51733
301.759 -3.82704 5.51323
301.554 -3.82158 5.50913
301.349 -3.81612 5.50503
301.145 -3.81066 5.50092
300.941 -3.8052 5.49682
300.737 -3.79994 5.49166
300.534 -3.79473 5.48622
300.331 -3.78951 5.48079
300.128 -3.7843 5.47535
299.925 -3.77909 5.46992
299.723 -3.77388 5.46449
299.521 -3.76867 5.45905
299.319 -3.76346 5.45362
299.117 -3.75825 5.44819
298.916 -3.75304 5.44275
298.715 -3.74783 5.43732
298.514 -3.74262 5.43188
298.314 -3.73741 5.42645
298.113 -3.7322 5.42102
297.914 -3.72699 5.41558
297.714 -3.72178 5.41015
297.515 -3.71657 5.40471
297.315 -3.71136 5.39928
297.117 -3.70615 5.39385
296.918 -3.70094 5.38841
296.72 -3.69573 5.38298
296.522 -3.69052 5.37755
296.324 -3.68531 5.37211
296.126 -3.6801 5.36668
295.929 -3.67489 5.36124
295.732 -3.66968 5.35581
295.535 -3.66447 5.35038
295.339 -3.65926 5.34494
295.142 -3.65405 5.33951
294.947 -3.64884 5.33407
294.751 -3.64363 5.32864
294.555 -3.63842 5.32321
294.36 -3.63321 5.31777
294.165 -3.628 5.31234
293.971 -3.62279 5.30691
293.776 -3.61758 5.30147
293.582 -3.61237 5.29604
293.388 -3.60716 5.2906
293.194 -3.60195 5.28517
293.001 -3.59674 5.27974
292.808 -3.59153 5.2743
292.615 -3.58632 5.26887
292.422 -3.58111 5.26343
292.23 -3.57594 5.26036
292.038 -3.57078 5.2576
291.846 -3.56562 5.25484
291.655 -3.56046 5.25208
291.463 -3.5553 5.24932
291.272 -3.55014 5.24656
291.081 -3.54498 5.24379
290.891 -3.53982 5.24103
290.7 -3.53466 5.23827
290.51 -3.52951 5.23551
290.32 -3.52435 5.23275
290.131 -3.51919 5.22999
289.941 -3.51403 5.22723
289.752 -3.50887 5.22447
289.563 -3.50371 5.2217
289.375 -3.49855 5.21894
289.186 -3.49339 5.21618
288.998 -3.48823 5.21342
288.81 -3.48307 5.21066
288.623 -3.47791 5.2079
288.435 -3.47275 5.20514
288.248 -3.46759 5.20238
288.061 -3.46243 5.19961
287.874 -3.45727 5.19685
287.688 -3.45211 5.19409
287.502 -3.44695 5.19133
287.316 -3.44179 5.18857
287.13 -3.43663 5.18581
286.945 -3.43147 5.18305
286.759 -3.42631 5.18029
286.574 -3.42115 5.17752
286.39 -3.41599 5.17476
286.205 -3.41083 5.172
286.021 -3.40567 5.16924
285.837 -3.40051 5.16648
285.653 -3.39535 5.16372
285.469 -3.39019 5.16096
285.286 -3.38503 5.1582
285.103 -3.37987 5.15544
284.92 -3.37471 5.15267
284.738 -3.36955 5.14991
284.555 -3.36439 5.14715
284.373 -3.35924 5.14456
284.191 -3.35415 5.14296
284.009 -3.34906 5.14135
283.828 -3.34396 5.13974
283.647 -3.33887 5.13814
283.466 -3.33377 5.13653
283.285 -3.32868 5.13493
283.104 -3.32358 5.13332
282.924 -3.31849 5.13172
282.744 -3.3134 5.13011
282.564 -3.3083 5.1285
282.385 -3.30321 5.1269
282.205 -3.29811 5.12529
282.026 -3.29302 5.12369
281.847 -3.28793 5.12208
281.668 -3.28283 5.12047
281.49 -3.27774 5.11887
281.312 -3.27264 5.11726
281.134 -3.26755 5.11566
280.956 -3.26245 5.11405
280.778 -3.25736 5.11245
280.601 -3.25227 5.11084
280.424 -3.24717 5.10923
280.247 -3.24208 5.10763
280.07 -3.23698 5.10602
279.894 -3.23189 5.10442
279.717 -3.22679 5.10281
279.541 -3.2217 5.10121
279.366 -3.21661 5.0996
279.19 -3.21151 5.09799
279.015 -3.20642 5.09639
278.839 -3.20132 5.09478
278.665 -3.19623 5.09318
278.49 -3.19113 5.09157
278.315 -3.18604 5.08996
278.141 -3.18095 5.08836
277.967 -3.17585 5.08675
277.793 -3.17076 5.08515
277.62 -3.16566 5.08354
277.446 -3.16057 5.08194
277.273 -3.15548 5.08033
277.1 -3.15038 5.07872
276.927 -3.14529 5.07712
276.755 -3.14019 5.07551
276.582 -3.1351 5.07391
276.41 -3.13 5.0723
276.239 -3.12491 5.0707
276.067 -3.12055 5.06851
275.895 -3.11924 5.06393
275.724 -3.11793 5.05935
275.553 -3.11662 5.05477
275.382 -3.11531 5.05019
275.212 -3.114 5.0456
275.041 -3.11269 5.04102
274.871 -3.11138 5.03644
274.701 -3.11007 5.03186
274.531 -3.10876 5.02727
274.362 -3.10746 5.02269
274.192 -3.10615 5.01811
274.023 -3.10484 5.01353
273.854 -3.10353 5.00895
273.686 -3.10222 5.00436
273.517 -3.10091 4.99978
273.349 -3.0996 4.9952
273.181 -3.09829 4.99062
273.013 -3.09698 4.98604
272.845 -3.09567 4.98145
272.678 -3.09436 4.97687
272.51 -3.09305 4.97229
272.343 -3.09174 4.96771
272.176 -3.09044 4.96312
272.01 -3.08913 4.95854
271.843 -3.08782 4.95396
271.677 -3.08651 4.94938
271.511 -3.0852 4.9448
271.345 -3.08389 4.94021
271.18 -3.08258 4.93563
271.014 -3.08127 4.93105
270.849 -3.07996 4.92647
270.684 -3.07865 4.92188
270.519 -3.07734 4.9173
270.354 -3.07603 4.91272
270.19 -3.07473 4.90814
270.026 -3.07342 4.90356
269.862 -3.07211 4.89897
269.698 -3.0708 4.89439
269.534 -3.06949 4.88981
269.371 -3.06818 4.88523
269.207 -3.06687 4.88065
269.044 -3.06556 4.87606
268.882 -3.06426 4.87152
268.719 -3.06304 4.86732
268.556 -3.06181 4.86312
268.394 -3.06059 4.85891
268.232 -3.05937 4.85471
268.07 -3.05814 4.8505
267.909 -3.05692 4.8463
267.747 -3.0557 4.8421
267.586 -3.05447 4.83789
267.425 -3.05325 4.83369
267.264 -3.05203 4.82948
267.103 -3.0508 4.82528
266.943 -3.04958 4.82108
266.782 -3.04836 4.81687
266.622 -3.04713 4.81267
266.462 -3.04591 4.80846
266.303 -3.04469 4.80426
266.143 -3.04346 4.80006
265.984 -3.04224 4.79585
265.824 -3.04102 4.79165
265.665 -3.03979 4.78744
265.507 -3.03857 4.78324
265.348 -3.03735 4.77904
265.19 -3.03612 4.77483
265.031 -3.0349 4.77063
264.873 -3.03368 4.76642
264.716 -3.03245 4.76222
264.558 -3.03123 4.75802
264.4 -3.03 4.75381
264.243 -3.02878 4.74961
264.086 -3.02756 4.7454
263.929 -3.02633 4.7412
263.773 -3.02511 4.737
263.616 -3.02389 4.73279
263.46 -3.02266 4.72859
263.303 -3.02144 4.72438
263.147 -3.02022 4.72018
262.992 -3.01899 4.71598
262.836 -3.01777 4.71177
262.681 -3.01655 4.70757
262.525 -3.01532 4.70337
262.37 -3.0141 4.69916
262.216 -3.01288 4.69496
262.061 -3.01165 4.69075
261.906 -3.01043 4.68655
261.752 -3.00921 4.68235
261.598 -3.00796 4.67814
261.444 -3.00521 4.67418
261.29 -3.00245 4.67021
261.137 -2.9997 4.66625
260.983 -2.99694 4.66228
260.83 -2.99419 4.65831
260.677 -2.99143 4.65435
260.524 -2.98868 4.65038
260.371 -2.98592 4.64642
260.219 -2.98317 4.64245
260.066 -2.98041 4.63848
259.914 -2.97766 4.63452
259.762 -2.9749 4.63055
259.61 -2.97215 4.62659
259.459 -2.96939 4.62262
259.307 -2.96664 4.61865
259.156 -2.96388 4.61469
259.005 -2.96113 4.61072
258.854 -2.95837 4.60676
258.703 -2.95562 4.60279
258.553 -2.95286 4.59882
258.402 -2.95011 4.59486
258.252 -2.94735 4.59089
258.102 -2.9446 4.58693
257.952 -2.94184 4.58296
257.802 -2.93909 4.57899
257.653 -2.93633 4.57503
257.504 -2.93358 4.57106
257.354 -2.93082 4.5671
257.205 -2.92807 4.56313
257.057 -2.92531 4.55916
256.908 -2.92256 4.5552
256.759 -2.9198 4.55123
256.611 -2.91705 4.54727
256.463 -2.91429 4.5433
256.315 -2.91154 4.53933
256.167 -2.90878 4.53537
256.019 -2.90603 4.5314
255.872 -2.90327 4.52744
255.725 -2.90052 4.52347
255.578 -2.89776 4.5195
255.431 -2.89501 4.51554
255.284 -2.89225 4.51157
255.137 -2.8895 4.50761
254.991 -2.88714 4.50296
254.844 -2.88491 4.49808
254.698 -2.88268 4.4932
254.552 -2.88045 4.48832
254.407 -2.87822 4.48344
254.261 -2.87599 4.47856
254.116 -2.87376 4.47368
253.97 -2.87153 4.4688
253.825 -2.8693 4.46392
253.68 -2.86707 4.45903
253.535 -2.86484 4.45415
253.391 -2.86261 4.44927
253.246 -2.86039 4.44439
253.102 -2.85816 4.43951
252.958 -2.85593 4.43463
252.814 -2.8537 4.42975
252.67 -2.85147 4.42487
252.527 -2.84924 4.41999
252.383 -2.84701 4.41511
252.24 -2.84478 4.41023
252.097 -2.84255 4.40535
251.954 -2.84032 4.40047
251.811 -2.83809 4.39559
251.668 -2.83586 4.39071
251.526 -2.83363 4.38583
251.383 -2.83141 4.38095
251.241 -2.82918 4.37607
251.099 -2.82695 4.37119
250.957 -2.82472 4.36631
250.816 -2.82249 4.36143
250.674 -2.82026 4.35655
250.533 -2.81803 4.35166
250.391 -2.8158 4.34678
250.25 -2.81357 4.3419
250.109 -2.81134 4.33702
249.969 -2.80911 4.33214
249.828 -2.80688 4.32726
249.688 -2.80465 4.32238
249.547 -2.80242 4.3175
249.407 -2.8002 4.31262
249.267 -2.79797 4.30774
249.128 -2.79574 4.30286
248.988 -2.79357 4.29796
248.848 -2.79202 4.29281
248.709 -2.79047 4.28766
248.57 -2.78893 4.28251
248.431 -2.78738 4.27735
248.292 -2.78583 4.2722
248.153 -2.78429 4.26705
248.015 -2.78274 4.2619
247.876 -2.78119 4.25675
247.738 -2.77965 4.2516
247.6 -2.7781 4.24645
247.462 -2.77655 4.2413
247.324 -2.775 4.23615
247.187 -2.77346 4.231
247.049 -2.77191 4.22585
246.912 -2.77036 4.2207
246.775 -2.76882 4.21555
246.638 -2.76727 4.2104
246.501 -2.76572 4.20525
246.364 -2.76418 4.2001
246.228 -2.76263 4.19495
246.091 -2.76108 4.1898
245.955 -2.75954 4.18465
245.819 -2.75799 4.1795
245.683 -2.75644 4.17435
245.547 -2.7549 4.1692
245.412 -2.75335 4.16405
245.276 -2.7518 4.1589
245.141 -2.75026 4.15374
245.006 -2.74871 4.14859
244.87 -2.74716 4.14344
244.736 -2.74562 4.13829
244.601 -2.74407 4.13314
244.466 -2.74252 4.12799
244.332 -2.74097 4.12284
244.197 -2.73943 4.11769
244.063 -2.73788 4.11254
243.929 -2.73633 4.10739
243.795 -2.73479 4.10224
243.662 -2.73324 4.09709
243.528 -2.73169 4.09194
243.395 -2.73015 4.08679
243.261 -2.7286 4.08164
243.128 -2.72705 4.07649
242.995 -2.72551 4.07134
242.862 -2.72396 4.06619
242.73 -2.72241 4.06104
242.597 -2.72086 4.05588
242.465 -2.71915 4.05032
242.332 -2.71743 4.04477
242.2 -2.71572 4.03921
242.068 -2.71401 4.03365
241.936 -2.71229 4.0281
241.805 -2.71058 4.02254
241.673 -2.70886 4.01698
241.542 -2.70715 4.01143
241.411 -2.70544 4.00587
241.279 -2.70372 4.00032
241.148 -2.70201 3.99476
241.018 -2.7003 3.9892
240.887 -2.69858 3.98365
240.756 -2.69687 3.97809
240.626 -2.69515 3.97254
240.496 -2.69344 3.96698
240.366 -2.69173 3.96142
240.236 -2.69001 3.95587
240.106 -2.6883 3.95031
239.976 -2.68658 3.94476
239.846 -2.68487 3.9392
239.717 -2.68316 3.93364
239.588 -2.68144 3.92809
239.459 -2.67973 3.92253
239.33 -2.67801 3.91697
239.201 -2.6763 3.91142
239.072 -2.67459 3.90586
238.943 -2.67287 3.90031
238.815 -2.67116 3.89475
238.687 -2.66944 3.88919
238.558 -2.66773 3.88364
238.43 -2.66602 3.87808
238.302 -2.6643 3.87253
238.175 -2.66259 3.86697
238.047 -2.66088 3.86141
237.92 -2.65916 3.85586
237.792 -2.65745 3.8503
237.665 -2.65573 3.84475
237.538 -2.65402 3.83919
237.411 -2.65231 3.83363
237.284 -2.65059 3.82808
237.157 -2.64888 3.82252
237.031 -2.6466 3.81754
236.904 -2.64384 3.81304
236.778 -2.64109 3.80853
236.652 -2.63833 3.80403
236.526 -2.63558 3.79952
236.4 -2.63282 3.79502
236.274 -2.63007 3.79052
236.149 -2.62732 3.78601
236.023 -2.62456 3.78151
235.898 -2.62181 3.777
235.773 -2.61905 3.7725
235.648 -2.6163 3.768
235.523 -2.61354 3.76349
235.398 -2.61079 3.75899
235.273 -2.60803 3.75448
235.149 -2.60528 3.74998
235.024 -2.60253 3.74548
234.9 -2.59977 3.74097
234.776 -2.59702 3.73647
234.652 -2.59426 3.73196
234.528 -2.59151 3.72746
234.404 -2.58875 3.72296
234.281 -2.586 3.71845
234.157 -2.58325 3.71395
234.034 -2.58049 3.70944
233.911 -2.57774 3.70494
233.787 -2.57498 3.70044
233.665 -2.57223 3.69593
233.542 -2.56947 3.69143
233.419 -2.56672 3.68692
233.296 -2.56397 3.68242
233.174 -2.56121 3.67792
233.052 -2.55846 3.67341
232.929 -2.5557 3.66891
232.807 -2.55295 3.6644
232.685 -2.55019 3.6599
232.564 -2.54744 3.6554
232.442 -2.54469 3.65089
232.32 -2.54193 3.64639
232.199 -2.53918 3.64189
232.078 -2.53642 3.63738
231.956 -2.53367 3.63288
231.835 -2.53091 3.62837
231.714 -2.52816 3.62387
231.594 -2.52541 3.61937
231.473 -2.52265 3.61486
231.352 -2.5199 3.61036
231.232 -2.51702 3.60566
231.112 -2.51404 3.60082
230.991 -2.51107 3.59597
230.871 -2.5081 3.59112
230.751 -2.50512 3.58628
230.632 -2.50215 3.58143
230.512 -2.49917 3.57659
230.392 -2.4962 3.57174
230.273 -2.49323 3.5669
230.154 -2.49025 3.56205
230.035 -2.48728 3.55721
229.915 -2.4843 3.55236
229.797 -2.48133 3.54752
229.678 -2.47836 3.54267
229.559 -2.47538 3.53783
229.44 -2.47241 3.53298
229.322 -2.46943 3.52814
229.204 -2.46646 3.52329
229.085 -2.46349 3.51845
228.967 -2.46051 3.5136
228.849 -2.45754 3.50876
228.732 -2.45456 3.50391
228.614 -2.45159 3.49907
228.496 -2.44862 3.49422
228.379 -2.44564 3.48938
228.261 -2.44267 3.48453
228.144 -2.43969 3.47968
228.027 -2.43672 3.47484
227.91 -2.43374 3.46999
227.793 -2.43077 3.46515
227.677 -2.4278 3.4603
227.56 -2.42482 3.45546
227.443 -2.42185 3.45061
227.327 -2.41887 3.44577
227.211 -2.4159 3.44092
227.095 -2.41293 3.43608
226.979 -2.40995 3.43123
226.863 -2.40698 3.42639
226.747 -2.404 3.42154
226.631 -2.40103 3.4167
226.516 -2.39806 3.41185
226.4 -2.39508 3.40701
226.285 -2.39207 3.4023
226.17 -2.38882 3.39852
226.055 -2.38557 3.39473
225.94 -2.38231 3.39095
225.825 -2.37906 3.38716
225.71 -2.37581 3.38338
225.595 -2.37256 3.3796
225.481 -2.3693 3.37581
225.366 -2.36605 3.37203
225.252 -2.3628 3.36824
225.138 -2.35955 3.36446
225.024 -2.35629 3.36068
224.91 -2.35304 3.35689
224.796 -2.34979 3.35311
224.682 -2.34654 3.34932
224.569 -2.34328 3.34554
224.455 -2.34003 3.34175
224.342 -2.33678 3.33797
224.229 -2.33353 3.33419
224.116 -2.33028 3.3304
224.003 -2.32702 3.32662
223.89 -2.32377 3.32283
223.777 -2.32052 3.31905
223.664 -2.31727 3.31527
223.552 -2.31401 3.31148
223.439 -2.31076 3.3077
223.327 -2.30751 3.30391
223.215 -2.30426 3.30013
223.103 -2.301 3.29635
222.991 -2.29775 3.29256
222.879 -2.2945 3.28878
222.767 -2.29125 3.28499
222.655 -2.28799 3.28121
222.544 -2.28474 3.27742
222.432 -2.28149 3.27364
222.321 -2.27824 3.26986
222.21 -2.27498 3.26607
222.099 -2.27173 3.26229
221.988 -2.26848 3.2585
221.877 -2.26523 3.25472
221.766 -2.26197 3.25094
221.655 -2.25872 3.24715
221.545 -2.25547 3.24337
221.435 -2.25222 3.23958
221.324 -2.24839 3.23626
221.214 -2.24431 3.23314
221.104 -2.24023 3.23003
220.994 -2.23614 3.22691
220.884 -2.23206 3.2238
220.774 -2.22798 3.22068
220.665 -2.22389 3.21757
220.555 -2.21981 3.21446
220.446 -2.21573 3.21134
220.336 -2.21164 3.20823
220.227 -2.20756 3.20511
220.118 -2.20348 3.202
220.009 -2.19939 3.19888
219.9 -2.19531 3.19577
219.791 -2.19123 3.19265
219.682 -2.18714 3.18954
219.574 -2.18306 3.18642
219.465 -2.17898 3.18331
219.357 -2.17489 3.18019
219.249 -2.17081 3.17708
219.141 -2.16673 3.17396
219.032 -2.16264 3.17085
218.925 -2.15856 3.16773
218.817 -2.15448 3.16462
218.709 -2.15039 3.1615
218.601 -2.14631 3.15839
218.494 -2.14223 3.15527
218.386 -2.13814 3.15216
218.279 -2.13406 3.14904
218.172 -2.12998 3.14593
218.065 -2.12589 3.14281
217.958 -2.12181 3.1397
217.851 -2.11773 3.13659
217.744 -2.11364 3.13347
217.637 -2.10956 3.13036
217.531 -2.10548 3.12724
217.424 -2.10139 3.12413
217.318 -2.09731 3.12101
217.212 -2.09323 3.1179
217.106 -2.08914 3.11478
217 -2.08506 3.11167
216.894 -2.08098 3.10855
216.788 -2.07689 3.10544
216.682 -2.07281 3.10232
216.576 -2.06873 3.09921
216.471 -2.06464 3.09609
216.365 -2.06091 3.09282
216.26 -2.05789 3.08922
216.155 -2.05488 3.08562
216.05 -2.05186 3.08201
215.945 -2.04884 3.07841
215.84 -2.04583 3.07481
215.735 -2.04281 3.07121
215.63 -2.03979 3.06761
215.526 -2.03678 3.06401
215.421 -2.03376 3.06041
215.317 -2.03075 3.0568
215.212 -2.02773 3.0532
215.108 -2.02471 3.0496
215.004 -2.0217 3.046
214.9 -2.01868 3.0424
214.796 -2.01566 3.0388
214.692 -2.01265 3.0352
214.589 -2.00963 3.03159
214.485 -2.00661 3.02799
214.381 -2.0036 3.02439
214.278 -2.00058 3.02079
214.175 -1.99756 3.01719
214.072 -1.99455 3.01359
213.968 -1.99153 3.00999
213.865 -1.98851 3.00638
213.762 -1.9855 3.00278
213.66 -1.98248 2.99918
213.557 -1.97946 2.99558
213.454 -1.97645 2.99198
213.352 -1.97343 2.98838
213.249 -1.97042 2.98478
213.147 -1.9674 2.98117
213.045 -1.96438 2.97757
212.943 -1.96137 2.97397
212.841 -1.95835 2.97037
212.739 -1.95533 2.96677
212.637 -1.95232 2.96317
212.535 -1.9493 2.95957
212.434 -1.94628 2.95596
212.332 -1.94327 2.95236
212.231 -1.94025 2.94876
212.129 -1.93723 2.94516
212.028 -1.93422 2.94156
211.927 -1.9312 2.93796
211.826 -1.92839 2.93458
211.725 -1.92565 2.9313
211.624 -1.92292 2.92801
211.523 -1.92018 2.92472
211.423 -1.91744 2.92143
211.322 -1.91471 2.91814
211.221 -1.91197 2.91485
211.121 -1.90923 2.91156
211.021 -1.9065 2.90827
210.921 -1.90376 2.90498
210.821 -1.90102 2.90169
210.72 -1.89829 2.89841
210.621 -1.89555 2.89512
210.521 -1.89282 2.89183
210.421 -1.89008 2.88854
210.321 -1.88734 2.88525
210.222 -1.88461 2.88196
210.122 -1.88187 2.87867
210.023 -1.87913 2.87538
209.924 -1.8764 2.87209
209.825 -1.87366 2.8688
209.726 -1.87092 2.86552
209.627 -1.86819 2.86223
209.528 -1.86545 2.85894
209.429 -1.86271 2.85565
209.33 -1.85998 2.85236
209.232 -1.85724 2.84907
209.133 -1.8545 2.84578
209.035 -1.85177 2.84249
208.937 -1.84903 2.8392
208.838 -1.84629 2.83591
208.74 -1.84356 2.83263
208.642 -1.84082 2.82934
208.544 -1.83808 2.82605
208.446 -1.83535 2.82276
208.349 -1.83261 2.81947
208.251 -1.82988 2.81618
208.153 -1.82714 2.81289
208.056 -1.8244 2.8096
207.958 -1.82167 2.80631
207.861 -1.81893 2.80302
207.764 -1.81619 2.79974
207.667 -1.81346 2.79645
207.57 -1.81072 2.79316
207.473 -1.80798 2.78987
207.376 -1.80525 2.78658
207.279 -1.80256 2.78364
207.182 -1.80004 2.782
207.086 -1.79753 2.78035
206.989 -1.79501 2.7787
206.893 -1.7925 2.77706
206.797 -1.78998 2.77541
206.7 -1.78747 2.77376
206.604 -1.78495 2.77212
206.508 -1.78244 2.77047
206.412 -1.77992 2.76882
206.316 -1.77741 2.76718
206.221 -1.77489 2.76553
206.125 -1.77238 2.76388
206.029 -1.76986 2.76224
205.934 -1.76735 2.76059
205.838 -1.76484 2.75894
205.743 -1.76232 2.75729
205.648 -1.75981 2.75565
205.553 -1.75729 2.754
205.458 -1.75478 2.75235
205.363 -1.75226 2.75071
205.268 -1.74975 2.74906
205.173 -1.74723 2.74741
205.078 -1.74472 2.74577
204.984 -1.7422 2.74412
204.889 -1.73969 2.74247
204.795 -1.73717 2.74083
204.7 -1.73466 2.73918
204.606 -1.73214 2.73753
204.512 -1.72963 2.73589
204.418 -1.72711 2.73424
204.324 -1.7246 2.73259
204.23 -1.72208 2.73094
204.136 -1.71957 2.7293
204.042 -1.71705 2.72765
203.948 -1.71454 2.726
203.855 -1.71202 2.72436
203.761 -1.70951 2.72271
203.668 -1.70699 2.72106
203.575 -1.70448 2.71942
203.481 -1.70196 2.71777
203.388 -1.69945 2.71612
203.295 -1.69694 2.71448
203.202 -1.69442 2.71283
203.109 -1.69191 2.71118
203.016 -1.68939 2.70954
202.924 -1.68688 2.70789
202.831 -1.68436 2.70624
202.738 -1.68185 2.70459
202.646 -1.67933 2.70295
202.553 -1.67682 2.7013
202.461 -1.6743 2.69965
202.369 -1.67179 2.69801
202.277 -1.66927 2.69636
202.185 -1.66676 2.69471
202.093 -1.66424 2.69307
202.001 -1.66173 2.69142
201.909 -1.65921 2.68977
201.817 -1.6567 2.68813
201.726 -1.65418 2.68648
201.634 -1.65167 2.68483
201.543 -1.64915 2.68318
201.451 -1.64664 2.68154
201.36 -1.64412 2.67989
201.269 -1.64161 2.67824
201.177 -1.63909 2.6766
201.086 -1.63658 2.67495
200.995 -1.63406 2.6733
200.905 -1.63155 2.67166
200.814 -1.62903 2.67001
200.723 -1.62652 2.66836
200.632 -1.62401 2.66672
200.542 -1.62149 2.66507
200.451 -1.61898 2.66342
200.361 -1.61646 2.66178
200.271 -1.61395 2.66013
200.18 -1.61143 2.65848
200.09 -1.60892 2.65683
200 -1.6064 2.65519
