2e-07 0.8651339592610111 1.5345542569315145
2.0009e-07 0.8651882583457058 1.5354057191437303
2.0018e-07 0.8652465752075167 1.536255719568958
2.00271e-07 0.865303652560548 1.5371078072583673
2.00361e-07 0.8653622721206595 1.5379570416659334
2.00451e-07 0.8654171850296609 1.5388069742968618
2.00542e-07 0.8654761063316924 1.5396554454263676
2.00632e-07 0.8655337908536923 1.5405060022958572
2.00723e-07 0.8655905452258337 1.5413523257141293
2.00814e-07 0.8656499149450259 1.542199654793221
2.00905e-07 0.8657080499233152 1.5430490684686697
2.00995e-07 0.865765252489111 1.5438942555814936
2.01086e-07 0.8658236862531871 1.544742909249645
2.01177e-07 0.8658836483366261 1.545588720344693
2.01269e-07 0.8659399169473515 1.5464352362005938
2.0136e-07 0.8660001730557608 1.5472802912635473
2.01451e-07 0.8660591984884215 1.5481274286331883
2.01543e-07 0.8661172870558314 1.5489703531497796
2.01634e-07 0.8661766061776434 1.549816735323703
2.01726e-07 0.8662374445048594 1.5506602820290167
2.01817e-07 0.8662970548548454 1.5515059095118455
2.01909e-07 0.8663557254302274 1.5523473332298205
2.02001e-07 0.8664156261245746 1.5531922087085162
2.02093e-07 0.8664770400125771 1.5540342534413316
2.02185e-07 0.8665347749857112 1.5548770100106108
2.02277e-07 0.8665964745737755 1.5557183066814173
2.02369e-07 0.8666569502148218 1.5565616818345673
2.02461e-07 0.8667164817993424 1.5574008667721453
2.02553e-07 0.8667772428448586 1.5582434946803836
2.02646e-07 0.8668395081607663 1.5590832988998373
2.02738e-07 0.8668981032506591 1.5599238191077123
2.02831e-07 0.866960649394921 1.5607628800042828
2.02924e-07 0.8670219756013762 1.5616040170849055
2.03016e-07 0.867084800191841 1.5624423351675172
2.03109e-07 0.8671439603314861 1.5632813719671115
2.03202e-07 0.867207062552965 1.5641189498697796
2.03295e-07 0.8672689474978156 1.564958602421792
2.03388e-07 0.8673298814715885 1.5657940871307183
2.03481e-07 0.86739339625746 1.5666305575569026
2.03575e-07 0.8674556957551448 1.567469101481124
2.03668e-07 0.8675170422623488 1.5683034842196881
2.03761e-07 0.8675796167746529 1.5691412911025104
2.03855e-07 0.8676436766081577 1.5699762894891507
2.03948e-07 0.8677040849246075 1.5708120126211316
2.04042e-07 0.8677684153400407 1.5716462778442752
2.04136e-07 0.8678315344309384 1.572482614260888
2.0423e-07 0.8678936965576947 1.5733148027411996
2.04324e-07 0.8679570860064517 1.5741504067746548
2.04418e-07 0.8680219522010171 1.5749832092764877
2.04512e-07 0.868085609701833 1.5758180814330707
2.04606e-07 0.8681483076428929 1.5766488144362456
2.047e-07 0.8682122324449775 1.577482957298459
2.04795e-07 0.8682776283352006 1.5783143032575613
2.04889e-07 0.8683393869911534 1.5791463804854105
2.04984e-07 0.8684050458564296 1.579977000993656
2.05078e-07 0.8684694999565322 1.5808096888476961
2.05173e-07 0.868532990677312 1.5816382506423128
2.05268e-07 0.8685977075636037 1.5824702138064866
2.05363e-07 0.8686638871384708 1.583299386982297
2.05458e-07 0.8687264380014689 1.5841292952542478
2.05553e-07 0.8687928760986314 1.5849577475629224
2.05648e-07 0.8688581133381543 1.5857882649059858
2.05743e-07 0.86892238346866 1.5866146691912493
2.05838e-07 0.8689878790619677 1.587444466416579
2.05934e-07 0.8690548290474598 1.5882714805381066
2.06029e-07 0.8691219054028945 1.5890981361927141
2.06125e-07 0.8691853629450484 1.5899255313246328
2.06221e-07 0.8692526927327796 1.5907514714194635
2.06316e-07 0.8693188261938593 1.5915794738482492
2.06412e-07 0.8693839883100931 1.592403378271336
2.06508e-07 0.8694503750579915 1.593230665876251
2.06604e-07 0.8695182066502387 1.59405517837252
2.067e-07 0.8695824278755577 1.5948804340357146
2.06797e-07 0.8696505086218633 1.5957042354854694
2.06893e-07 0.8697173969034936 1.596530096952948
2.06989e-07 0.8697833102988527 1.5973518732184309
2.07086e-07 0.8698504476082225 1.5981770243637672
2.07182e-07 0.8699190216832748 1.5989994072188978
2.07279e-07 0.8699839938024251 1.5998225368685173
2.07376e-07 0.8703402431557858 1.6008566890438607
2.07473e-07 0.8707754744037872 1.601945669123376
2.0757e-07 0.8712092013316518 1.6030363291219993
2.07667e-07 0.8716427348055059 1.60412625972497
2.07764e-07 0.8720773816158686 1.605213057362165
2.07861e-07 0.8725081241960762 1.6063002293432431
2.07958e-07 0.8729410789426462 1.6073879828173256
2.08056e-07 0.873375144601978 1.6084726118925763
2.08153e-07 0.8738077132586679 1.6095589208694232
2.08251e-07 0.874240089680287 1.610644509010041
2.08349e-07 0.8746735746128997 1.6117269812614379
2.08446e-07 0.875105566170804 1.6128111333764794
2.08544e-07 0.8755386646511086 1.613892175239426
2.08642e-07 0.875970272163008 1.6149748969297741
2.0874e-07 0.8764016884553312 1.6160569047924505
2.08838e-07 0.8768318198888487 1.6171345152366239
2.08937e-07 0.8772628547616811 1.618215102001157
2.09035e-07 0.8776936990199011 1.6192949790878859
2.09133e-07 0.8781256454753132 1.6203717626648015
2.09232e-07 0.8785561081253089 1.6214502259163828
2.0933e-07 0.8789863807669416 1.6225279836026762
2.09429e-07 0.8794177532719712 1.6236026560614891
2.09528e-07 0.8798476455231289 1.6246790080913196
2.09627e-07 0.880277348370973 1.6257546586293492
2.09726e-07 0.8807081487663664 1.6268272321618789
2.09825e-07 0.8811350969556047 1.6279001993632665
2.09924e-07 0.8815642332088384 1.6289737558576833
2.10023e-07 0.8819944647087967 1.6300442435029048
2.10122e-07 0.8824232229947276 1.6311164104626017
2.10222e-07 0.8828517930813278 1.632187883960335
2.10321e-07 0.883281456133992 1.6332562967122415
2.10421e-07 0.8837096494632914 1.6343263886245407
2.10521e-07 0.8841376551944744 1.6353957910343242
2.10621e-07 0.8845667516282899 1.6364621407433246
2.1072e-07 0.8849943818094197 1.6375301694424553
2.10821e-07 0.8854207394032909 1.6385938745660777
2.10921e-07 0.8858479961958713 1.6396605357098282
2.11021e-07 0.886275066387694 1.640726513865279
2.11121e-07 0.8867032235467677 1.6417894525937937
2.11221e-07 0.8871299201910746 1.642854069994722
2.11322e-07 0.8875564308321333 1.6439180082691094
2.11423e-07 0.8879840262218468 1.6449789150092962
2.11523e-07 0.888410164514963 1.6460415002099746
2.11624e-07 0.8888361174008813 1.6471034101100857
2.11725e-07 0.8892631528332644 1.6481622963127622
2.11826e-07 0.8896863862371718 1.6492215939211317
2.11927e-07 0.8901240460987176 1.6503093096274868
2.12028e-07 0.8905865495335585 1.6514734034219534
2.12129e-07 0.8910501004535691 1.6526343459816861
2.12231e-07 0.8915121704090785 1.6537968285093263
2.12332e-07 0.8919740244992348 1.6549585071479471
2.12434e-07 0.8924369237650753 1.6561170438405828
2.12535e-07 0.8929006840933984 1.6572783808565352
2.12637e-07 0.8933618895906055 1.6584376580905587
2.12739e-07 0.8938241379763204 1.6595938026002364
2.12841e-07 0.8942849129272024 1.6607514881791356
2.12943e-07 0.8947454734706206 1.6619083796335359
2.13045e-07 0.8952070746314817 1.663062147506898
2.13147e-07 0.8956672060874317 1.6642174569630215
2.13249e-07 0.8961294520689488 1.6653732298993502
2.13352e-07 0.8965904067839814 1.6665246345425155
2.13454e-07 0.8970498955039885 1.6676775812559563
2.13557e-07 0.8975104211028114 1.668827419473969
2.1366e-07 0.897969483165607 1.669978800074033
2.13762e-07 0.8984283327540842 1.6711293992672391
2.13865e-07 0.89888821699978 1.6722768989198662
2.13968e-07 0.8993489596703983 1.6734271873195523
2.14072e-07 0.899807170890741 1.674575452103129
2.14175e-07 0.9002664145676141 1.6757206262376874
2.14278e-07 0.9007242020306614 1.676867343627328
2.14381e-07 0.9011817784608493 1.6780132889312467
2.14485e-07 0.9016403851618233 1.6791561524035699
2.14589e-07 0.9020975392764402 1.6803005595335045
2.14692e-07 0.9025567915700409 1.6814454383087207
2.14796e-07 0.9030147620824389 1.682586003905537
2.149e-07 0.903471283616618 1.6837281135384832
2.15004e-07 0.9039275955517269 1.6848694602253096
2.15108e-07 0.9043849334413028 1.6860077425194788
2.15212e-07 0.904840825937367 1.6871475692075713
2.15317e-07 0.9052965095470601 1.6882866374517365
2.15421e-07 0.9057555157989318 1.6894238823931043
2.15526e-07 0.9062107800274402 1.6905614386463277
2.1563e-07 0.9066670666679274 1.691695944837672
2.15735e-07 0.9071219138441587 1.6928319959689708
2.1584e-07 0.907576553320433 1.6939672960647727
2.15945e-07 0.908032213102659 1.6950995546079626
2.1605e-07 0.9084864369493761 1.6962333583917553
2.16155e-07 0.9089427430694321 1.697367641431456
2.1626e-07 0.9093977767849355 1.6984976645322134
2.16365e-07 0.9098513780750297 1.6996292331520515
2.16471e-07 0.9101425273610202 1.7008819536085111
2.16576e-07 0.9103554670600013 1.702197719539664
2.16682e-07 0.9105674997389216 1.7035090758727383
2.16788e-07 0.9107819685773616 1.7048207513652731
2.16894e-07 0.9109930905121533 1.7061325889159036
2.17e-07 0.9112078633297804 1.7074424646804425
2.17106e-07 0.9114205075266238 1.7087502279561189
2.17212e-07 0.9116343656962683 1.710060588610368
2.17318e-07 0.9118473109522063 1.7113665646175191
2.17424e-07 0.9120626797799958 1.7126728618879519
2.17531e-07 0.9122747113743296 1.71397933155949
2.17637e-07 0.9124903735952168 1.715283848785366
2.17744e-07 0.9127039091805212 1.7165862710138997
2.17851e-07 0.9129186539621186 1.7178912854869501
2.17958e-07 0.9131324801690162 1.7191919399356255
2.18065e-07 0.9133464503721703 1.7204917141350733
2.18172e-07 0.9135616274221328 1.7217940780180934
2.18279e-07 0.9137758831489579 1.7230920940636512
2.18386e-07 0.9139925439776222 1.7243904344569665
2.18494e-07 0.9142058820641836 1.7256889623569922
2.18601e-07 0.9144228210204205 1.7269855516485781
2.18709e-07 0.9146376365205522 1.7282800716723843
2.18817e-07 0.9148536542394193 1.7295771762703216
2.18925e-07 0.9150687453078115 1.7308699571715986
2.19032e-07 0.9152862294289457 1.7321630644319421
2.19141e-07 0.915500400458377 1.7334563690036875
2.19249e-07 0.9157181529244324 1.7347477440813504
2.19357e-07 0.9159337841838747 1.7360370667152798
2.19465e-07 0.916150613128743 1.737328968830075
2.19574e-07 0.9163665103084536 1.7386165710745118
2.19682e-07 0.9165847886969373 1.7399045016524928
2.19791e-07 0.9167997636313577 1.7411926391397687
2.199e-07 0.9170183008840419 1.7424788561575877
2.20009e-07 0.9172347192762148 1.7437630372977049
2.20118e-07 0.9174523309120638 1.7450497928414475
2.20227e-07 0.9176690058732649 1.746332272031994
2.20336e-07 0.9178880503988134 1.7476150814939009
2.20446e-07 0.9181038010926603 1.7488981072609093
2.20555e-07 0.9183230952931586 1.7501792214938467
2.20665e-07 0.9185402730709996 1.7514583161620907
2.20774e-07 0.9187564019391188 1.7527388071541394
2.20884e-07 0.918976065021382 1.754017391043254
2.20994e-07 0.9191936129305417 1.755293963429574
2.21104e-07 0.9194123475868055 1.7565731026333862
2.21214e-07 0.9196301385707885 1.7578480001887897
2.21324e-07 0.9198502820157487 1.7591232308523619
2.21435e-07 0.9201443100946728 1.7603651755813623
2.21545e-07 0.9206107153382709 1.7615317451569366
2.21655e-07 0.9210746737198187 1.7626963875177342
2.21766e-07 0.9215406431693313 1.7638614336202674
2.21877e-07 0.9220030063695918 1.7650267827300994
2.21988e-07 0.9224663177353918 1.7661891482387417
2.22099e-07 0.9229316369936416 1.7673519192746425
2.2221e-07 0.9233945172946725 1.7685127747827725
2.22321e-07 0.9238582442888925 1.7696762572687004
2.22432e-07 0.9243206954253365 1.7708356072745932
2.22544e-07 0.924782932588094 1.7719942077801032
2.22655e-07 0.9252471723909871 1.7731532167349549
2.22767e-07 0.9257078254182624 1.7743125367422188
2.22879e-07 0.9261716355094106 1.7754700499930087
2.22991e-07 0.9266330175993879 1.7766256638091626
2.23103e-07 0.9270963981614244 1.777781688364431
2.23215e-07 0.9275562015799432 1.7789380278945672
2.23327e-07 0.9280169459147503 1.7800914167269446
2.23439e-07 0.9284796856153019 1.781245217986645
2.23552e-07 0.9289400050620712 1.7823971311143656
2.23664e-07 0.9294011689410018 1.783551662506276
2.23777e-07 0.9298610653612285 1.7847021042388893
2.2389e-07 0.9303207508680443 1.7858518134200505
2.24003e-07 0.9307824266019178 1.7870019377916058
2.24116e-07 0.9312405442410908 1.788152384792315
2.24229e-07 0.9317017964212625 1.7893010471842372
2.24342e-07 0.9321606390862975 1.7904478370122305
2.24455e-07 0.9326192720984688 1.7915939011644013
2.24569e-07 0.9330798902449295 1.792740383206528
2.24682e-07 0.9335369620621261 1.7938871925336286
2.24796e-07 0.9339971591909879 1.7950322262780787
2.2491e-07 0.9344549543989257 1.796175398395351
2.25024e-07 0.9349147306987008 1.7973189905182174
2.25138e-07 0.9353709700072951 1.798462913582704
2.25252e-07 0.9358281403227273 1.7996039309303296
2.25366e-07 0.9362872887167722 1.8007453698434446
2.25481e-07 0.9367440427215155 1.8018849579188592
2.25595e-07 0.937201637972795 1.8030271518251992
2.2571e-07 0.9376579774746927 1.8041653146876346
2.25825e-07 0.9381141103125117 1.8053027679498626
2.2594e-07 0.9385722162431743 1.806440645330929
2.26055e-07 0.9390268036532716 1.8075788607912187
2.2617e-07 0.9394844945785777 1.8087153218662038
2.26285e-07 0.9399398015553073 1.8098499469701432
2.264e-07 0.9406242278703284 1.8110367025702852
2.26516e-07 0.9413397926562674 1.8122308366315103
2.26631e-07 0.9420581206995973 1.8134231449874176
2.26747e-07 0.9427737398576319 1.8146135468923255
2.26863e-07 0.9434898657140952 1.8158064673045973
2.26979e-07 0.9442044153787448 1.8169953159050019
2.27095e-07 0.944919472422885 1.8181866816594887
2.27211e-07 0.9456329573186979 1.819373982986265
2.27327e-07 0.9463480741879925 1.8205616379346572
2.27443e-07 0.9470593750829494 1.821749560157078
2.2756e-07 0.9477734312026752 1.8229356754679231
2.27677e-07 0.948483678008737 1.8241220593614291
2.27793e-07 0.9491966780306629 1.8253066409741805
2.2791e-07 0.9499069959640952 1.826489337768368
2.28027e-07 0.9506178239080871 1.8276745462832673
2.28144e-07 0.9513270956331988 1.8288557195377377
2.28261e-07 0.9520368780045555 1.8300394031497413
2.28379e-07 0.9527472568463015 1.8312201766658625
2.28496e-07 0.9534538494238147 1.8324012232535456
2.28614e-07 0.9541631881909374 1.833580483561792
2.28732e-07 0.9548698631972319 1.8347578738466555
2.28849e-07 0.9555770504001966 1.8359377710727398
2.28967e-07 0.9562826950069875 1.8371136580978944
2.29085e-07 0.9569888524159658 1.8382920506949996
2.29204e-07 0.9576934710665882 1.8394664401732286
2.29322e-07 0.9583997158539472 1.8406411967977157
2.2944e-07 0.9591022002227766 1.8418162314607207
2.29559e-07 0.9598074227595966 1.842989497741216
2.29678e-07 0.960508891259627 1.8441630432770304
2.29797e-07 0.9612130959227001 1.8453348248416335
2.29915e-07 0.9619146624085246 1.8465047570359807
2.30035e-07 0.962616744034428 1.8476771893097137
2.30154e-07 0.9633173020272927 1.8488456464467613
2.30273e-07 0.9640183757248053 1.8500166022863394
2.30392e-07 0.9647179295133982 1.8511835899025837
2.30512e-07 0.9654191058723106 1.8523509521641117
2.30632e-07 0.9661165534062879 1.8535185984407183
2.30751e-07 0.9668167290952622 1.854684498144755
2.30871e-07 0.9675131821857392 1.8558506830300694
2.30991e-07 0.968212361430279 1.8570151256320981
2.31112e-07 0.9689110430064897 1.858178842108564
2.31232e-07 0.9696060112686635 1.8593428454936243
2.31352e-07 0.9702819275436185 1.8604695694683533
2.31473e-07 0.970929466524754 1.8615461393599793
2.31594e-07 0.9715775894088611 1.8626253010848781
2.31714e-07 0.9722242773170461 1.863700631916149
2.31835e-07 0.9728705412890776 1.8647753457476057
2.31956e-07 0.9735173894939071 1.8658526489642828
2.32078e-07 0.9741628073472759 1.8669261300915807
2.32199e-07 0.9748088096477657 1.8680021989727138
2.3232e-07 0.9754533846599228 1.8690744516055264
2.32442e-07 0.9760964431433248 1.8701481936779902
2.32564e-07 0.9767422797564151 1.8712203186861134
2.32685e-07 0.9773855969592316 1.87229073734379
2.32807e-07 0.9780274017769507 1.873362644718468
2.32929e-07 0.9786719815873147 1.874432940263279
2.33052e-07 0.9793129544114364 1.8755036290762161
2.33174e-07 0.9799567001387912 1.8765727095284395
2.33296e-07 0.9805968441607726 1.8776421839046082
2.33419e-07 0.9812376680028677 1.8787089612570933
2.33542e-07 0.9818801689376561 1.8797762276805823
2.33665e-07 0.9825190760424418 1.8808438889996408
2.33787e-07 0.9831607508402316 1.8819099505536199
2.33911e-07 0.9837988370322998 1.8829764076445847
2.34034e-07 0.9844376041350256 1.8840401790925556
2.34157e-07 0.9850769572381468 1.885106525287514
2.34281e-07 0.9857149069746953 1.8861691010702437
2.34404e-07 0.9863545304865508 1.8872321690272622
2.34528e-07 0.9869905783526336 1.8882956340988735
2.34652e-07 0.9876273081802187 1.8893564247815458
2.34776e-07 0.9882646244370508 1.8904197861622443
2.349e-07 0.9889005446005138 1.891479391141017
2.35024e-07 0.9895370513577412 1.8925415652000281
2.35149e-07 0.990172164904951 1.8935999884222001
2.35273e-07 0.9908068766193211 1.894657823132223
2.35398e-07 0.9914421751663391 1.895718224499243
2.35523e-07 0.9920760847995238 1.8967748833298992
2.35648e-07 0.9927105814198942 1.897834107203004
2.35773e-07 0.993343691972822 1.8988895940475836
2.35898e-07 0.9939753235101114 1.8999465633925157
2.36023e-07 0.9946097041186609 1.901001963051856
2.36149e-07 0.9952405421414802 1.9020577637711393
2.36274e-07 0.9958741271796913 1.9031119980668274
2.364e-07 0.9965052533722898 1.9041645727191154
2.36526e-07 0.997134906982691 1.9052186285892179
2.36652e-07 0.9977673045317247 1.9062711228973972
2.36778e-07 0.9983961719717307 1.9073240197218213
2.36904e-07 0.9990277813014482 1.9083753582071044
2.37031e-07 0.9996558654778268 1.9094270997826084
2.37157e-07 1.0004337775845296 1.9104312977262627
2.37284e-07 1.001391475223429 1.9113803615843068
2.37411e-07 1.0023452974173583 1.9123300173491742
2.37538e-07 1.003301499778973 1.9132783120755685
2.37665e-07 1.0042569559880163 1.9142262232166598
2.37792e-07 1.0052085464123648 1.9151747235645262
2.3792e-07 1.00616251661041 1.9161218671660196
2.38047e-07 1.0071126274276434 1.9170695981951755
2.38175e-07 1.0080651177425377 1.9180159753269201
2.38302e-07 1.0090168695716875 1.918961970201663
2.3843e-07 1.0099647715735889 1.91990854985848
2.38558e-07 1.0109150526422361 1.9208537798746304
2.38687e-07 1.0118625627467295 1.9217975559065474
2.38815e-07 1.0128103065581464 1.922744059169188
2.38943e-07 1.0137583919618605 1.9236881444956448
2.39072e-07 1.0147026433202153 1.9246328102682424
2.39201e-07 1.0156492729783069 1.9255761334471726
2.3933e-07 1.0165931460944513 1.9265180052847197
2.39459e-07 1.0175372547075068 1.927462597488649
2.39588e-07 1.0184817110546354 1.9284047800585795
2.39717e-07 1.019422348965559 1.9293475388250967
2.39846e-07 1.0203653643509476 1.9302889619865318
2.39976e-07 1.021307660635709 1.931230006413836
2.40106e-07 1.0222461477683416 1.9321716245269762
2.40236e-07 1.0231870118535946 1.9331119112006652
2.40366e-07 1.0241240729418288 1.9340527699054546
2.40496e-07 1.0250635106227413 1.9349922999356404
2.40626e-07 1.0260022364537797 1.9359314526109022
2.40756e-07 1.0269371684712012 1.9368711748558933
2.40887e-07 1.0278744765263572 1.937809572557204
2.41018e-07 1.0288079968564283 1.9387485382059575
2.41148e-07 1.0297438928425728 1.939686182052802
2.41279e-07 1.0306790841191638 1.940623449935798
2.41411e-07 1.031610496755001 1.941561283352936
2.41542e-07 1.0325442844598656 1.9424977990645795
2.41673e-07 1.0334753660832827 1.9434328731142159
2.41805e-07 1.034406689300415 1.9443706433880978
2.41936e-07 1.0353383813763173 1.9453060334947128
2.42068e-07 1.036266309821313 1.9462419851782773
2.422e-07 1.03719661231443 1.9471766259372905
2.42332e-07 1.0381262212985722 1.948110892980082
2.42465e-07 1.0390520755808854 1.949045719260825
2.42597e-07 1.039980303274909 1.949979238658651
2.4273e-07 1.040845071347349 1.9508378873058798
2.42862e-07 1.0417072511176144 1.9516951598625787
2.42995e-07 1.0425688399699433 1.952552121218861
2.43128e-07 1.0434309027218671 1.9534067801548585
2.43261e-07 1.0442913127378943 1.9542631209383845
2.43395e-07 1.0451511350673295 1.9551191511344077
2.43528e-07 1.0460114338065243 1.9559728831591658
2.43662e-07 1.0468700837349016 1.9568282940051536
2.43795e-07 1.0477281491812807 1.9576833948794763
2.43929e-07 1.0485866935190638 1.9585362018163572
2.44063e-07 1.0494435929464299 1.9593906845691371
2.44197e-07 1.0502999110699218 1.9602448579688931
2.44332e-07 1.051156710538282 1.9610967416498508
2.44466e-07 1.052011868972167 1.9619502981620893
2.44601e-07 1.052866449254113 1.9628035459426305
2.44736e-07 1.053720452429056 1.963656485199816
2.4487e-07 1.0545749401762057 1.9645071403402046
2.45006e-07 1.055427792019949 1.965359464364752
2.45141e-07 1.056280069874131 1.9662114804906667
2.45276e-07 1.057134806932813 1.9670622766015509
2.45412e-07 1.0579859384824282 1.9679136784997824
2.45547e-07 1.0588364991363126 1.9687647731263487
2.45683e-07 1.0596875491154605 1.9696135919896398
2.45819e-07 1.0605369708086394 1.9704640738800505
2.45955e-07 1.06138582467268 1.9713142491282574
2.46091e-07 1.0622351701971193 1.9721621527662738
2.46228e-07 1.0630828912080479 1.973011716533701
2.46364e-07 1.0639300474314108 1.9738609742905917
2.46501e-07 1.0647776976238605 1.9747079645753114
2.46638e-07 1.0656237270519469 1.9755566121111492
2.46775e-07 1.066469194709284 1.9764049542702196
2.46912e-07 1.067315158618258 1.9772510330800985
2.47049e-07 1.0681595054889146 1.978098766281988
2.47187e-07 1.0690032935811389 1.9789461947428795
2.47324e-07 1.069847580181721 1.9797913639625473
2.47462e-07 1.0706902534471352 1.9806381847340746
2.476e-07 1.0715323709021902 1.9814847014022767
2.47738e-07 1.072373933530949 1.982330914180738
2.47876e-07 1.0732159976366937 1.9831748731726417
2.48015e-07 1.0740564533103123 1.984020479959198
2.48153e-07 1.0748963570937722 1.9848657834960688
2.48292e-07 1.0757367645518423 1.9857088373194258
2.48431e-07 1.0765755672282964 1.9865535361406519
2.4857e-07 1.0774157653250602 1.9873989864571695
2.48709e-07 1.078254523734562 1.9882411367724107
2.48848e-07 1.079091680992386 1.9890849293046724
2.48988e-07 1.0799282921634126 1.9899284198721785
2.49128e-07 1.0806505716236643 1.990865554966119
2.49267e-07 1.0813622079727856 1.9918117945307425
2.49407e-07 1.082073404238294 1.9927575999503429
2.49547e-07 1.0827852130057736 1.9937010351364015
2.49688e-07 1.0834955310501693 1.994645975055646
2.49828e-07 1.0842054113471191 1.995590482537531
2.49969e-07 1.084914854670787 1.9965345581495288
2.50109e-07 1.0856238617931318 1.9974782024579474
2.5025e-07 1.086332433483917 1.998421416027933
2.50391e-07 1.087040570510719 1.999364199423474
2.50533e-07 1.0877482736389343 2.000306553207403
2.50674e-07 1.0884574717157374 2.00124952660427
2.50816e-07 1.0891643082702742 2.002191022457614
2.50957e-07 1.089870713211144 2.003132090381303
2.51099e-07 1.090576687295107 2.0040727309335784
2.51241e-07 1.0912822312767871 2.005012944671541
2.51383e-07 1.091987345908678 2.005952732151154
2.51526e-07 1.0926930782630175 2.0068901722027315
2.51668e-07 1.0933973360552398 2.0078291098827847
2.51811e-07 1.0941011667428222 2.008767622963892
2.51954e-07 1.0948045710698244 2.009705711997501
2.52097e-07 1.095507549778217 2.0106433775339356
2.5224e-07 1.09621010360789 2.0115806201224005
2.52383e-07 1.0969122332966612 2.0125174403109827
2.52527e-07 1.097613939580284 2.013453838646655
2.5267e-07 1.0983152231924533 2.01438981567528
2.52814e-07 1.099016084864817 2.0153253719416107
2.52958e-07 1.0997165253269807 2.0162605079892946
2.53102e-07 1.1004165453065167 2.017195224360877
2.53246e-07 1.101116145528971 2.0181295215978037
2.53391e-07 1.1018163680113835 2.019061492084329
2.53535e-07 1.1025151305037872 2.019994953704039
2.5368e-07 1.103213475404026 2.0209279978052233
2.53825e-07 1.1039133084932273 2.0218616650672376
2.5397e-07 1.1046108193324538 2.022793875358118
2.54116e-07 1.1053079147277398 2.0237256697388073
2.54261e-07 1.106004595390661 2.0246570487431343
2.54407e-07 1.1067008620308258 2.0255880129038513
2.54552e-07 1.1073967153558866 2.026518562752635
2.54698e-07 1.1080921560715433 2.0274486988200913
2.54844e-07 1.108787184881554 2.028378421635756
2.54991e-07 1.1094818024877404 2.0293077317280996
2.55137e-07 1.1101189269786267 2.0302374324290686
2.55284e-07 1.110584528619181 2.0311691202872026
2.55431e-07 1.111050795041599 2.03210331163614
2.55578e-07 1.1115160090093184 2.0330341458726173
2.55725e-07 1.1119818875649063 2.0339674821079154
2.55872e-07 1.1124486065682295 2.034898499251399
2.56019e-07 1.1129122064661094 2.0358299485225344
2.56167e-07 1.113378538050153 2.036760115720724
2.56315e-07 1.1138417536549539 2.0376907155368653
2.56463e-07 1.114307698775262 2.0386200351094903
2.56611e-07 1.11477241863871 2.039550819508452
2.56759e-07 1.1152360906416472 2.0404782620429125
2.56908e-07 1.115700426451393 2.0414082006261802
2.57057e-07 1.1161637155396948 2.0423348011252656
2.57205e-07 1.116627668238818 2.0432638961907146
2.57354e-07 1.1170924588404716 2.0441906862125783
2.57504e-07 1.117554145879893 2.0451179107751556
2.57653e-07 1.1180185538034983 2.046043862347253
2.57802e-07 1.1184798612459284 2.046970248931994
2.57952e-07 1.1189438874278128 2.047895364322129
2.58102e-07 1.1194066955987017 2.0488219420318607
2.58252e-07 1.1198684615733938 2.0497451966590288
2.58402e-07 1.1203308903701354 2.050670939940765
2.58553e-07 1.1207922780927286 2.051593363859488
2.58703e-07 1.1212543284395187 2.052518274959898
2.58854e-07 1.121717214165182 2.053440894828604
2.59005e-07 1.1221770116481766 2.0543639515605876
2.59156e-07 1.1226395193419636 2.0552857442186365
2.59307e-07 1.1230989418300474 2.0562079741941894
2.59459e-07 1.1235610724095997 2.0571289418590686
2.5961e-07 1.1240219921084165 2.058051369315978
2.59762e-07 1.1244818751910086 2.0589704921715337
2.59914e-07 1.1249424201018134 2.059892096335273
2.60066e-07 1.1254019295018223 2.060810399558005
2.60219e-07 1.1258621005304468 2.0617311826256177
2.60371e-07 1.1263231044355475 2.0626496880433502
2.60524e-07 1.1267810351990917 2.0635686325597065
2.60677e-07 1.1272416656260473 2.0644863217573968
2.6083e-07 1.1276992259053396 2.0654044504908726
2.60983e-07 1.128159483753619 2.066321325637238
2.61137e-07 1.1286185377386901 2.067239658028894
2.6129e-07 1.1290765606051343 2.0681547040073958
2.61444e-07 1.1295352442974727 2.069072223995613
2.61598e-07 1.1299928979603777 2.0699864611733316
2.61752e-07 1.1306492015396195 2.070646666368306
2.61906e-07 1.131306371147693 2.071300100275033
2.62061e-07 1.1319632205369974 2.071953361600712
2.62216e-07 1.1326205926310493 2.0726093232570166
2.6237e-07 1.133276802202994 2.073262238698097
2.62525e-07 1.133934548853397 2.0739159966313383
2.62681e-07 1.1345891054731165 2.074570422583501
2.62836e-07 1.135244358770761 2.0752228203546808
2.62992e-07 1.1359011479692827 2.0758760603557076
2.63147e-07 1.136554751338188 2.07652996674486
2.63303e-07 1.1372090521008944 2.0771818476436326
2.6346e-07 1.1378648875881496 2.0778345705098835
2.63616e-07 1.1385175414313402 2.0784879581433384
2.63773e-07 1.1391727429686827 2.0791403363704895
2.63929e-07 1.1398257788704995 2.0797915294994693
2.64086e-07 1.1404774868908785 2.080444399186129
2.64243e-07 1.141131740902902 2.081096261612155
2.644e-07 1.1417838329104022 2.0817469397348876
2.64558e-07 1.1424364443814536 2.0824003048047555
2.64716e-07 1.1430879089571149 2.0830506397118507
2.64873e-07 1.1437380485691717 2.0837026476310907
2.65031e-07 1.1443907313359996 2.0843536518469565
2.6519e-07 1.1450412581157798 2.0850034730876033
2.65348e-07 1.1456923032896444 2.0856559768612684
2.65507e-07 1.1463422066847944 2.0863054557822935
2.65665e-07 1.1469917992982708 2.086954764161764
2.65824e-07 1.1476419096664476 2.0876067524375492
2.65984e-07 1.1482908813040773 2.0882557190358884
2.66143e-07 1.1489413810232614 2.0889055261135288
2.66303e-07 1.1495887225318142 2.0895559889537125
2.66462e-07 1.150236766005829 2.0902044440368863
2.66622e-07 1.1508863363936515 2.0908537393365423
2.66782e-07 1.151532752655136 2.0915036888414793
2.66943e-07 1.1521817052727774 2.0921526430844586
2.67103e-07 1.1528285161687641 2.092800417548667
2.67264e-07 1.1534740107423604 2.0934498545363027
2.67425e-07 1.154122039974672 2.0940982983507004
2.67586e-07 1.154767931012512 2.0947455631877867
2.67747e-07 1.1554143372647019 2.0953954974555113
2.67909e-07 1.1560596168225554 2.096042422673719
2.6807e-07 1.156704591526163 2.096689178695237
2.68232e-07 1.1573500808137993 2.0973386015519067
2.68394e-07 1.157994446376175 2.097985018497049
2.68556e-07 1.1586403341937437 2.0986322746066284
2.68719e-07 1.1592830840769495 2.0992801787819944
2.68882e-07 1.1599265391334244 2.0999260882674045
2.69044e-07 1.1606236335065405 2.10062067462308
2.69207e-07 1.1613284804368804 2.1013219266627936
2.69371e-07 1.1620311442609164 2.102021974250587
2.69534e-07 1.1627334490381365 2.1027218250429893
2.69698e-07 1.1634353952630376 2.103421479150306
2.69862e-07 1.164136983429076 2.104120936682906
2.70026e-07 1.1648400325675672 2.104821204157733
2.7019e-07 1.165540905258587 2.1055202686820675
2.70354e-07 1.1662424273929406 2.1062173200910155
2.70519e-07 1.1669425872156207 2.106915993070793
2.70684e-07 1.1676423914321723 2.1076144700275337
2.70849e-07 1.1683436549100523 2.1083137565288
2.71014e-07 1.1690427485468466 2.1090118415812573
2.7118e-07 1.1697414880372734 2.1097097309430164
2.71345e-07 1.1704398738655324 2.1104074247249898
2.71511e-07 1.1711397175864335 2.111105927732768
2.71677e-07 1.1718373967148012 2.1118032304974164
2.71843e-07 1.1725347236285621 2.1125003380152885
2.7201e-07 1.1732316988078728 2.113197250397513
2.72176e-07 1.1739283227318895 2.1138939677552675
2.72343e-07 1.1746274065800044 2.114589686981583
2.7251e-07 1.175323328416978 2.115286015252113
2.72678e-07 1.1760189004311037 2.115982148830935
2.72845e-07 1.176714123097549 2.116678087829426
2.73013e-07 1.1774108005788426 2.1173748353373125
2.73181e-07 1.1781053251566143 2.1180703853182905
2.73349e-07 1.1787995018072983 2.118765741053299
2.73517e-07 1.1794933310021176 2.119460902653897
2.73686e-07 1.1801868132113165 2.120155870231687
2.73854e-07 1.180881748526603 2.120851645920395
2.74023e-07 1.1815745373615922 2.1215462255961475
2.74192e-07 1.1822669806168502 2.122240611584107
2.74362e-07 1.1829590787587299 2.12293480399604
2.74531e-07 1.183651833509752 2.123627006555294
2.74701e-07 1.1843450382103455 2.1243218140228812
2.74871e-07 1.1850361028041594 2.125015426990889
2.75041e-07 1.1857268241413241 2.125708846829281
2.75212e-07 1.1864172026833868 2.126402073650012
2.75382e-07 1.1871090312579111 2.1270961078649213
2.75553e-07 1.1877987247897959 2.1277889487945614
2.75724e-07 1.188488076906498 2.128481597042574
2.75895e-07 1.189177088065765 2.1291740527210483
2.76067e-07 1.1898657587244017 2.1298663159421056
2.76239e-07 1.1898219056985284 2.1308651217944505
2.7641e-07 1.1895999130474337 2.1319352600682935
2.76582e-07 1.18937909991436 2.133007886369174
2.76755e-07 1.1891578840740034 2.1340774290675024
2.76927e-07 1.1889378475316854 2.1351494573666914
2.771e-07 1.1887174058798302 2.1362184043401724
2.77273e-07 1.188498143303926 2.137289834495284
2.77446e-07 1.1882802597821 2.1383591783860387
2.7762e-07 1.1880609739298083 2.139427231240886
2.77793e-07 1.1878428668151018 2.1404977636623497
2.77967e-07 1.1876243486333846 2.141565220456027
2.78141e-07 1.1874070089620206 2.1426351544143327
2.78315e-07 1.1871892558581796 2.1437020150256654
2.7849e-07 1.1869736687071981 2.144769565758575
2.78665e-07 1.186757474753902 2.145838601545852
2.78839e-07 1.1865408638415458 2.146904567409982
2.79015e-07 1.1863254308613755 2.147973004464541
2.7919e-07 1.1861095785827056 2.1490383738792667
2.79366e-07 1.1858949040020526 2.150106212106285
2.79541e-07 1.1856815905195728 2.1511719675788417
2.79717e-07 1.1854668708073328 2.1522364418859117
2.79894e-07 1.1852533284369353 2.153303381451586
2.8007e-07 1.1850393609667067 2.15436725909033
2.80247e-07 1.1848265705993843 2.1554335996263716
2.80424e-07 1.1846133528288756 2.1564968805218503
2.80601e-07 1.1844013119204704 2.157562621960005
2.80778e-07 1.1841906217811577 2.1586262827813534
2.80956e-07 1.1839785232336903 2.159688668183132
2.81134e-07 1.1837676011823752 2.16075351060899
2.81312e-07 1.1835562460162286 2.1618152991141555
2.8149e-07 1.1833460671008729 2.1628795423053737
2.81668e-07 1.1831354528030018 2.1639407338648082
2.81847e-07 1.1829260145087774 2.165004377778858
2.82026e-07 1.1827179167608781 2.166065943277626
2.82205e-07 1.1825084084962343 2.167126239092752
2.82385e-07 1.18230007585994 2.1681889837784944
2.82564e-07 1.1820913022181347 2.169248682558034
2.82744e-07 1.1818837039531784 2.1703108278931116
2.82924e-07 1.181677438997636 2.1713708964237344
2.83104e-07 1.1814697620617278 2.1724296993611087
2.83285e-07 1.1812632601209534 2.173490945394432
2.83466e-07 1.181056311614356 2.1745491512504627
2.83647e-07 1.1808505378471748 2.1756097979035585
2.83828e-07 1.180644315306671 2.176667406671483
2.84009e-07 1.1804392672482154 2.1777274539440197
2.84191e-07 1.1802355424570237 2.17878542671802
2.84373e-07 1.1800304036942373 2.1798421396153405
2.84555e-07 1.1799954441003655 2.1810041834204763
2.84738e-07 1.1799899527343758 2.1821838347293463
2.8492e-07 1.1799847325442805 2.183362995252415
2.85103e-07 1.1799815547062076 2.1845426224834523
2.85286e-07 1.1799768743265546 2.185720801919922
2.85469e-07 1.1799724631060549 2.186898491857491
2.85653e-07 1.1799683203761933 2.188075692724412
2.85837e-07 1.179964445470331 2.1892524049488005
2.86021e-07 1.1799608377236968 2.1904286289586357
2.86205e-07 1.1799574964733817 2.1916043651817563
2.8639e-07 1.1799544210583344 2.1927796140458593
2.86574e-07 1.1799516108193555 2.193954375978496
2.86759e-07 1.179950832265202 2.1951296013136314
2.86945e-07 1.1799485498884175 2.196303389876676
2.8713e-07 1.1799465307212733 2.1974766927913407
2.87316e-07 1.1799447741119211 2.1986495104845685
2.87502e-07 1.1799432794103364 2.199821843383145
2.87688e-07 1.1799420459683132 2.200993691913698
2.87874e-07 1.1799410731394584 2.20216505650269
2.88061e-07 1.1799403602791851 2.2033359375764223
2.88248e-07 1.179941669754814 2.2045072791950084
2.88435e-07 1.179941474386401 2.2056771937382753
2.88623e-07 1.1799415370637265 2.206846626045478
2.8881e-07 1.1799418571493798 2.2080155765422322
2.88998e-07 1.1799424340077296 2.2091840456539797
2.89186e-07 1.1799432670049197 2.2103520338059828
2.89375e-07 1.1799443555088633 2.211519541423323
2.89563e-07 1.1799456988892365 2.212686568930902
2.89752e-07 1.179949055379657 2.2138540541985474
2.89941e-07 1.1799509061112528 2.2150201219927474
2.90131e-07 1.1799530098389739 2.216185710952052
2.9032e-07 1.1799553659395 2.2173508215006077
2.9051e-07 1.1799579737912478 2.2185154540623664
2.907e-07 1.1799617663940694 2.2196778527867087
2.90891e-07 1.1799648751290044 2.2208415311629524
2.91081e-07 1.1799682337620512 2.2220047328229375
2.91272e-07 1.1799735964016218 2.223168389529902
2.91463e-07 1.179977452471962 2.2243306382690102
2.91655e-07 1.1799815566016185 2.2254924115619845
2.91846e-07 1.1799859081810191 2.226653709831366
2.92038e-07 1.1799905066022893 2.227814533499485
2.9223e-07 1.1799953512592432 2.2289748829884615
2.92422e-07 1.1800538143640051 2.2301652415897433
2.92615e-07 1.1805237328661258 2.2315815655853073
2.92808e-07 1.1809917662292488 2.2329960931227086
2.93001e-07 1.1814614147993465 2.2344106772613834
2.93194e-07 1.1819291800455534 2.2358234694723
2.93388e-07 1.182396811665339 2.237235396697531
2.93582e-07 1.1828660556596904 2.23864738304895
2.93776e-07 1.183333419046873 2.2400575842225936
2.93971e-07 1.1838023929313224 2.241467846191403
2.94165e-07 1.1842694880177158 2.242876327453153
2.9436e-07 1.184736449388249 2.244283951399438
2.94555e-07 1.1852050184565033 2.2456916386214916
2.94751e-07 1.1856717114343382 2.2470975517977925
2.94947e-07 1.1861382706517674 2.2485026122076808
2.95142e-07 1.1866064347867482 2.249907738347801
2.95339e-07 1.1870727255333988 2.25131109705107
2.95535e-07 1.187540619354751 2.2527145231070596
2.95732e-07 1.188006641587004 2.2541161861037313
2.95929e-07 1.1884725300002004 2.2555170038297376
2.96126e-07 1.1889400187396717 2.256917891320083
2.96324e-07 1.1894056385827207 2.25831702227397
2.96522e-07 1.1898728569301293 2.259716224586412
2.9672e-07 1.1903382081739986 2.261113674683094
2.96918e-07 1.1908034255584432 2.262510286898542
2.97117e-07 1.19127023872989 2.263906972842208
2.97315e-07 1.191735187480876 2.265301913008524
2.97515e-07 1.1922000023564308 2.2666960196768056
2.97714e-07 1.1926664103199587 2.268090202418214
2.97914e-07 1.1931309565402621 2.269482645770767
2.98113e-07 1.1935970940592044 2.2708751667466394
2.98314e-07 1.194061371617403 2.2722659525655957
2.98514e-07 1.194525515287604 2.2736559121100792
2.98715e-07 1.1949912475874485 2.275045951582211
2.98916e-07 1.195455122593912 2.276434262203946
2.99117e-07 1.1959205844604968 2.277822654276741
2.99319e-07 1.1963841908095363 2.279209321676925
2.99521e-07 1.1968476632745173 2.280595169925095
2.99723e-07 1.1973127199600342 2.281981101888904
2.99925e-07 1.1977759237853383 2.2833653154061486
3.00128e-07 1.1982389937363445 2.284748713996856
3.00331e-07 1.1987036452856572 2.286132198544328
3.00534e-07 1.1991655477984204 2.2875156854165364
3.00737e-07 1.1996299296518018 2.2888975442593287
3.00941e-07 1.2000417281475992 2.2902620263401032
3.01145e-07 1.2002540237749435 2.291564906693228
3.01349e-07 1.2004681377012354 2.2928680183638726
3.01554e-07 1.2006806457412258 2.2941695693774613
3.01759e-07 1.2008932596193114 2.2954704574442024
3.01964e-07 1.2011059788641878 2.296770683473494
3.02169e-07 1.201318803006412 2.2980702483729165
3.02375e-07 1.2015334396785122 2.299370045613728
3.02581e-07 1.2017464715341157 2.3006682902680033
3.02787e-07 1.2019587157260858 2.301967583244799
3.02994e-07 1.2021719548193717 2.303264511287019
3.032e-07 1.2023852964897588 2.304560782712134
3.03407e-07 1.2025987402788088 2.3058563984169043
3.03615e-07 1.2028139897557493 2.3071522476750737
3.03822e-07 1.20302763573751 2.3084465539293264
3.0403e-07 1.2032413824740622 2.309740207144105
3.04239e-07 1.2034552295141399 2.3110332082090324
3.04447e-07 1.203668290794022 2.3123272593348467
3.04656e-07 1.203882337782156 2.313618958087919
3.04865e-07 1.2040981837041993 2.3149108915895122
3.05074e-07 1.2043124274935397 2.3162012915580936
3.05284e-07 1.2045267693558657 2.3174910438003593
3.05494e-07 1.2047412088504361 2.3187801491953497
3.05704e-07 1.2049557455382354 2.320068608620358
3.05915e-07 1.2051720755986384 2.3213573037778414
3.06126e-07 1.205386804693281 2.3226444732090785
3.06337e-07 1.2056007502048571 2.323932694570674
3.06548e-07 1.2058156713176935 2.3252185775095082
3.0676e-07 1.2060306874536912 2.3265038188406275
3.06972e-07 1.2062457981840393 2.327788419430909
3.07184e-07 1.2064626956896525 2.329073256918026
3.07397e-07 1.2066779936633472 2.330356577949263
3.07609e-07 1.2068933849556096 2.331639260831231
3.07823e-07 1.2071088691442804 2.3329213064239402
3.08036e-07 1.207324445808845 2.334202715585695
3.0825e-07 1.2075392411015853 2.3354851784586845
3.08464e-07 1.2077566907501986 2.3367661894275753
3.08678e-07 1.207972542337546 2.338045693103844
3.08893e-07 1.208188484734431 2.33932456376726
3.09108e-07 1.2084045175284583 2.3406028022676524
3.09323e-07 1.2086206403088335 2.341880409453167
3.09539e-07 1.2088385379847135 2.343158255627865
3.09754e-07 1.2090548388531368 2.3444346020638287
3.09971e-07 1.2092712284856968 2.345710319720512
3.10187e-07 1.2094868389898497 2.3469870927829275
3.10404e-07 1.2097034055927682 2.348261554746988
3.10621e-07 1.2099200597499433 2.34953539045176
3.10838e-07 1.2099945491451702 2.35103951667364
3.11056e-07 1.2099850240546495 2.3526737467053374
3.11274e-07 1.2099751071736664 2.3543087647927416
3.11492e-07 1.2099682041146915 2.355942073771877
3.11711e-07 1.2099592280819802 2.3575753081547024
3.11929e-07 1.2099515815699722 2.359205974420987
3.12149e-07 1.209946077904517 2.3608366126092935
3.12368e-07 1.2099385015583703 2.362467180206598
3.12588e-07 1.209933923330004 2.3640960426397095
3.12808e-07 1.209927272632678 2.365724837139846
3.13028e-07 1.2099219391930738 2.3673510721776627
3.13249e-07 1.2099187377265013 2.3689772797352218
3.1347e-07 1.2099134641319027 2.3706034233265716
3.13692e-07 1.2099095005298768 2.372227012634426
3.13913e-07 1.2099068102858308 2.373852246787073
3.14135e-07 1.2099037526064427 2.3754740770151868
3.14358e-07 1.2099011455607185 2.377095030079601
3.1458e-07 1.2098998082413253 2.3787176263656002
3.14803e-07 1.2098980983440413 2.380336826664774
3.15026e-07 1.2098959871646304 2.3819568215559817
3.1525e-07 1.2098968372241417 2.383575120847879
3.15474e-07 1.2098964620715282 2.3851917006675167
3.15698e-07 1.2098973506650206 2.3868099210339806
3.15923e-07 1.2098978582509272 2.388424758580471
3.16147e-07 1.2098979619490207 2.3900403926144
3.16373e-07 1.2099010118497293 2.391654335073319
3.16598e-07 1.20990283276853 2.393266567840138
3.16824e-07 1.209904248275186 2.394879598225001
3.1705e-07 1.2099086010545803 2.3964909394583263
3.17276e-07 1.2099108841533166 2.3981022387697863
3.17503e-07 1.209914437335154 2.399711012949693
3.1773e-07 1.209920080431866 2.401319762345751
3.17958e-07 1.209923654366767 2.4029284736330028
3.18185e-07 1.2099284915593744 2.4045346648961297
3.18413e-07 1.209934578510389 2.4061424904346613
3.18642e-07 1.2099402649230173 2.4077469644217144
3.18871e-07 1.2099480310820903 2.4093514143684867
3.191e-07 1.2099537289994915 2.4109558325112004
3.19329e-07 1.209960678938057 2.4125577391176036
3.19559e-07 1.2099688729540028 2.4141612774455603
3.19789e-07 1.2099766585784166 2.415761477113291
3.20019e-07 1.2099848599324834 2.417360825624886
3.2025e-07 1.2099943019962964 2.4189618043415866
3.20481e-07 1.209918228489869 2.420609865226543
3.20712e-07 1.209687469431698 2.422352941604519
3.20944e-07 1.2094558165106954 2.4240943405922866
3.21176e-07 1.209225743213785 2.4258332378898038
3.21408e-07 1.208997250795951 2.4275737583917336
3.21641e-07 1.2087678598521163 2.429312606275994
3.21874e-07 1.208539219176775 2.4310506050447427
3.22108e-07 1.2083137940275572 2.4327869254904484
3.22341e-07 1.2080866459099968 2.4345232272512964
3.22575e-07 1.2078602417153022 2.4362586815682254
3.2281e-07 1.207636226145075 2.437994104729935
3.23045e-07 1.2074121176115815 2.439726218606359
3.2328e-07 1.207187930986594 2.441459133534636
3.23515e-07 1.2069644799157564 2.4431912032786776
3.23751e-07 1.2067442184216366 2.444921595612842
3.23987e-07 1.206522230633571 2.4466519762755405
3.24223e-07 1.2063009721926 2.4483815134722797
3.2446e-07 1.206082083719498 2.450111016396842
3.24697e-07 1.2058630848304726 2.451837225297973
3.24935e-07 1.2056440005217135 2.4535642351473093
3.25173e-07 1.2054272782810476 2.455291209454401
3.25411e-07 1.2052096336738507 2.45701653659479
3.2565e-07 1.2049935097785596 2.45873938403574
3.25888e-07 1.204778935504089 2.4604638350185857
3.26128e-07 1.2045634345822858 2.46218664360212
3.26367e-07 1.204348644733335 2.463908613985312
3.26607e-07 1.2041370009571943 2.4656289090360266
3.26848e-07 1.2039236256852053 2.467349204406018
3.27088e-07 1.203710955510065 2.4690686633657952
3.27329e-07 1.2035006240408834 2.4707880831966946
3.27571e-07 1.2032901532359859 2.4725042351580884
3.27812e-07 1.2030795849260028 2.474221188104597
3.28054e-07 1.2028713476472874 2.4759381007995334
3.28297e-07 1.2026621712228216 2.4776533853810934
3.2854e-07 1.202454479911173 2.4793662045487452
3.28783e-07 1.202248319237942 2.4810806156008827
3.29026e-07 1.202041215366714 2.482793403294017
3.2927e-07 1.2018347989990525 2.484505360043543
3.29515e-07 1.2016298561454493 2.4862148561980986
3.29759e-07 1.2014264377306239 2.4879259404729264
3.30004e-07 1.2012220708002073 2.4896354077208853
3.30249e-07 1.2010191687718617 2.491342418006295
3.30495e-07 1.2008177865736567 2.4930510136280115
3.30741e-07 1.2006154519364272 2.4947579969665417
3.30988e-07 1.2004137914627977 2.4964641537050136
3.31234e-07 1.2002152106449697 2.4981686395965244
3.31482e-07 1.2000148913192359 2.499873144659128
3.31729e-07 1.200431812366033 2.5015248421993332
3.31977e-07 1.2009001837015594 2.503172237624579
3.32225e-07 1.201366041306286 2.5048194276641857
3.32474e-07 1.2018325670410603 2.5064639473171173
3.32723e-07 1.2022989817876168 2.50810742226236
3.32972e-07 1.2027669055571786 2.5097506308602835
3.33222e-07 1.2032330970565202 2.511392021539494
3.33472e-07 1.2036991771989143 2.513032373287169
3.33723e-07 1.2041643713408143 2.5146733054626838
3.33974e-07 1.2046302290413013 2.5163115841882737
3.34225e-07 1.2050975906849555 2.5179496029656123
3.34477e-07 1.2055632239454415 2.5195858165440064
3.34729e-07 1.2060287452590925 2.5212210007040676
3.34981e-07 1.206494154511902 2.5228551573309534
3.35234e-07 1.2069602929470946 2.5244906711554584
3.35487e-07 1.207425477480433 2.526122776839806
3.35741e-07 1.2078905496186907 2.5277538606158116
3.35995e-07 1.2083555092530114 2.5293839243464213
3.36249e-07 1.208820356275803 2.5310129698890833
3.36504e-07 1.2092866982712258 2.532641766736015
3.36759e-07 1.2097505518524638 2.5342703876475654
3.37014e-07 1.2102150601467274 2.5358963882236885
3.3727e-07 1.2106794554115687 2.537521377989879
3.37526e-07 1.2111437375455814 2.539145358776429
3.37783e-07 1.2116095097604194 2.5407690969747496
3.3804e-07 1.2120735644620373 2.542391064660924
3.38298e-07 1.2125367423908509 2.5440136303974117
3.38555e-07 1.2130005707507836 2.5456335919848576
3.38814e-07 1.2134658853241236 2.5472533157983053
3.39072e-07 1.2139294854841431 2.548871278767878
3.39331e-07 1.2143929718382622 2.550488245424818
3.39591e-07 1.2148563442945126 2.5521042175570785
3.3985e-07 1.2153188430438366 2.553720793324401
3.40111e-07 1.2157835835487216 2.555335540007725
3.40371e-07 1.216246613510366 2.5569485377839407
3.40632e-07 1.21670952921764 2.558560548138154
3.40894e-07 1.2171723305842053 2.560171572832529
3.41155e-07 1.2176350175248254 2.561781613624136
3.41418e-07 1.2180984250498184 2.5633930196341037
3.4168e-07 1.218560882626812 2.5650010964263226
3.41943e-07 1.2190232255287192 2.566608194559201
3.42207e-07 1.2194854536746316 2.568214315769621
3.4247e-07 1.2199491548128556 2.5698202155654
3.42735e-07 1.2202019233650963 2.5716809160126926
3.42999e-07 1.2204320121934715 2.5735722831089483
3.43264e-07 1.2206600180288778 2.575463235927521
3.4353e-07 1.220889030103857 2.5773513582412346
3.43796e-07 1.2211191288366883 2.579240571720845
3.44062e-07 1.221347896280416 2.581127792990614
3.44329e-07 1.2215776637444407 2.5830121928785634
3.44596e-07 1.2218085139833939 2.5848976855655836
3.44863e-07 1.2220387782270392 2.5867796147895232
3.45131e-07 1.2222685432901497 2.588661892159079
3.454e-07 1.2225008787555947 2.590542105150619
3.45668e-07 1.2227311347800127 2.5924219232139696
3.45938e-07 1.222962378612589 2.5942989379602657
3.46207e-07 1.2231946975968142 2.5961770487062243
3.46477e-07 1.223426423499241 2.5980516187551284
3.46748e-07 1.2236576476680823 2.5999265448655633
3.47018e-07 1.2238914252195006 2.6017994197719814
3.4729e-07 1.2241231258334406 2.6036719123576675
3.47561e-07 1.224355063692914 2.6055431913500264
3.47834e-07 1.2245895465450822 2.6074124256640894
3.48106e-07 1.2248219537497271 2.609281283876328
3.48379e-07 1.2250553309839296 2.6111473654261923
3.48653e-07 1.225289772275922 2.613014547614303
3.48927e-07 1.2255236103177225 2.6148782226800136
3.49201e-07 1.2257569430612565 2.616742265387036
3.49476e-07 1.2259928042585593 2.618604276345276
3.49751e-07 1.2262265924626627 2.6204659234690677
3.50026e-07 1.2264613391928088 2.622324811409643
3.50302e-07 1.2266971428043838 2.6241848029749044
3.50579e-07 1.226931606494128 2.6260428722727016
3.50856e-07 1.2271670230578964 2.627898191041803
3.51133e-07 1.2274034929779432 2.6297546148974535
3.51411e-07 1.2276393500095792 2.6316075645300807
3.51689e-07 1.2278746984801552 2.633460893039373
3.51968e-07 1.228112551172116 2.6353122088941348
3.52247e-07 1.2283483350268642 2.637163178903283
3.52526e-07 1.2285850606517361 2.6390114155222273
3.52806e-07 1.2288228327075277 2.640860760090042
3.53087e-07 1.2290599857315143 2.642706652000246
3.53367e-07 1.2292966281784983 2.6445529300906467
3.53649e-07 1.2295357590657334 2.6463972080587883
3.53931e-07 1.2297728239960939 2.648241151904284
3.54213e-07 1.230009490194236 2.650089309055052
3.54495e-07 1.2302173725898347 2.6520435109216884
3.54779e-07 1.230426377632534 2.653998694568993
3.55062e-07 1.2306341222753672 2.6559518713464034
3.55346e-07 1.2308421566187349 2.657903763214511
3.55631e-07 1.2310520274522978 2.659855088965264
3.55916e-07 1.2312606362337053 2.6618044169958526
3.56201e-07 1.231471792077561 2.663751635322392
3.56487e-07 1.2316809690493233 2.6656984093325864
3.56773e-07 1.2318904288877832 2.6676439096673543
3.5706e-07 1.2321017142927566 2.669588851183483
3.57347e-07 1.2323117350074992 2.6715318100739873
3.57635e-07 1.2325242880513119 2.6734726706357765
3.57923e-07 1.2327348635374626 2.675413097781486
3.58212e-07 1.2329457152225274 2.677352262345318
3.58501e-07 1.2331583817420502 2.679290875299036
3.5879e-07 1.2333697810709041 2.6812275205321328
3.5908e-07 1.233583698234548 2.683162078695587
3.59371e-07 1.233795639241228 2.6850962141812853
3.59662e-07 1.2340078499404512 2.687029098040186
3.59953e-07 1.2342218649289338 2.6889614374082527
3.60245e-07 1.2344346103595183 2.6908918237739425
3.60537e-07 1.2346498593640958 2.6928201342139024
3.6083e-07 1.2348631336952143 2.6947480325550965
3.61124e-07 1.235076671369422 2.696674690087956
3.61417e-07 1.2352920029699226 2.6986008101609698
3.61712e-07 1.2355060627742238 2.700524991765835
3.62007e-07 1.2357219124088132 2.702448638699225
3.62302e-07 1.2359371883547952 2.704368823507318
3.62597e-07 1.2361520217360384 2.7062893084151396
3.62894e-07 1.2363686388583515 2.7082092628067818
3.6319e-07 1.2365839820709554 2.7101272930831977
3.63488e-07 1.2368011049985095 2.7120447955971403
3.63785e-07 1.2370176484872926 2.7139588542697233
3.64083e-07 1.237233747057492 2.715873219584803
3.64382e-07 1.2374516193569272 2.7177870612410167
3.64681e-07 1.2376682157539347 2.7196989929563027
3.64981e-07 1.2378865819222369 2.7216104037321576
3.65281e-07 1.2381043630665642 2.7235183887472587
3.65582e-07 1.2383216970368247 2.725426686842294
3.65883e-07 1.2385407948936498 2.7273344680504064
3.66184e-07 1.2387586149722518 2.7292403533159133
3.66486e-07 1.2389781950460006 2.731145724380053
3.66789e-07 1.2391971846708931 2.7330476875635132
3.67092e-07 1.2394157249614643 2.734949970160652
3.67396e-07 1.23963601946099 2.736851742558425
3.677e-07 1.2398550344196813 2.738751632838551
3.68004e-07 1.240159840977738 2.740727354403193
3.6831e-07 1.2406237147357935 2.7428501967050334
3.68615e-07 1.2410897757853492 2.744970643114226
3.68921e-07 1.2415536295002858 2.747090354343179
3.69228e-07 1.2420196658099667 2.7492076768150313
3.69535e-07 1.2424841784458927 2.7513227607258957
3.69843e-07 1.2429495056763873 2.7534384819096966
3.70151e-07 1.243413991498424 2.755550463020781
3.7046e-07 1.2438792900859923 2.7576630846252472
3.70769e-07 1.2443437464735818 2.7597719759769843
3.71079e-07 1.2448090138156354 2.7618815110132173
3.71389e-07 1.2452734381855308 2.763987325558931
3.717e-07 1.2457386717165475 2.766093786951214
3.72011e-07 1.246203061522274 2.7681965375578894
3.72323e-07 1.2466682587132614 2.770299938144452
3.72635e-07 1.2471341114104988 2.772400312336524
3.72948e-07 1.247598443863129 2.7744984911024373
3.73261e-07 1.2480635810703842 2.776597324495259
3.73575e-07 1.2485278727535323 2.778692471117029
3.73889e-07 1.2489929674581148 2.780788275428359
3.74204e-07 1.2494572159498512 2.782880402476749
3.7452e-07 1.2499222657465 2.7849731902495694
3.74836e-07 1.2503864686593396 2.787062310212381
3.75152e-07 1.250851471177015 2.7891520939069823
3.7547e-07 1.2513156261574254 2.7912382191897827
3.75787e-07 1.2517805790588181 2.7933250111844896
3.76105e-07 1.2522446837867325 2.7954081541113336
3.76424e-07 1.2527102514404875 2.7974904779219694
3.76743e-07 1.25317363695612 2.7995721395173634
3.77063e-07 1.2536391490977865 2.801651497983042
3.77383e-07 1.2541024811397365 2.8037301997875694
3.77704e-07 1.2545679355372354 2.8058066050385873
3.78026e-07 1.2550312118760907 2.807882359142414
3.78348e-07 1.2554966063291326 2.809955823229961
3.7867e-07 1.2559598247671322 2.8120286416445133
3.78993e-07 1.2564251571067662 2.8140991765413603
3.79317e-07 1.2568897960228853 2.8161697319846417
3.79641e-07 1.2573535835655223 2.818236688801184
3.79966e-07 1.2578181584656725 2.8203043310547136
3.80291e-07 1.2582818814620027 2.822368383683384
3.80617e-07 1.2587470484591308 2.8244316476071027
3.80943e-07 1.2592100466131602 2.826494284708801
3.8127e-07 1.2596751441491805 2.8285546607388126
3.81598e-07 1.2602596255094969 2.830650865735536
3.81926e-07 1.2611323472956875 2.8328351165211734
3.82255e-07 1.2620036553958411 2.835015560139391
3.82584e-07 1.2628737141438242 2.83719580182183
3.82913e-07 1.2637431805229176 2.8393743723429954
3.83244e-07 1.2646127093623356 2.8415498068273846
3.83575e-07 1.2654809940407448 2.843725047587821
3.83906e-07 1.2663493424858476 2.8458971620939395
3.84238e-07 1.2672164502047638 2.8480690882893906
3.84571e-07 1.2680836229863381 2.850237897945741
3.84904e-07 1.2689495584558592 2.8524065246569115
3.85238e-07 1.2698149098213403 2.8545735067089404
3.85572e-07 1.270680328173109 2.8567373866713965
3.85907e-07 1.2715445142953832 2.8589010916494964
3.86243e-07 1.272408768674336 2.8610617040880713
3.86579e-07 1.273271794186993 2.8632221467905987
3.86916e-07 1.2741348892166544 2.8653795064387433
3.87253e-07 1.2749967587231537 2.8675367015531896
3.87591e-07 1.2758580522031382 2.8696922778185794
3.87929e-07 1.2767194170709488 2.8718447851382884
3.88268e-07 1.2775795613928183 2.8739971356437826
3.88608e-07 1.2784397783380952 2.876146426529282
3.88948e-07 1.2792987780311562 2.8782955656902245
3.89289e-07 1.2801578515734675 2.880441654494185
3.89631e-07 1.2810171596284292 2.882588240325435
3.89973e-07 1.2818750932173693 2.8847311407843605
3.90315e-07 1.282731816085297 2.88687389956636
3.90659e-07 1.2835879730485098 2.8890150717077923
3.91002e-07 1.2844442068850623 2.891153216382798
3.91347e-07 1.2852992348469663 2.8932912268035165
3.91692e-07 1.2861543408746665 2.8954262188062656
3.92038e-07 1.2870082442351274 2.897561081449222
3.92384e-07 1.2878622268445032 2.899692934662718
3.92731e-07 1.2887150099753184 2.9018246633688407
3.93078e-07 1.289567234872027 2.903954829754672
3.93426e-07 1.2904195407740586 2.9060820000838814
3.93775e-07 1.2912706519455635 2.908209053107414
3.94125e-07 1.2921218452825485 2.910333118915492
3.94475e-07 1.2929718470315499 2.9124570721671037
3.94825e-07 1.2938219320971491 2.914578046986493
3.95176e-07 1.2946708286991255 2.916698913958121
3.95528e-07 1.2955191745684267 2.9188182423156217
3.95881e-07 1.2963676054633044 2.9209346053095167
3.96234e-07 1.297214852547141 2.9230508674446467
3.96588e-07 1.2980621857854417 2.9251641728569835
3.96942e-07 1.2989083382922717 2.9272773820198847
3.97297e-07 1.2997545780737005 2.9293876430447954
3.97653e-07 1.3005005116614303 2.931678969606263
3.98009e-07 1.3012040471961581 2.934040213159946
3.98366e-07 1.301906647303253 2.9364010145571733
3.98723e-07 1.3026109966160948 2.9387591613647377
3.99082e-07 1.303312989002943 2.941116241719083
3.9944e-07 1.3040153076486742 2.9434700478486384
3.998e-07 1.304718112898038 2.945824053490673
4.0016e-07 1.3054198235044736 2.9481741664288514
4.00521e-07 1.3061220202266763 2.9505244841758245
4.00882e-07 1.30682312342085 2.9528709209695276
4.01244e-07 1.307523297313378 2.9552169417857037
4.01607e-07 1.3082252086709338 2.957560345386398
4.01971e-07 1.308924777319567 2.959902713381147
4.02335e-07 1.3096246686138744 2.9622418491139446
4.02699e-07 1.3103256682304294 2.964579794308718
4.03065e-07 1.3110243304308804 2.966916715208187
4.03431e-07 1.3117233139731714 2.969250419284429
4.03798e-07 1.3124227815260598 2.9715843513971802
4.04165e-07 1.313121160611574 2.973914454459961
4.04533e-07 1.313818617268648 2.9762441699366167
4.04902e-07 1.3145177985752063 2.9785713089954733
4.05271e-07 1.3152146529868969 2.980897445976873
4.05641e-07 1.3159132292546039 2.9832210154340357
4.06012e-07 1.316609482116383 2.9855435901019383
4.06383e-07 1.317306052967977 2.9878629883557366
4.06755e-07 1.3180031060768853 2.990182634493806
4.07128e-07 1.3186990752741494 2.9924984964288446
4.07502e-07 1.3193947441111569 2.9948125969396058
4.07876e-07 1.3200908945752723 2.997126952589854
4.08251e-07 1.3207859628488885 2.9994375405496716
4.08626e-07 1.3214801170583672 3.00174777417767
4.09003e-07 1.3221759807862106 3.0040554795422767
4.09379e-07 1.3228695366869698 3.0063622222038378
4.09757e-07 1.3235634070163191 3.008665832622933
4.10135e-07 1.3242577577528964 3.010969712396445
4.10514e-07 1.3249510297568026 3.0132698570246927
4.10894e-07 1.3256447817735626 3.015570275659892
4.11275e-07 1.326337456215971 3.017866969858256
4.11656e-07 1.3270298323596674 3.0201619453222253
4.12037e-07 1.327722687935429 3.022457201691776
4.1242e-07 1.3284144676779521 3.024748749555258
4.12803e-07 1.3291053416690912 3.0270399748356995
4.13187e-07 1.329797910597137 3.029328718219354
4.13572e-07 1.3306678781498569 3.0318421795898023
4.13957e-07 1.3316115964291066 3.0344471397182837
4.14343e-07 1.3325560519036717 3.0370504822055726
4.1473e-07 1.3334984835883024 3.03965100064667
4.15118e-07 1.3344402743928274 3.042249306996651
4.15506e-07 1.3353828027689927 3.0448460108733197
4.15895e-07 1.3363233144027622 3.0474399092707936
4.16285e-07 1.3372631888481585 3.0500316123359026
4.16675e-07 1.3382038012331543 3.0526217278979826
4.17067e-07 1.339142403867036 3.0552090563224614
4.17458e-07 1.3400803729721735 3.0577942059637104
4.17851e-07 1.3410190803765403 3.060377782878111
4.18245e-07 1.3419557849654218 3.062958590774965
4.18639e-07 1.342891859653402 3.065537236231746
4.19034e-07 1.3438286729919537 3.068114323547171
4.19429e-07 1.3447634903955918 3.0706886597473435
4.19826e-07 1.345697681494706 3.0732608496481757
4.20223e-07 1.3466326115874845 3.0758314958057973
4.20621e-07 1.3475655525714594 3.078399408536394
4.21019e-07 1.3484978708161328 3.08096519090944
4.21419e-07 1.3494309283893617 3.083529443753339
4.21819e-07 1.3503620036260173 3.08609098064799
4.2222e-07 1.3512924596577547 3.088650402931336
4.22622e-07 1.3522236553447826 3.0912083097187097
4.23024e-07 1.3531528754141666 3.0937635178277003
4.23427e-07 1.3540814797824872 3.0963166268794167
4.23831e-07 1.355010824124725 3.0988682342905722
4.24236e-07 1.355938199515522 3.1014171600907536
4.24642e-07 1.356864962678889 3.103964002198734
4.25048e-07 1.3577924661267442 3.106509356346854
4.25455e-07 1.3587180072371976 3.109052045751345
4.25863e-07 1.3596435291426154 3.1115913173711274
4.26271e-07 1.3605692015216233 3.114130464853582
4.26681e-07 1.361492918126882 3.116666964260001
4.27091e-07 1.3624160293639613 3.1192014101477743
4.27502e-07 1.3633398814843365 3.1217343949230734
4.27914e-07 1.3642617843423313 3.12426474809945
4.28327e-07 1.3651830852169304 3.1267930625742433
4.2874e-07 1.3661051272615303 3.129319929110835
4.29154e-07 1.3670252265046143 3.1318441803352846
4.29569e-07 1.367944727120078 3.1343664074985913
4.29985e-07 1.3688649691844124 3.136887199734833
4.30402e-07 1.369783274858132 3.1394053927584866
4.30819e-07 1.3706633172909797 3.14200062529706
4.31237e-07 1.371531010178429 3.1446171963978484
4.31656e-07 1.372398782291294 3.1472302771857392
4.32076e-07 1.373265469622152 3.1498425436927078
4.32497e-07 1.3741316555569028 3.1524526652756504
4.32918e-07 1.374996009018915 3.155060066752762
4.33341e-07 1.3758611953719178 3.1576659147114094
4.33764e-07 1.376725882519348 3.160269633369703
4.34188e-07 1.3775900711900957 3.16287122789429
4.34612e-07 1.3784537621120132 3.1654707034311285
4.35038e-07 1.3793169560119094 3.168068065105603
4.35465e-07 1.3801802307104327 3.1706619922728914
4.35892e-07 1.3810424321950825 3.1732551425190048
4.3632e-07 1.3819041388333355 3.175846194154355
4.36749e-07 1.3827653513477771 3.178435152223172
4.37179e-07 1.3836260704599288 3.181022021749674
4.37609e-07 1.3844862968902443 3.1836068077381765
4.38041e-07 1.3853460313581043 3.1861895151732034
4.38473e-07 1.3862052745818145 3.188770149019594
4.38907e-07 1.3870646000362297 3.1913473964257895
4.39341e-07 1.3879215455736298 3.1939233266732456
4.39776e-07 1.3887793198117753 3.1964977708637394
4.40211e-07 1.3896366056674307 3.199070161126651
4.40648e-07 1.3904934038534698 3.2016405023300183
4.41086e-07 1.3913497150816705 3.204208799322829
4.41524e-07 1.39220554006271 3.2067750569351294
4.41963e-07 1.3930608795061639 3.209339279978121
4.42403e-07 1.3939163026338028 3.211900163259794
4.42844e-07 1.3947706726021858 3.214460332489912
4.43286e-07 1.3956245591564613 3.217018481470174
4.43729e-07 1.396477963001758 3.219574614937436
4.44173e-07 1.397330884842089 3.2221287376102117
4.44617e-07 1.3981833253803475 3.2246808541887746
4.45063e-07 1.3990352853183043 3.227230969355257
4.45509e-07 1.3998867653566078 3.2297790877737427
4.45956e-07 1.4007370282459382 3.232323347423531
4.46405e-07 1.4015875510194624 3.2348674877300203
4.46854e-07 1.4024375959878013 3.237409645170046
4.47304e-07 1.4032871638470843 3.239949824336481
4.47754e-07 1.4041362552923065 3.242488029804629
4.48206e-07 1.404984871017325 3.245024266132315
4.48659e-07 1.405833011714858 3.2475585378599825
4.49113e-07 1.4066806780764831 3.250090849510782
4.49567e-07 1.4075284310841962 3.2526199108273226
4.50022e-07 1.408375150341644 3.2551483167591377
4.50479e-07 1.4092213973323602 3.257674776078694
4.50936e-07 1.4100936381910296 3.2602444798614125
4.51394e-07 1.4112805523454497 3.2633376775057275
4.51853e-07 1.4124664826563273 3.2664279518500843
4.52314e-07 1.4136519886006447 3.2695140227371033
4.52775e-07 1.4148359578520577 3.2725984763840414
4.53237e-07 1.4160189504356124 3.2756800313816936
4.53699e-07 1.4172009687236993 3.2787586958712582
4.54163e-07 1.4183820150793294 3.2818344779559645
4.54628e-07 1.4195608092674539 3.2849068314349603
4.55094e-07 1.4207399199656199 3.2879768734259547
4.55561e-07 1.421918065761474 3.291044057094777
4.56028e-07 1.4230958015816764 3.2941071112638998
4.56497e-07 1.4242720239898035 3.297168603259471
4.56966e-07 1.425447288447929 3.3002272606812326
4.57437e-07 1.4266215972548035 3.3032830913734665
4.57909e-07 1.4277949527001903 3.3063361031444067
4.58381e-07 1.4289673570649153 3.309386303766469
4.58855e-07 1.4301388126209125 3.3124337009764817
4.59329e-07 1.4313093216312713 3.3154783024759142
4.59804e-07 1.4324794345808698 3.318518845885485
4.60281e-07 1.4336480567149559 3.3215578800500483
4.60758e-07 1.4348144712371453 3.3245935942414873
4.61237e-07 1.4359812171009103 3.3276270908661947
4.61716e-07 1.437147027602075 3.3306578297605833
4.62197e-07 1.4383119049516417 3.3336858184186493
4.62678e-07 1.4394758513520907 3.3367110643005677
4.6316e-07 1.4406388689974239 3.339733574832905
4.63644e-07 1.4418015040347463 3.3427520962579407
4.64128e-07 1.4429626701914162 3.3457691593363017
4.64614e-07 1.4441229141260636 3.3487835091423803
4.651e-07 1.4452822379992114 3.3517951529704213
4.65587e-07 1.4464406439631237 3.354804098082101
4.66076e-07 1.4475981341618482 3.357810351706729
4.66565e-07 1.4487547107312602 3.3608139210414514
4.67056e-07 1.4499109161054475 3.3638135597327237
4.67548e-07 1.451064418835111 3.366811243240298
4.6804e-07 1.452218267812211 3.3698068041606626
4.68534e-07 1.4533712116213022 3.372799709257811
4.69029e-07 1.4545232523580292 3.375789965571048
4.69524e-07 1.4556743921101134 3.378777580108692
4.70021e-07 1.4568246329573948 3.381762559848259
4.70519e-07 1.4579739769718725 3.384744911736655
4.71018e-07 1.4591229624346564 3.387723397726575
4.71518e-07 1.4603093326988437 3.3907747414370277
4.72019e-07 1.4616243790257624 3.394066267084726
4.72521e-07 1.4629370077619355 3.397354071726914
4.73024e-07 1.4642484659060548 3.400638700289732
4.73528e-07 1.4655592900964787 3.4039189227694737
4.74034e-07 1.4668696538442756 3.4071977608247552
4.7454e-07 1.4681825645216038 3.4104750464950238
4.75047e-07 1.4694861897415932 3.413744229118706
4.75556e-07 1.4707881342644602 3.4170115211823813
4.76066e-07 1.472101267446766 3.4202810033122097
4.76576e-07 1.4734014433534552 3.423540829795381
4.77088e-07 1.4746999491924155 3.426798788979025
4.77601e-07 1.4760096183011675 3.430058948956644
4.78115e-07 1.477305843235281 3.433310727920953
4.7863e-07 1.4786014660806184 3.436558204875302
4.79147e-07 1.4798954328167646 3.439803844999293
4.79664e-07 1.4812005292364736 3.4430516998457064
4.80183e-07 1.482492765381268 3.446290005122581
4.80702e-07 1.483783355743813 3.449526496025559
4.81223e-07 1.4850850507927753 3.4527652118393712
4.81745e-07 1.4863734014098016 3.4559956435763257
4.82268e-07 1.4876611666482262 3.459221841217062
4.82792e-07 1.4889594866397609 3.4624514946572957
4.83317e-07 1.4902445043051415 3.465672904734617
4.83844e-07 1.491528943596078 3.468890109182595
4.84371e-07 1.4928239145080566 3.4721107758432996
4.849e-07 1.4941056248167706 3.475323239370564
4.8543e-07 1.49538624212423 3.478532738545726
4.85961e-07 1.4966784111410762 3.4817432797918597
4.86493e-07 1.4979568393641887 3.484946870842933
4.87026e-07 1.4992341829078233 3.488147521994918
4.87561e-07 1.500523052312361 3.491349227808757
4.88097e-07 1.5017982234026945 3.4945440194416624
4.88634e-07 1.5030723180308976 3.4977358952943796
4.89172e-07 1.5043573947987279 3.5009300437577466
4.89711e-07 1.5056298514402104 3.5041149024465326
4.90251e-07 1.50690020463328 3.507299278180267
4.90793e-07 1.5081815169131902 3.5104859333087455
4.91336e-07 1.5094497327435692 3.513664539434525
4.9188e-07 1.5107168892135432 3.516840274927914
4.92425e-07 1.5120001319130123 3.5200063066569878
4.92972e-07 1.513265162144658 3.5231763298138654
4.93519e-07 1.5145291409307176 3.526343505492387
4.94068e-07 1.515792070873948 3.529507841346203
4.94618e-07 1.5170659044147587 3.532674476701437
4.9517e-07 1.5183267339969801 3.5358331509235468
4.95722e-07 1.5195865225082785 3.5389890080909834
4.96276e-07 1.5207992181564263 3.542249322386158
4.96831e-07 1.5219854082849067 3.5455661865253867
4.97387e-07 1.5231537022667678 3.5488867551288474
4.97945e-07 1.524338125093606 3.552197449412671
4.98504e-07 1.525521659177848 3.5555050741942043
4.99064e-07 1.5266924404980506 3.5588045475796917
4.99625e-07 1.5278742132221264 3.5621060640341877
5.00188e-07 1.5290432577324726 3.5653994564448364
5.00751e-07 1.5302182019183597 3.5687067329051088
5.01317e-07 1.5313973465702237 3.571999136769538
5.01883e-07 1.5325637996179253 3.5752834572799026
5.02451e-07 1.5337412014155989 3.578569836250197
5.0302e-07 1.534905935829727 3.5818481586808404
5.0359e-07 1.5360816020943069 3.585128545574428
5.04161e-07 1.5372513546806437 3.588417719199853
5.04734e-07 1.5384135246674702 3.591687092840882
5.05308e-07 1.5395866012742132 3.594958539791952
5.05884e-07 1.5407470705150914 3.598221996389444
5.06461e-07 1.5419184296824513 3.601487532089261
5.07039e-07 1.5430839097313924 3.604761844071245
5.07618e-07 1.5442418411518497 3.6080164722412307
5.08199e-07 1.545410637574508 3.61127318804995
5.08781e-07 1.546566885853348 3.61452197841127
5.09364e-07 1.5477339826425462 3.617772862000399
5.09949e-07 1.5488885547450377 3.6210158457289543
5.10535e-07 1.5500489709979306 3.624272590809326
5.11122e-07 1.5512135315284312 3.6275147719060916
5.11711e-07 1.5523656023579433 3.6307490912185245
5.12301e-07 1.5535284807785572 3.6339855173886058
5.12893e-07 1.5546788926482376 3.637214106874374
5.13486e-07 1.5558400958920628 3.640444808534449
5.1408e-07 1.5569955008501593 3.6436842604248296
5.14676e-07 1.558143437057626 3.646904299600656
5.15273e-07 1.5593021404231773 3.650126458785819
5.15871e-07 1.5604484346166025 3.6533408432689938
5.16471e-07 1.5616054799425603 3.656557352891738
5.17072e-07 1.5627616939631026 3.6597710464069233
5.17674e-07 1.5639006035620955 3.6629885473233306
5.18278e-07 1.5650551745032695 3.666196625828934
5.18884e-07 1.5661973929095467 3.669396990454516
5.19491e-07 1.567350322678683 3.672599492730043
5.20099e-07 1.5685024295958157 3.675799215360923
5.20708e-07 1.5696373121266431 3.679002757761966
5.2132e-07 1.571142687874459 3.682606325099301
5.21932e-07 1.5727976374171602 3.686392872207872
5.22546e-07 1.5744623110252636 3.6901804249709813
5.23161e-07 1.5761088909587464 3.6939706598942026
5.23778e-07 1.577770072963709 3.697750451712488
5.24397e-07 1.5794180816784236 3.7015215083439337
5.25016e-07 1.581075789088259 3.7052935984670716
5.25638e-07 1.5827154912663028 3.7090683906197164
5.2626e-07 1.5843697506131438 3.712832814261633
5.26885e-07 1.5860109050596534 3.7165885689659195
5.2751e-07 1.5876617329577813 3.7203453842752965
5.28137e-07 1.5893060003606105 3.7241097678213304
5.28766e-07 1.5909420652872202 3.727854162262838
5.29396e-07 1.5925877848098229 3.7315996371965547
5.30028e-07 1.594220483532551 3.7353365243462013
5.30661e-07 1.5958579964424822 3.739085816721704
5.31296e-07 1.5974873543748966 3.742815230196076
5.31932e-07 1.5991263418845367 3.746545750062185
5.3257e-07 1.6007523747376526 3.7502677458053895
5.33209e-07 1.6023832156774516 3.7540021270485195
5.3385e-07 1.604005948391356 3.7577167379240883
5.34492e-07 1.6056382857935756 3.761432480426324
5.35136e-07 1.6072577337225467 3.7651397613649
5.35781e-07 1.6088819835489425 3.768859407962624
5.36428e-07 1.6104981711723965 3.772559391096399
5.37077e-07 1.6121239387259803 3.7762605304472
5.37727e-07 1.6137368810519166 3.779953269720033
5.38379e-07 1.6153546190022934 3.783658354705409
5.39032e-07 1.6169643400618152 3.7873438815390847
5.39687e-07 1.6185836164247551 3.791030588554864
5.40343e-07 1.6202012755025963 3.7947137142530583
5.41001e-07 1.62180143462708 3.7983996489782976
5.41661e-07 1.6234158889749974 3.802075636882633
5.42322e-07 1.6250176283659103 3.805743329824013
5.42985e-07 1.626628892468209 3.8094122320657755
5.4365e-07 1.6282274726105064 3.8130728687717994
5.44316e-07 1.629830833972409 3.8167458059670674
5.44984e-07 1.6314262779311661 3.8203994163338915
5.45653e-07 1.6330312222723617 3.8240542586260937
5.46324e-07 1.6346235439974894 3.827700893564035
5.46997e-07 1.6362206404290238 3.8313598087579774
5.47671e-07 1.6378098625745883 3.83499949751582
5.48347e-07 1.6394085609068094 3.83864044025675
5.49025e-07 1.6405455393640815 3.842471817297738
5.49704e-07 1.6413947553099189 3.846423890155492
5.50385e-07 1.6422595657411614 3.8503657594140774
5.51068e-07 1.6431242636211518 3.8543037433109175
5.51753e-07 1.6439778792278403 3.858233179499454
5.52439e-07 1.6448423562457788 3.8621634321841127
5.53127e-07 1.6457067154618776 3.8660898325460984
5.53816e-07 1.6465709551696381 3.8700123915057754
5.54508e-07 1.6474241435616992 3.873926471784151
5.55201e-07 1.6482881486140384 3.8778413867590684
5.55895e-07 1.649152029120334 3.8817524927732983
5.56592e-07 1.6500002520448525 3.885666073113859
5.5729e-07 1.6508638940966505 3.8895695901772935
5.5799e-07 1.6517274066968366 3.893469330306001
5.58692e-07 1.6525907882587545 3.8973653040788583
5.59396e-07 1.6534431724361673 3.9012529172659107
5.60101e-07 1.6543062964779403 3.905141395976151
5.60808e-07 1.655169284796756 3.909026139760977
5.61517e-07 1.6560212987496978 3.9129025725045388
5.62227e-07 1.6568840202563733 3.916779883600931
5.6294e-07 1.657746601499187 3.92065349078213
5.63654e-07 1.6585936629145879 3.924529645532115
5.6437e-07 1.659455974312163 3.9283958724497623
5.65088e-07 1.6603181410236454 3.932258426071742
5.65808e-07 1.6611801616196364 3.936117316513653
5.6653e-07 1.6620312613395716 3.939968009219111
5.67253e-07 1.6628929945057593 3.9438196093604905
5.67978e-07 1.6637545773351188 3.9476675763802045
5.68705e-07 1.664605262106845 3.9515073932151257
5.69435e-07 1.665466549129948 3.955348129592491
5.70165e-07 1.6663231663861244 3.9591959909601697
5.70898e-07 1.66718414901575 3.9630295213042976
5.71633e-07 1.6680342639210448 3.9668549640256097
5.72369e-07 1.6688949399492707 3.9706813421109834
5.73108e-07 1.6697554562781458 3.9745041557118337
5.73848e-07 1.6706051275496083 3.978318927913528
5.7459e-07 1.6714653294900763 3.9821346471066703
5.75335e-07 1.6723253679296757 3.9859468305813017
5.76081e-07 1.6731745839112788 3.98975101832767
5.76829e-07 1.674034300415791 3.99355616449407
5.77579e-07 1.674889391483975 3.9973684435770442
5.78331e-07 1.6757487780208242 4.001166575767408
5.79085e-07 1.676597372133613 4.004956772331673
5.7984e-07 1.677456427010997 4.008747942253355
5.80598e-07 1.6783153099587182 4.012535642164669
5.81358e-07 1.6791634229191112 4.016315450866556
5.8212e-07 1.6800387188389487 4.020115682016876
5.82884e-07 1.6817032722763234 4.024639846742177
5.8365e-07 1.6833617913746182 4.029169507561075
5.84417e-07 1.685023114384956 4.033683539398148
5.85187e-07 1.6866828264057083 4.03819253588681
5.85959e-07 1.6883365339146899 4.042707045007227
5.86733e-07 1.6899930429848626 4.047206009747618
5.87509e-07 1.6916479547376095 4.051699989235129
5.88287e-07 1.6933012736948077 4.0561889999723215
5.89067e-07 1.694948627346575 4.060683544594929
5.89849e-07 1.6965987794158839 4.06516265582516
5.90634e-07 1.6982473521128743 4.069636847306942
5.9142e-07 1.699889988499277 4.074116588047042
5.92209e-07 1.7015354209160276 4.078580977329233
5.92999e-07 1.7031792872010665 4.083040495066236
5.93792e-07 1.7048172458242126 4.0875055769576205
5.94587e-07 1.7064579980757293 4.091955388221702
5.95383e-07 1.708097197256853 4.096400375363316
5.96182e-07 1.7097348476879848 4.100840554008246
5.96984e-07 1.7113666281247477 4.105286315941808
5.97787e-07 1.7130011989796072 4.109716913329381
5.98593e-07 1.7146342339117036 4.114142748629655
5.994e-07 1.7162614267141287 4.118574181051837
6.0021e-07 1.7178914074996077 4.1229905272703435
6.01022e-07 1.7195198650177645 4.12740215707056
6.01836e-07 1.7211468034551143 4.131809085502833
6.02653e-07 1.7227679364064004 4.1362216288189835
6.03472e-07 1.7243918540874483 4.140619188773963
6.04293e-07 1.7260142651187897 4.145012092068437
6.05116e-07 1.727630897776539 4.149410623082773
6.05941e-07 1.729250312698176 4.153794246705864
6.06769e-07 1.730868233236541 4.1581732576730595
6.07599e-07 1.7324804022007203 4.162557908787525
6.08431e-07 1.734095350950442 4.166927727497555
6.09265e-07 1.735708817421601 4.1712929768688145
6.10102e-07 1.7373208056190244 4.175653671179727
6.10941e-07 1.738927077494162 4.180020021583914
6.11783e-07 1.740536125845299 4.184371638056611
6.12626e-07 1.7421437078161504 4.188718741892729
6.13472e-07 1.7437455995544455 4.193071513337864
6.14321e-07 1.7453502652626407 4.197409623619354
6.15172e-07 1.7469534763288932 4.201743263034714
6.16025e-07 1.748551022956809 4.2060825812011
6.1688e-07 1.7501041279213585 4.210435186363445
6.17738e-07 1.7511825599559376 4.215037408884271
6.18598e-07 1.7522564689077462 4.219644858614175
6.19461e-07 1.7533401590779054 4.224251615781823
6.20326e-07 1.754417610449363 4.228839220383633
6.21193e-07 1.7555006300786333 4.233436247566092
6.22063e-07 1.7565774153583886 4.2380141830988665
6.22935e-07 1.7576497000868256 4.242597372861972
6.2381e-07 1.7587358725729494 4.247169865860669
6.24687e-07 1.7598074947035376 4.2517434563264445
6.25567e-07 1.760888821605394 4.256316417050644
6.26449e-07 1.761963925509122 4.26087043628359
6.27334e-07 1.7630445630185112 4.265433873733027
6.28221e-07 1.7641189821949976 4.269978428908127
6.29111e-07 1.765188932224919 4.274528274143165
6.30003e-07 1.766268533751642 4.2790775329878254
6.30898e-07 1.7673419240039168 4.2836079975111945
6.31795e-07 1.768420823760991 4.288147876404392
6.32695e-07 1.7694935170494002 4.292669019022997
6.33597e-07 1.7705617635059827 4.297195475934207
6.34502e-07 1.7716396092527464 4.301721388592388
6.3541e-07 1.7727112557929146 4.306228651199898
6.3632e-07 1.7737883882534364 4.310745323758146
6.37233e-07 1.774859326442972 4.315243403176883
6.38148e-07 1.7759258400092475 4.319746820036164
6.39066e-07 1.7770059667879459 4.3242398414056495
6.39987e-07 1.7780717765482166 4.328734138585705
6.4091e-07 1.7791471142380932 4.333227948550795
6.41837e-07 1.7802162701624364 4.3377033057311625
6.42765e-07 1.7812810235578365 4.342184022457737
6.43697e-07 1.7823593128037045 4.346654428401008
6.44631e-07 1.7834233520692238 4.3511261591346475
6.45568e-07 1.7844968694698633 4.3555974420448615
6.46507e-07 1.7855642178941409 4.360050409826005
6.47449e-07 1.7866369976167322 4.364512774784023
6.48394e-07 1.7877036135701838 4.368956878932532
6.49342e-07 1.7887658577232266 4.373406371897804
6.50293e-07 1.789841531859814 4.377845669866662
6.51246e-07 1.790903048678087 4.3822863587132765
6.52202e-07 1.7919739755083899 4.386726653086484
6.53161e-07 1.7930387517180326 4.391148820657592
6.54123e-07 1.7940991779189341 4.395576396811844
6.55088e-07 1.7951729601467807 4.399993858727777
6.56055e-07 1.7962326503940158 4.404412757036006
6.57025e-07 1.797301703077498 4.408831297734727
6.57999e-07 1.7983646185207531 4.413231843122147
6.58975e-07 1.7994232056108006 4.417637815947641
6.59954e-07 1.8006514246472187 4.422538360838044
6.60936e-07 1.8020601155826508 4.428015431338712
6.6192e-07 1.8034680255356157 4.433485865448241
6.62908e-07 1.8048887501950457 4.438943951051943
6.63899e-07 1.8062950802615751 4.444401187671649
6.64893e-07 1.8077006282534758 4.449851858364277
6.65889e-07 1.8091053938271857 4.455295986348675
6.66889e-07 1.810509376659115 4.460733594709572
6.67892e-07 1.8119164764545608 4.466155093326642
6.68897e-07 1.813318886949333 4.4715797416312695
6.69906e-07 1.8147301060378673 4.477001826865855
6.70918e-07 1.8161309387437048 4.48241358942502
6.71933e-07 1.8175309874368393 4.487818945801305
6.72951e-07 1.8189302519069142 4.493217918296658
6.73972e-07 1.8203325966089108 4.498600978335035
6.74996e-07 1.8217302862613676 4.5039872597379675
6.76023e-07 1.8231271911904867 4.509367223376038
6.77053e-07 1.8245328312876072 4.5147447383486
6.78087e-07 1.8259281561918663 4.520112125995795
6.79123e-07 1.8273265318917453 4.525463761224424
6.80163e-07 1.8287202808881773 4.5308186750003285
6.81206e-07 1.8301132446800414 4.536167378785014
6.82252e-07 1.8315054232082848 4.541509893773365
6.83302e-07 1.8328968164294535 4.546846241041941
6.84355e-07 1.8342968737835808 4.552180249196226
6.85411e-07 1.8356904884516982 4.55749487870168
6.8647e-07 1.8370795101667559 4.562812852470999
6.87532e-07 1.8384677466053276 4.568124741653634
6.88598e-07 1.8398551977981061 4.573430566747975
6.89667e-07 1.8412418637899908 4.57873034813941
6.90739e-07 1.8426277446398718 4.584024106101168
6.91815e-07 1.8440259899687337 4.5893062494978665
6.92894e-07 1.845410285604346 4.594588025298276
6.93977e-07 1.8467937964078442 4.599863837816343
6.95063e-07 1.8481765224916518 4.605133706885104
6.96152e-07 1.8495584639811316 4.6103976522296035
6.97244e-07 1.8509433632810937 4.615646361461667
6.98341e-07 1.8523237306965927 4.620898527700185
6.9944e-07 1.8537126268299078 4.626148560397583
7.00543e-07 1.8550914166398254 4.631389010231246
7.0165e-07 1.8564694227188605 4.636623633366213
7.0276e-07 1.857846645265616 4.641852448896313
7.03873e-07 1.8592267952241026 4.647066200957254
7.0499e-07 1.8609396969051601 4.6525150784836224
7.06111e-07 1.863086066988583 4.658238904672772
7.07235e-07 1.865229976603728 4.66395571008357
7.08363e-07 1.8673622029517893 4.669661828977872
7.09494e-07 1.8694975410904011 4.675373894796335
7.10629e-07 1.8716341352625914 4.68106978545291
7.11768e-07 1.873768302250198 4.686758757448221
7.1291e-07 1.875890863090056 4.692437163162097
7.14056e-07 1.8780202112284439 4.698112377730287
7.15206e-07 1.880143493166688 4.70378991398394
7.16359e-07 1.8822680485752674 4.709451454966634
7.17516e-07 1.8843810735976525 4.715102547191635
7.18677e-07 1.8865008745468748 4.720750528217534
7.19841e-07 1.8886183047943033 4.726391763407272
7.2101e-07 1.8907297315984886 4.732035388493042
7.22182e-07 1.8928333476336376 4.737659557409541
7.23358e-07 1.89494372813019 4.7432806930203855
7.24538e-07 1.8970517692276039 4.748895178368289
7.25721e-07 1.8991574786578496 4.7545030369894645
7.26909e-07 1.9012572458931825 4.760113351072779
7.281e-07 1.903349271111666 4.765704402062859
7.29296e-07 1.9054480463496433 4.771292514333791
7.30495e-07 1.9075445203764205 4.77687409266961
7.31698e-07 1.9096387007159112 4.782449159925482
7.32905e-07 1.911717991789403 4.788023149498267
7.34117e-07 1.9138076217960056 4.793585256699257
7.35332e-07 1.915894980393059 4.799140920612285
7.36551e-07 1.9179800749436633 4.804690163567356
7.37774e-07 1.920053946806044 4.8102294288989444
7.39002e-07 1.9221309707712362 4.815774856531187
7.40233e-07 1.924209331348604 4.821304963477113
7.41469e-07 1.9262854568902037 4.826828737528058
7.42708e-07 1.9283504289539821 4.8323426386015935
7.43952e-07 1.9304221158979769 4.837853816058111
7.452e-07 1.932488035837927 4.843367630962647
7.46452e-07 1.9345553066808678 4.848866283432355
7.47709e-07 1.9366203779053592 4.85435871028484
7.4897e-07 1.9386743805697755 4.85984139184373
7.50234e-07 1.9407350833047017 4.865321434763556
7.51504e-07 1.9427900747621138 4.870804171242586
7.52777e-07 1.9448464308600768 4.87627189968209
7.54055e-07 1.9468917850690373 4.881729982574753
7.55337e-07 1.9489438274325297 4.887185492948611
7.56624e-07 1.9511706046286572 4.89321639909446
7.57915e-07 1.9536032406131667 4.899843428287711
7.5921e-07 1.9560240774324404 4.906458008736591
7.6051e-07 1.9584384418802956 4.913072473578476
7.61814e-07 1.960853350757595 4.919669283923188
7.63123e-07 1.9632705773550767 4.92626951758713
7.64436e-07 1.9656795898472037 4.932848695220833
7.65754e-07 1.968082192689502 4.939427853221617
7.67076e-07 1.970485362774234 4.945989543550158
7.68403e-07 1.9728856249883804 4.952542547953101
7.69734e-07 1.9752882255671524 4.95909906878903
7.7107e-07 1.9776826969495198 4.965634788203168
7.72411e-07 1.980070835191791 4.972170603707913
7.73756e-07 1.9824595682528845 4.978689178866001
7.75107e-07 1.9848506554963314 4.985211342021943
7.76461e-07 1.987233679943146 4.991712902271161
7.77821e-07 1.989613868404131 4.99820601269556
7.79185e-07 1.9919877982154652 5.004699330453259
7.80554e-07 1.994370962823213 5.011179056604582
7.81928e-07 1.996739273734661 5.01765560070382
7.83307e-07 1.9991082164106944 5.024115211748309
7.84691e-07 2.001474372654399 5.030566535132233
7.86079e-07 2.003842912964795 5.037021582228851
7.87473e-07 2.006203519397056 5.043456410165665
7.88871e-07 2.0085579682396766 5.049891594062104
7.90275e-07 2.01091307407625 5.05631005689829
7.91683e-07 2.0132620505068703 5.062728916702052
7.93096e-07 2.0156202107693715 5.069134525149433
7.94515e-07 2.0179671240596226 5.075528673329062
7.95939e-07 2.0203079497123273 5.08192327880605
7.97367e-07 2.0226494566805875 5.088301369279367
7.98801e-07 2.02499337869233 5.094683325168285
8.0024e-07 2.027329505914187 5.101045473777925
8.01684e-07 2.0296596001864815 5.107408158021948
8.03134e-07 2.0319903946000553 5.113754488020215
8.04588e-07 2.034326967997262 5.1200963089302265
8.06048e-07 2.0366491044932142 5.126435367273541
8.07514e-07 2.0389719549218217 5.132758189605051
8.08984e-07 2.0412888392118034 5.13908164218965
8.1046e-07 2.0436064464253527 5.1453889365014245
8.11941e-07 2.0459264970892064 5.151700227254271
8.13428e-07 2.048238886176065 5.157992103022625
8.1492e-07 2.0505486821563355 5.16427631889436
8.16418e-07 2.05285257715301 5.170561256142678
8.17921e-07 2.055165560513626 5.176833538092691
8.1943e-07 2.0574643151433825 5.18310326041151
8.20944e-07 2.0597638232641375 5.189357090009099
8.22464e-07 2.0659010044185675 5.196618800725877
8.2399e-07 2.0724671582413174 5.20399078803843
8.25521e-07 2.079018027521656 5.211354522459591
8.27058e-07 2.085545441125481 5.218706715940193
8.28601e-07 2.0920660272100693 5.226053985772298
8.30149e-07 2.0985715974901034 5.233393043694709
8.31704e-07 2.1050622400269354 5.240723903659418
8.33264e-07 2.111529842194504 5.248043280545422
8.3483e-07 2.117990905613917 5.2553577876547335
8.36402e-07 2.124437300880669 5.262664139518419
8.37979e-07 2.130860958537031 5.269959053409936
8.39563e-07 2.1372782869873443 5.277249139090134
8.41153e-07 2.14368120026726 5.284531113389274
8.42749e-07 2.150061671492557 5.291801696135388
8.4435e-07 2.15643601725445 5.2990674931078425
8.45958e-07 2.162796194427485 5.306325223601547
8.47572e-07 2.169134218117925 5.313571610151694
8.49193e-07 2.17546631447656 5.320813254139091
8.50819e-07 2.1817844826275374 5.328046877480932
8.52452e-07 2.1880807790960977 5.335269205564962
8.54091e-07 2.19437134093516 5.342486834978405
8.55736e-07 2.2006482089408705 5.349696490410897
8.57388e-07 2.2069034804971834 5.356894900241238
8.59046e-07 2.2131532048723352 5.364088655888965
8.6071e-07 2.2193894639682745 5.3712744849591685
8.62381e-07 2.2256043954783897 5.378449118953598
8.64059e-07 2.2318139621708086 5.385619143769874
8.65743e-07 2.238010286498231 5.3927812900647005
8.67433e-07 2.2441934415641467 5.399935573982298
8.6913e-07 2.2503556179756092 5.40707873138115
8.70834e-07 2.2565126651095673 5.414217340281039
8.72545e-07 2.2626567586454613 5.421348135606492
8.74262e-07 2.2687801282593614 5.428467856622581
8.75986e-07 2.2748985397183805 5.435583075072335
8.77717e-07 2.2810042079994384 5.442690529224599
8.79454e-07 2.287089401333129 5.449786961862851
8.81199e-07 2.29316980307116 5.456878938158462
8.8295e-07 2.299237666968178 5.463963199839955
8.84709e-07 2.3052852993047246 5.471036493315546
8.86474e-07 2.3113283021859914 5.478105376905959
8.88247e-07 2.317358967634663 5.485166595909078
8.90027e-07 2.3233696394863266 5.492216900458941
8.91813e-07 2.3293758397436797 5.499262841761754
8.93607e-07 2.3301066758001 5.507730668851573
8.95409e-07 2.330236975133072 5.516348825108627
8.97217e-07 2.3303717420233165 5.524955425704427
8.99033e-07 2.3305032655569735 5.533547277359408
9.00856e-07 2.330646867182839 5.54213089158937
9.02687e-07 2.330787170554355 5.550699850867526
9.04525e-07 2.3309394640068075 5.559260632931716
9.0637e-07 2.3310960464269592 5.567810052225867
9.08223e-07 2.331249250632602 5.5763449560240685
9.10084e-07 2.3314143155538067 5.584871772097299
9.11952e-07 2.3315835662854765 5.593387339222316
9.13828e-07 2.331749361600416 5.601888528462874
9.15712e-07 2.331926891354905 5.610381718441638
9.17604e-07 2.332100915699609 5.618860621247599
9.19503e-07 2.332286591966086 5.627331583180857
9.2141e-07 2.332476288452164 5.635791482674956
9.23325e-07 2.332662406713958 5.644237229572881
9.25249e-07 2.3328600555620302 5.652675122350202
9.2718e-07 2.3330540790341976 5.661098951237128
9.29119e-07 2.333259553784698 5.669514983252762
9.31066e-07 2.33346889072845 5.677920135401471
9.33022e-07 2.3336745336221743 5.686311355252777
9.34986e-07 2.3338915111517227 5.694694863276353
9.36958e-07 2.3341122595262025 5.703067599114577
9.38938e-07 2.3343292475482698 5.711426532483743
9.40927e-07 2.3345574562665496 5.719777838046662
9.42924e-07 2.3347818616987204 5.728115426710372
9.4493e-07 2.3350174133254487 5.736445443001535
9.46944e-07 2.3352565890514803 5.744764863482956
9.48967e-07 2.335491898964439 5.753070693997121
9.50999e-07 2.3357382454583058 5.761369034465389
9.53039e-07 2.3359911456963185 5.769649437597713
9.55088e-07 2.3362370980585307 5.777923829399705
9.57146e-07 2.3364939799226163 5.786190812461565
9.59213e-07 2.336746896557083 5.794444413278046
9.61289e-07 2.3370106726238524 5.802690658992411
9.63373e-07 2.337277851565163 5.8109265832065935
9.65467e-07 2.337541008357576 5.819149247592242
9.6757e-07 2.3378149214522788 5.82736463652009
9.69682e-07 2.3380921585044714 5.83556980436873
9.71803e-07 2.338365318463338 5.8437618331509835
9.73934e-07 2.3386491338958315 5.851946665125351
9.76074e-07 2.338928836660365 5.86011843762235
9.78223e-07 2.3392191289212203 5.8682830651827755
9.80382e-07 2.3395126182484054 5.876437636097529
9.82551e-07 2.3398019431090824 5.8845792655870515
9.84729e-07 2.3414464620900404 5.893536420082086
9.86917e-07 2.345770182252736 5.9040949982148865
9.89114e-07 2.350085953651849 5.914634730019405
9.91321e-07 2.3544011078298537 5.925158611931873
9.93539e-07 2.358698208367648 5.935668221704845
9.95766e-07 2.36299038582641 5.946151996334104
9.98003e-07 2.3672747867874895 5.956617321614655
1.00025e-06 2.3715586896265406 5.967067170590855
