 1000.25  2.3715586896265406  5.967067170590855 
 998.003  2.3672747867874895  5.956617321614655 
 995.766  2.36299038582641  5.946151996334104 
 993.539  2.358698208367648  5.935668221704845 
 991.321  2.3544011078298537  5.925158611931873 
 989.114  2.350085953651849  5.914634730019405 
 986.917  2.345770182252736  5.9040949982148865 
 984.729  2.3414464620900404  5.893536420082086 
 982.551  2.3398019431090824  5.8845792655870515 
 980.382  2.3395126182484054  5.876437636097529 
 978.223  2.3392191289212203  5.8682830651827755 
 976.074  2.338928836660365  5.86011843762235 
 973.934  2.3386491338958315  5.851946665125351 
 971.803  2.338365318463338  5.8437618331509835 
 969.682  2.3380921585044714  5.83556980436873 
 967.57  2.3378149214522788  5.82736463652009 
 965.467  2.337541008357576  5.819149247592242 
 963.373  2.337277851565163  5.8109265832065935 
 961.289  2.3370106726238524  5.802690658992411 
 959.213  2.336746896557083  5.794444413278046 
 957.146  2.3364939799226163  5.786190812461565 
 955.088  2.3362370980585307  5.777923829399705 
 953.039  2.3359911456963185  5.769649437597713 
 950.999  2.3357382454583058  5.761369034465389 
 948.967  2.335491898964439  5.753070693997121 
 946.944  2.3352565890514803  5.744764863482956 
 944.93  2.3350174133254487  5.736445443001535 
 942.924  2.3347818616987204  5.728115426710372 
 940.927  2.3345574562665496  5.719777838046662 
 938.938  2.3343292475482698  5.711426532483743 
 936.958  2.3341122595262025  5.703067599114577 
 934.986  2.3338915111517227  5.694694863276353 
 933.022  2.3336745336221743  5.686311355252777 
 931.066  2.33346889072845  5.677920135401471 
 929.119  2.333259553784698  5.669514983252762 
 927.18  2.3330540790341976  5.661098951237128 
 925.249  2.3328600555620302  5.652675122350202 
 923.325  2.332662406713958  5.644237229572881 
 921.41  2.332476288452164  5.635791482674956 
 919.503  2.332286591966086  5.627331583180857 
 917.604  2.332100915699609  5.618860621247599 
 915.712  2.331926891354905  5.610381718441638 
 913.828  2.331749361600416  5.601888528462874 
 911.952  2.3315835662854765  5.593387339222316 
 910.084  2.3314143155538067  5.584871772097299 
 908.223  2.331249250632602  5.5763449560240685 
 906.37  2.3310960464269592  5.567810052225867 
 904.525  2.3309394640068075  5.559260632931716 
 902.687  2.330787170554355  5.550699850867526 
 900.856  2.330646867182839  5.54213089158937 
 899.033  2.3305032655569735  5.533547277359408 
 897.217  2.3303717420233165  5.524955425704427 
 895.409  2.330236975133072  5.516348825108627 
 893.607  2.3301066758001  5.507730668851573 
 891.813  2.3293758397436797  5.499262841761754 
 890.027  2.3233696394863266  5.492216900458941 
 888.247  2.317358967634663  5.485166595909078 
 886.474  2.3113283021859914  5.478105376905959 
 884.709  2.3052852993047246  5.471036493315546 
 882.95  2.299237666968178  5.463963199839955 
 881.199  2.29316980307116  5.456878938158462 
 879.454  2.287089401333129  5.449786961862851 
 877.717  2.2810042079994384  5.442690529224599 
 875.986  2.2748985397183805  5.435583075072335 
 874.262  2.2687801282593614  5.428467856622581 
 872.545  2.2626567586454613  5.421348135606492 
 870.834  2.2565126651095673  5.414217340281039 
 869.13  2.2503556179756092  5.40707873138115 
 867.433  2.2441934415641467  5.399935573982298 
 865.743  2.238010286498231  5.3927812900647005 
 864.059  2.2318139621708086  5.385619143769874 
 862.381  2.2256043954783897  5.378449118953598 
 860.71  2.2193894639682745  5.3712744849591685 
 859.046  2.2131532048723352  5.364088655888965 
 857.388  2.2069034804971834  5.356894900241238 
 855.736  2.2006482089408705  5.349696490410897 
 854.091  2.19437134093516  5.342486834978405 
 852.452  2.1880807790960977  5.335269205564962 
 850.819  2.1817844826275374  5.328046877480932 
 849.193  2.17546631447656  5.320813254139091 
 847.572  2.169134218117925  5.313571610151694 
 845.958  2.162796194427485  5.306325223601547 
 844.35  2.15643601725445  5.2990674931078425 
 842.749  2.150061671492557  5.291801696135388 
 841.153  2.14368120026726  5.284531113389274 
 839.563  2.1372782869873443  5.277249139090134 
 837.979  2.130860958537031  5.269959053409936 
 836.402  2.124437300880669  5.262664139518419 
 834.83  2.117990905613917  5.2553577876547335 
 833.264  2.111529842194504  5.248043280545422 
 831.704  2.1050622400269354  5.240723903659418 
 830.149  2.0985715974901034  5.233393043694709 
 828.601  2.0920660272100693  5.226053985772298 
 827.058  2.085545441125481  5.218706715940193 
 825.521  2.079018027521656  5.211354522459591 
 823.99  2.0724671582413174  5.20399078803843 
 822.464  2.0659010044185675  5.196618800725877 
 820.944  2.0597638232641375  5.189357090009099 
 819.43  2.0574643151433825  5.18310326041151 
 817.921  2.055165560513626  5.176833538092691 
 816.418  2.05285257715301  5.170561256142678 
 814.92  2.0505486821563355  5.16427631889436 
 813.428  2.048238886176065  5.157992103022625 
 811.941  2.0459264970892064  5.151700227254271 
 810.46  2.0436064464253527  5.1453889365014245 
 808.984  2.0412888392118034  5.13908164218965 
 807.514  2.0389719549218217  5.132758189605051 
 806.048  2.0366491044932142  5.126435367273541 
 804.588  2.034326967997262  5.1200963089302265 
 803.134  2.0319903946000553  5.113754488020215 
 801.684  2.0296596001864815  5.107408158021948 
 800.24  2.027329505914187  5.101045473777925 
 798.801  2.02499337869233  5.094683325168285 
 797.367  2.0226494566805875  5.088301369279367 
 795.939  2.0203079497123273  5.08192327880605 
 794.515  2.0179671240596226  5.075528673329062 
 793.096  2.0156202107693715  5.069134525149433 
 791.683  2.0132620505068703  5.062728916702052 
 790.275  2.01091307407625  5.05631005689829 
 788.871  2.0085579682396766  5.049891594062104 
 787.473  2.006203519397056  5.043456410165665 
 786.079  2.003842912964795  5.037021582228851 
 784.691  2.001474372654399  5.030566535132233 
 783.307  1.9991082164106944  5.024115211748309 
 781.928  1.996739273734661  5.01765560070382 
 780.554  1.994370962823213  5.011179056604582 
 779.185  1.9919877982154652  5.004699330453259 
 777.821  1.989613868404131  4.99820601269556 
 776.461  1.987233679943146  4.991712902271161 
 775.107  1.9848506554963314  4.985211342021943 
 773.756  1.9824595682528845  4.978689178866001 
 772.411  1.980070835191791  4.972170603707913 
 771.07  1.9776826969495198  4.965634788203168 
 769.734  1.9752882255671524  4.95909906878903 
 768.403  1.9728856249883804  4.952542547953101 
 767.076  1.970485362774234  4.945989543550158 
 765.754  1.968082192689502  4.939427853221617 
 764.436  1.9656795898472037  4.932848695220833 
 763.123  1.9632705773550767  4.92626951758713 
 761.814  1.960853350757595  4.919669283923188 
 760.51  1.9584384418802956  4.913072473578476 
 759.21  1.9560240774324404  4.906458008736591 
 757.915  1.9536032406131667  4.899843428287711 
 756.624  1.9511706046286572  4.89321639909446 
 755.337  1.9489438274325297  4.887185492948611 
 754.055  1.9468917850690373  4.881729982574753 
 752.777  1.9448464308600768  4.87627189968209 
 751.504  1.9427900747621138  4.870804171242586 
 750.234  1.9407350833047017  4.865321434763556 
 748.97  1.9386743805697755  4.85984139184373 
 747.709  1.9366203779053592  4.85435871028484 
 746.452  1.9345553066808678  4.848866283432355 
 745.2  1.932488035837927  4.843367630962647 
 743.952  1.9304221158979769  4.837853816058111 
 742.708  1.9283504289539821  4.8323426386015935 
 741.469  1.9262854568902037  4.826828737528058 
 740.233  1.924209331348604  4.821304963477113 
 739.002  1.9221309707712362  4.815774856531187 
 737.774  1.920053946806044  4.8102294288989444 
 736.551  1.9179800749436633  4.804690163567356 
 735.332  1.915894980393059  4.799140920612285 
 734.117  1.9138076217960056  4.793585256699257 
 732.905  1.911717991789403  4.788023149498267 
 731.698  1.9096387007159112  4.782449159925482 
 730.495  1.9075445203764205  4.77687409266961 
 729.296  1.9054480463496433  4.771292514333791 
 728.1  1.903349271111666  4.765704402062859 
 726.909  1.9012572458931825  4.760113351072779 
 725.721  1.8991574786578496  4.7545030369894645 
 724.538  1.8970517692276039  4.748895178368289 
 723.358  1.89494372813019  4.7432806930203855 
 722.182  1.8928333476336376  4.737659557409541 
 721.01  1.8907297315984886  4.732035388493042 
 719.841  1.8886183047943033  4.726391763407272 
 718.677  1.8865008745468748  4.720750528217534 
 717.516  1.8843810735976525  4.715102547191635 
 716.359  1.8822680485752674  4.709451454966634 
 715.206  1.880143493166688  4.70378991398394 
 714.056  1.8780202112284439  4.698112377730287 
 712.91  1.875890863090056  4.692437163162097 
 711.768  1.873768302250198  4.686758757448221 
 710.629  1.8716341352625914  4.68106978545291 
 709.494  1.8694975410904011  4.675373894796335 
 708.363  1.8673622029517893  4.669661828977872 
 707.235  1.865229976603728  4.66395571008357 
 706.111  1.863086066988583  4.658238904672772 
 704.99  1.8609396969051601  4.6525150784836224 
 703.873  1.8592267952241026  4.647066200957254 
 702.76  1.857846645265616  4.641852448896313 
 701.65  1.8564694227188605  4.636623633366213 
 700.543  1.8550914166398254  4.631389010231246 
 699.44  1.8537126268299078  4.626148560397583 
 698.341  1.8523237306965927  4.620898527700185 
 697.244  1.8509433632810937  4.615646361461667 
 696.152  1.8495584639811316  4.6103976522296035 
 695.063  1.8481765224916518  4.605133706885104 
 693.977  1.8467937964078442  4.599863837816343 
 692.894  1.845410285604346  4.594588025298276 
 691.815  1.8440259899687337  4.5893062494978665 
 690.739  1.8426277446398718  4.584024106101168 
 689.667  1.8412418637899908  4.57873034813941 
 688.598  1.8398551977981061  4.573430566747975 
 687.532  1.8384677466053276  4.568124741653634 
 686.47  1.8370795101667559  4.562812852470999 
 685.411  1.8356904884516982  4.55749487870168 
 684.355  1.8342968737835808  4.552180249196226 
 683.302  1.8328968164294535  4.546846241041941 
 682.252  1.8315054232082848  4.541509893773365 
 681.206  1.8301132446800414  4.536167378785014 
 680.163  1.8287202808881773  4.5308186750003285 
 679.123  1.8273265318917453  4.525463761224424 
 678.087  1.8259281561918663  4.520112125995795 
 677.053  1.8245328312876072  4.5147447383486 
 676.023  1.8231271911904867  4.509367223376038 
 674.996  1.8217302862613676  4.5039872597379675 
 673.972  1.8203325966089108  4.498600978335035 
 672.951  1.8189302519069142  4.493217918296658 
 671.933  1.8175309874368393  4.487818945801305 
 670.918  1.8161309387437048  4.48241358942502 
 669.906  1.8147301060378673  4.477001826865855 
 668.897  1.813318886949333  4.4715797416312695 
 667.892  1.8119164764545608  4.466155093326642 
 666.889  1.810509376659115  4.460733594709572 
 665.889  1.8091053938271857  4.455295986348675 
 664.893  1.8077006282534758  4.449851858364277 
 663.899  1.8062950802615751  4.444401187671649 
 662.908  1.8048887501950457  4.438943951051943 
 661.92  1.8034680255356157  4.433485865448241 
 660.936  1.8020601155826508  4.428015431338712 
 659.954  1.8006514246472187  4.422538360838044 
 658.975  1.7994232056108006  4.417637815947641 
 657.999  1.7983646185207531  4.413231843122147 
 657.025  1.797301703077498  4.408831297734727 
 656.055  1.7962326503940158  4.404412757036006 
 655.088  1.7951729601467807  4.399993858727777 
 654.123  1.7940991779189341  4.395576396811844 
 653.161  1.7930387517180326  4.391148820657592 
 652.202  1.7919739755083899  4.386726653086484 
 651.246  1.790903048678087  4.3822863587132765 
 650.293  1.789841531859814  4.377845669866662 
 649.342  1.7887658577232266  4.373406371897804 
 648.394  1.7877036135701838  4.368956878932532 
 647.449  1.7866369976167322  4.364512774784023 
 646.507  1.7855642178941409  4.360050409826005 
 645.568  1.7844968694698633  4.3555974420448615 
 644.631  1.7834233520692238  4.3511261591346475 
 643.697  1.7823593128037045  4.346654428401008 
 642.765  1.7812810235578365  4.342184022457737 
 641.837  1.7802162701624364  4.3377033057311625 
 640.91  1.7791471142380932  4.333227948550795 
 639.987  1.7780717765482166  4.328734138585705 
 639.066  1.7770059667879459  4.3242398414056495 
 638.148  1.7759258400092475  4.319746820036164 
 637.233  1.774859326442972  4.315243403176883 
 636.32  1.7737883882534364  4.310745323758146 
 635.41  1.7727112557929146  4.306228651199898 
 634.502  1.7716396092527464  4.301721388592388 
 633.597  1.7705617635059827  4.297195475934207 
 632.695  1.7694935170494002  4.292669019022997 
 631.795  1.768420823760991  4.288147876404392 
 630.898  1.7673419240039168  4.2836079975111945 
 630.003  1.766268533751642  4.2790775329878254 
 629.111  1.765188932224919  4.274528274143165 
 628.221  1.7641189821949976  4.269978428908127 
 627.334  1.7630445630185112  4.265433873733027 
 626.449  1.761963925509122  4.26087043628359 
 625.567  1.760888821605394  4.256316417050644 
 624.687  1.7598074947035376  4.2517434563264445 
 623.81  1.7587358725729494  4.247169865860669 
 622.935  1.7576497000868256  4.242597372861972 
 622.063  1.7565774153583886  4.2380141830988665 
 621.193  1.7555006300786333  4.233436247566092 
 620.326  1.754417610449363  4.228839220383633 
 619.461  1.7533401590779054  4.224251615781823 
 618.598  1.7522564689077462  4.219644858614175 
 617.738  1.7511825599559376  4.215037408884271 
 616.88  1.7501041279213585  4.210435186363445 
 616.025  1.748551022956809  4.2060825812011 
 615.172  1.7469534763288932  4.201743263034714 
 614.321  1.7453502652626407  4.197409623619354 
 613.472  1.7437455995544455  4.193071513337864 
 612.626  1.7421437078161504  4.188718741892729 
 611.783  1.740536125845299  4.184371638056611 
 610.941  1.738927077494162  4.180020021583914 
 610.102  1.7373208056190244  4.175653671179727 
 609.265  1.735708817421601  4.1712929768688145 
 608.431  1.734095350950442  4.166927727497555 
 607.599  1.7324804022007203  4.162557908787525 
 606.769  1.730868233236541  4.1581732576730595 
 605.941  1.729250312698176  4.153794246705864 
 605.116  1.727630897776539  4.149410623082773 
 604.293  1.7260142651187897  4.145012092068437 
 603.472  1.7243918540874483  4.140619188773963 
 602.653  1.7227679364064004  4.1362216288189835 
 601.836  1.7211468034551143  4.131809085502833 
 601.022  1.7195198650177645  4.12740215707056 
 600.21  1.7178914074996077  4.1229905272703435 
 599.4  1.7162614267141287  4.118574181051837 
 598.593  1.7146342339117036  4.114142748629655 
 597.787  1.7130011989796072  4.109716913329381 
 596.984  1.7113666281247477  4.105286315941808 
 596.182  1.7097348476879848  4.100840554008246 
 595.383  1.708097197256853  4.096400375363316 
 594.587  1.7064579980757293  4.091955388221702 
 593.792  1.7048172458242126  4.0875055769576205 
 592.999  1.7031792872010665  4.083040495066236 
 592.209  1.7015354209160276  4.078580977329233 
 591.42  1.699889988499277  4.074116588047042 
 590.634  1.6982473521128743  4.069636847306942 
 589.849  1.6965987794158839  4.06516265582516 
 589.067  1.694948627346575  4.060683544594929 
 588.287  1.6933012736948077  4.0561889999723215 
 587.509  1.6916479547376095  4.051699989235129 
 586.733  1.6899930429848626  4.047206009747618 
 585.959  1.6883365339146899  4.042707045007227 
 585.187  1.6866828264057083  4.03819253588681 
 584.417  1.685023114384956  4.033683539398148 
 583.65  1.6833617913746182  4.029169507561075 
 582.884  1.6817032722763234  4.024639846742177 
 582.12  1.6800387188389487  4.020115682016876 
 581.358  1.6791634229191112  4.016315450866556 
 580.598  1.6783153099587182  4.012535642164669 
 579.84  1.677456427010997  4.008747942253355 
 579.085  1.676597372133613  4.004956772331673 
 578.331  1.6757487780208242  4.001166575767408 
 577.579  1.674889391483975  3.9973684435770442 
 576.829  1.674034300415791  3.99355616449407 
 576.081  1.6731745839112788  3.98975101832767 
 575.335  1.6723253679296757  3.9859468305813017 
 574.59  1.6714653294900763  3.9821346471066703 
 573.848  1.6706051275496083  3.978318927913528 
 573.108  1.6697554562781458  3.9745041557118337 
 572.369  1.6688949399492707  3.9706813421109834 
 571.633  1.6680342639210448  3.9668549640256097 
 570.898  1.66718414901575  3.9630295213042976 
 570.165  1.6663231663861244  3.9591959909601697 
 569.435  1.665466549129948  3.955348129592491 
 568.705  1.664605262106845  3.9515073932151257 
 567.978  1.6637545773351188  3.9476675763802045 
 567.253  1.6628929945057593  3.9438196093604905 
 566.53  1.6620312613395716  3.939968009219111 
 565.808  1.6611801616196364  3.936117316513653 
 565.088  1.6603181410236454  3.932258426071742 
 564.37  1.659455974312163  3.9283958724497623 
 563.654  1.6585936629145879  3.924529645532115 
 562.94  1.657746601499187  3.92065349078213 
 562.227  1.6568840202563733  3.916779883600931 
 561.517  1.6560212987496978  3.9129025725045388 
 560.808  1.655169284796756  3.909026139760977 
 560.101  1.6543062964779403  3.905141395976151 
 559.396  1.6534431724361673  3.9012529172659107 
 558.692  1.6525907882587545  3.8973653040788583 
 557.99  1.6517274066968366  3.893469330306001 
 557.29  1.6508638940966505  3.8895695901772935 
 556.592  1.6500002520448525  3.885666073113859 
 555.895  1.649152029120334  3.8817524927732983 
 555.201  1.6482881486140384  3.8778413867590684 
 554.508  1.6474241435616992  3.873926471784151 
 553.816  1.6465709551696381  3.8700123915057754 
 553.127  1.6457067154618776  3.8660898325460984 
 552.439  1.6448423562457788  3.8621634321841127 
 551.753  1.6439778792278403  3.858233179499454 
 551.068  1.6431242636211518  3.8543037433109175 
 550.385  1.6422595657411614  3.8503657594140774 
 549.704  1.6413947553099189  3.846423890155492 
 549.025  1.6405455393640815  3.842471817297738 
 548.347  1.6394085609068094  3.83864044025675 
 547.671  1.6378098625745883  3.83499949751582 
 546.997  1.6362206404290238  3.8313598087579774 
 546.324  1.6346235439974894  3.827700893564035 
 545.653  1.6330312222723617  3.8240542586260937 
 544.984  1.6314262779311661  3.8203994163338915 
 544.316  1.629830833972409  3.8167458059670674 
 543.65  1.6282274726105064  3.8130728687717994 
 542.985  1.626628892468209  3.8094122320657755 
 542.322  1.6250176283659103  3.805743329824013 
 541.661  1.6234158889749974  3.802075636882633 
 541.001  1.62180143462708  3.7983996489782976 
 540.343  1.6202012755025963  3.7947137142530583 
 539.687  1.6185836164247551  3.791030588554864 
 539.032  1.6169643400618152  3.7873438815390847 
 538.379  1.6153546190022934  3.783658354705409 
 537.727  1.6137368810519166  3.779953269720033 
 537.077  1.6121239387259803  3.7762605304472 
 536.428  1.6104981711723965  3.772559391096399 
 535.781  1.6088819835489425  3.768859407962624 
 535.136  1.6072577337225467  3.7651397613649 
 534.492  1.6056382857935756  3.761432480426324 
 533.85  1.604005948391356  3.7577167379240883 
 533.209  1.6023832156774516  3.7540021270485195 
 532.57  1.6007523747376526  3.7502677458053895 
 531.932  1.5991263418845367  3.746545750062185 
 531.296  1.5974873543748966  3.742815230196076 
 530.661  1.5958579964424822  3.739085816721704 
 530.028  1.594220483532551  3.7353365243462013 
 529.396  1.5925877848098229  3.7315996371965547 
 528.766  1.5909420652872202  3.727854162262838 
 528.137  1.5893060003606105  3.7241097678213304 
 527.51  1.5876617329577813  3.7203453842752965 
 526.885  1.5860109050596534  3.7165885689659195 
 526.26  1.5843697506131438  3.712832814261633 
 525.638  1.5827154912663028  3.7090683906197164 
 525.016  1.581075789088259  3.7052935984670716 
 524.397  1.5794180816784236  3.7015215083439337 
 523.778  1.577770072963709  3.697750451712488 
 523.161  1.5761088909587464  3.6939706598942026 
 522.546  1.5744623110252636  3.6901804249709813 
 521.932  1.5727976374171602  3.686392872207872 
 521.32  1.571142687874459  3.682606325099301 
 520.708  1.5696373121266431  3.679002757761966 
 520.099  1.5685024295958157  3.675799215360923 
 519.491  1.567350322678683  3.672599492730043 
 518.884  1.5661973929095467  3.669396990454516 
 518.278  1.5650551745032695  3.666196625828934 
 517.674  1.5639006035620955  3.6629885473233306 
 517.072  1.5627616939631026  3.6597710464069233 
 516.471  1.5616054799425603  3.656557352891738 
 515.871  1.5604484346166025  3.6533408432689938 
 515.273  1.5593021404231773  3.650126458785819 
 514.676  1.558143437057626  3.646904299600656 
 514.08  1.5569955008501593  3.6436842604248296 
 513.486  1.5558400958920628  3.640444808534449 
 512.893  1.5546788926482376  3.637214106874374 
 512.301  1.5535284807785572  3.6339855173886058 
 511.711  1.5523656023579433  3.6307490912185245 
 511.122  1.5512135315284312  3.6275147719060916 
 510.535  1.5500489709979306  3.624272590809326 
 509.949  1.5488885547450377  3.6210158457289543 
 509.364  1.5477339826425462  3.617772862000399 
 508.781  1.546566885853348  3.61452197841127 
 508.199  1.545410637574508  3.61127318804995 
 507.618  1.5442418411518497  3.6080164722412307 
 507.039  1.5430839097313924  3.604761844071245 
 506.461  1.5419184296824513  3.601487532089261 
 505.884  1.5407470705150914  3.598221996389444 
 505.308  1.5395866012742132  3.594958539791952 
 504.734  1.5384135246674702  3.591687092840882 
 504.161  1.5372513546806437  3.588417719199853 
 503.59  1.5360816020943069  3.585128545574428 
 503.02  1.534905935829727  3.5818481586808404 
 502.451  1.5337412014155989  3.578569836250197 
 501.883  1.5325637996179253  3.5752834572799026 
 501.317  1.5313973465702237  3.571999136769538 
 500.751  1.5302182019183597  3.5687067329051088 
 500.188  1.5290432577324726  3.5653994564448364 
 499.625  1.5278742132221264  3.5621060640341877 
 499.064  1.5266924404980506  3.5588045475796917 
 498.504  1.525521659177848  3.5555050741942043 
 497.945  1.524338125093606  3.552197449412671 
 497.387  1.5231537022667678  3.5488867551288474 
 496.831  1.5219854082849067  3.5455661865253867 
 496.276  1.5207992181564263  3.542249322386158 
 495.722  1.5195865225082785  3.5389890080909834 
 495.17  1.5183267339969801  3.5358331509235468 
 494.618  1.5170659044147587  3.532674476701437 
 494.068  1.515792070873948  3.529507841346203 
 493.519  1.5145291409307176  3.526343505492387 
 492.972  1.513265162144658  3.5231763298138654 
 492.425  1.5120001319130123  3.5200063066569878 
 491.88  1.5107168892135432  3.516840274927914 
 491.336  1.5094497327435692  3.513664539434525 
 490.793  1.5081815169131902  3.5104859333087455 
 490.251  1.50690020463328  3.507299278180267 
 489.711  1.5056298514402104  3.5041149024465326 
 489.172  1.5043573947987279  3.5009300437577466 
 488.634  1.5030723180308976  3.4977358952943796 
 488.097  1.5017982234026945  3.4945440194416624 
 487.561  1.500523052312361  3.491349227808757 
 487.026  1.4992341829078233  3.488147521994918 
 486.493  1.4979568393641887  3.484946870842933 
 485.961  1.4966784111410762  3.4817432797918597 
 485.43  1.49538624212423  3.478532738545726 
 484.9  1.4941056248167706  3.475323239370564 
 484.371  1.4928239145080566  3.4721107758432996 
 483.844  1.491528943596078  3.468890109182595 
 483.317  1.4902445043051415  3.465672904734617 
 482.792  1.4889594866397609  3.4624514946572957 
 482.268  1.4876611666482262  3.459221841217062 
 481.745  1.4863734014098016  3.4559956435763257 
 481.223  1.4850850507927753  3.4527652118393712 
 480.702  1.483783355743813  3.449526496025559 
 480.183  1.482492765381268  3.446290005122581 
 479.664  1.4812005292364736  3.4430516998457064 
 479.147  1.4798954328167646  3.439803844999293 
 478.63  1.4786014660806184  3.436558204875302 
 478.115  1.477305843235281  3.433310727920953 
 477.601  1.4760096183011675  3.430058948956644 
 477.088  1.4746999491924155  3.426798788979025 
 476.576  1.4734014433534552  3.423540829795381 
 476.066  1.472101267446766  3.4202810033122097 
 475.556  1.4707881342644602  3.4170115211823813 
 475.047  1.4694861897415932  3.413744229118706 
 474.54  1.4681825645216038  3.4104750464950238 
 474.034  1.4668696538442756  3.4071977608247552 
 473.528  1.4655592900964787  3.4039189227694737 
 473.024  1.4642484659060548  3.400638700289732 
 472.521  1.4629370077619355  3.397354071726914 
 472.019  1.4616243790257624  3.394066267084726 
 471.518  1.4603093326988437  3.3907747414370277 
 471.018  1.4591229624346564  3.387723397726575 
 470.519  1.4579739769718725  3.384744911736655 
 470.021  1.4568246329573948  3.381762559848259 
 469.524  1.4556743921101134  3.378777580108692 
 469.029  1.4545232523580292  3.375789965571048 
 468.534  1.4533712116213022  3.372799709257811 
 468.04  1.452218267812211  3.3698068041606626 
 467.548  1.451064418835111  3.366811243240298 
 467.056  1.4499109161054475  3.3638135597327237 
 466.565  1.4487547107312602  3.3608139210414514 
 466.076  1.4475981341618482  3.357810351706729 
 465.587  1.4464406439631237  3.354804098082101 
 465.1  1.4452822379992114  3.3517951529704213 
 464.614  1.4441229141260636  3.3487835091423803 
 464.128  1.4429626701914162  3.3457691593363017 
 463.644  1.4418015040347463  3.3427520962579407 
 463.16  1.4406388689974239  3.339733574832905 
 462.678  1.4394758513520907  3.3367110643005677 
 462.197  1.4383119049516417  3.3336858184186493 
 461.716  1.437147027602075  3.3306578297605833 
 461.237  1.4359812171009103  3.3276270908661947 
 460.758  1.4348144712371453  3.3245935942414873 
 460.281  1.4336480567149559  3.3215578800500483 
 459.804  1.4324794345808698  3.318518845885485 
 459.329  1.4313093216312713  3.3154783024759142 
 458.855  1.4301388126209125  3.3124337009764817 
 458.381  1.4289673570649153  3.309386303766469 
 457.909  1.4277949527001903  3.3063361031444067 
 457.437  1.4266215972548035  3.3032830913734665 
 456.966  1.425447288447929  3.3002272606812326 
 456.497  1.4242720239898035  3.297168603259471 
 456.028  1.4230958015816764  3.2941071112638998 
 455.561  1.421918065761474  3.291044057094777 
 455.094  1.4207399199656199  3.2879768734259547 
 454.628  1.4195608092674539  3.2849068314349603 
 454.163  1.4183820150793294  3.2818344779559645 
 453.699  1.4172009687236993  3.2787586958712582 
 453.237  1.4160189504356124  3.2756800313816936 
 452.775  1.4148359578520577  3.2725984763840414 
 452.314  1.4136519886006447  3.2695140227371033 
 451.853  1.4124664826563273  3.2664279518500843 
 451.394  1.4112805523454497  3.2633376775057275 
 450.936  1.4100936381910296  3.2602444798614125 
 450.479  1.4092213973323602  3.257674776078694 
 450.022  1.408375150341644  3.2551483167591377 
 449.567  1.4075284310841962  3.2526199108273226 
 449.113  1.4066806780764831  3.250090849510782 
 448.659  1.405833011714858  3.2475585378599825 
 448.206  1.404984871017325  3.245024266132315 
 447.754  1.4041362552923065  3.242488029804629 
 447.304  1.4032871638470843  3.239949824336481 
 446.854  1.4024375959878013  3.237409645170046 
 446.405  1.4015875510194624  3.2348674877300203 
 445.956  1.4007370282459382  3.232323347423531 
 445.509  1.3998867653566078  3.2297790877737427 
 445.063  1.3990352853183043  3.227230969355257 
 444.617  1.3981833253803475  3.2246808541887746 
 444.173  1.397330884842089  3.2221287376102117 
 443.729  1.396477963001758  3.219574614937436 
 443.286  1.3956245591564613  3.217018481470174 
 442.844  1.3947706726021858  3.214460332489912 
 442.403  1.3939163026338028  3.211900163259794 
 441.963  1.3930608795061639  3.209339279978121 
 441.524  1.39220554006271  3.2067750569351294 
 441.086  1.3913497150816705  3.204208799322829 
 440.648  1.3904934038534698  3.2016405023300183 
 440.211  1.3896366056674307  3.199070161126651 
 439.776  1.3887793198117753  3.1964977708637394 
 439.341  1.3879215455736298  3.1939233266732456 
 438.907  1.3870646000362297  3.1913473964257895 
 438.473  1.3862052745818145  3.188770149019594 
 438.041  1.3853460313581043  3.1861895151732034 
 437.609  1.3844862968902443  3.1836068077381765 
 437.179  1.3836260704599288  3.181022021749674 
 436.749  1.3827653513477771  3.178435152223172 
 436.32  1.3819041388333355  3.175846194154355 
 435.892  1.3810424321950825  3.1732551425190048 
 435.465  1.3801802307104327  3.1706619922728914 
 435.038  1.3793169560119094  3.168068065105603 
 434.612  1.3784537621120132  3.1654707034311285 
 434.188  1.3775900711900957  3.16287122789429 
 433.764  1.376725882519348  3.160269633369703 
 433.341  1.3758611953719178  3.1576659147114094 
 432.918  1.374996009018915  3.155060066752762 
 432.497  1.3741316555569028  3.1524526652756504 
 432.076  1.373265469622152  3.1498425436927078 
 431.656  1.372398782291294  3.1472302771857392 
 431.237  1.371531010178429  3.1446171963978484 
 430.819  1.3706633172909797  3.14200062529706 
 430.402  1.369783274858132  3.1394053927584866 
 429.985  1.3688649691844124  3.136887199734833 
 429.569  1.367944727120078  3.1343664074985913 
 429.154  1.3670252265046143  3.1318441803352846 
 428.74  1.3661051272615303  3.129319929110835 
 428.327  1.3651830852169304  3.1267930625742433 
 427.914  1.3642617843423313  3.12426474809945 
 427.502  1.3633398814843365  3.1217343949230734 
 427.091  1.3624160293639613  3.1192014101477743 
 426.681  1.361492918126882  3.116666964260001 
 426.271  1.3605692015216233  3.114130464853582 
 425.863  1.3596435291426154  3.1115913173711274 
 425.455  1.3587180072371976  3.109052045751345 
 425.048  1.3577924661267442  3.106509356346854 
 424.642  1.356864962678889  3.103964002198734 
 424.236  1.355938199515522  3.1014171600907536 
 423.831  1.355010824124725  3.0988682342905722 
 423.427  1.3540814797824872  3.0963166268794167 
 423.024  1.3531528754141666  3.0937635178277003 
 422.622  1.3522236553447826  3.0912083097187097 
 422.22  1.3512924596577547  3.088650402931336 
 421.819  1.3503620036260173  3.08609098064799 
 421.419  1.3494309283893617  3.083529443753339 
 421.019  1.3484978708161328  3.08096519090944 
 420.621  1.3475655525714594  3.078399408536394 
 420.223  1.3466326115874845  3.0758314958057973 
 419.826  1.345697681494706  3.0732608496481757 
 419.429  1.3447634903955918  3.0706886597473435 
 419.034  1.3438286729919537  3.068114323547171 
 418.639  1.342891859653402  3.065537236231746 
 418.245  1.3419557849654218  3.062958590774965 
 417.851  1.3410190803765403  3.060377782878111 
 417.458  1.3400803729721735  3.0577942059637104 
 417.067  1.339142403867036  3.0552090563224614 
 416.675  1.3382038012331543  3.0526217278979826 
 416.285  1.3372631888481585  3.0500316123359026 
 415.895  1.3363233144027622  3.0474399092707936 
 415.506  1.3353828027689927  3.0448460108733197 
 415.118  1.3344402743928274  3.042249306996651 
 414.73  1.3334984835883024  3.03965100064667 
 414.343  1.3325560519036717  3.0370504822055726 
 413.957  1.3316115964291066  3.0344471397182837 
 413.572  1.3306678781498569  3.0318421795898023 
 413.187  1.329797910597137  3.029328718219354 
 412.803  1.3291053416690912  3.0270399748356995 
 412.42  1.3284144676779521  3.024748749555258 
 412.037  1.327722687935429  3.022457201691776 
 411.656  1.3270298323596674  3.0201619453222253 
 411.275  1.326337456215971  3.017866969858256 
 410.894  1.3256447817735626  3.015570275659892 
 410.514  1.3249510297568026  3.0132698570246927 
 410.135  1.3242577577528964  3.010969712396445 
 409.757  1.3235634070163191  3.008665832622933 
 409.379  1.3228695366869698  3.0063622222038378 
 409.003  1.3221759807862106  3.0040554795422767 
 408.626  1.3214801170583672  3.00174777417767 
 408.251  1.3207859628488885  2.9994375405496716 
 407.876  1.3200908945752723  2.997126952589854 
 407.502  1.3193947441111569  2.9948125969396058 
 407.128  1.3186990752741494  2.9924984964288446 
 406.755  1.3180031060768853  2.990182634493806 
 406.383  1.317306052967977  2.9878629883557366 
 406.012  1.316609482116383  2.9855435901019383 
 405.641  1.3159132292546039  2.9832210154340357 
 405.271  1.3152146529868969  2.980897445976873 
 404.902  1.3145177985752063  2.9785713089954733 
 404.533  1.313818617268648  2.9762441699366167 
 404.165  1.313121160611574  2.973914454459961 
 403.798  1.3124227815260598  2.9715843513971802 
 403.431  1.3117233139731714  2.969250419284429 
 403.065  1.3110243304308804  2.966916715208187 
 402.699  1.3103256682304294  2.964579794308718 
 402.335  1.3096246686138744  2.9622418491139446 
 401.971  1.308924777319567  2.959902713381147 
 401.607  1.3082252086709338  2.957560345386398 
 401.244  1.307523297313378  2.9552169417857037 
 400.882  1.30682312342085  2.9528709209695276 
 400.521  1.3061220202266763  2.9505244841758245 
 400.16  1.3054198235044736  2.9481741664288514 
 399.8  1.304718112898038  2.945824053490673 
 399.44  1.3040153076486742  2.9434700478486384 
 399.082  1.303312989002943  2.941116241719083 
 398.723  1.3026109966160948  2.9387591613647377 
 398.366  1.301906647303253  2.9364010145571733 
 398.009  1.3012040471961581  2.934040213159946 
 397.653  1.3005005116614303  2.931678969606263 
 397.297  1.2997545780737005  2.9293876430447954 
 396.942  1.2989083382922717  2.9272773820198847 
 396.588  1.2980621857854417  2.9251641728569835 
 396.234  1.297214852547141  2.9230508674446467 
 395.881  1.2963676054633044  2.9209346053095167 
 395.528  1.2955191745684267  2.9188182423156217 
 395.176  1.2946708286991255  2.916698913958121 
 394.825  1.2938219320971491  2.914578046986493 
 394.475  1.2929718470315499  2.9124570721671037 
 394.125  1.2921218452825485  2.910333118915492 
 393.775  1.2912706519455635  2.908209053107414 
 393.426  1.2904195407740586  2.9060820000838814 
 393.078  1.289567234872027  2.903954829754672 
 392.731  1.2887150099753184  2.9018246633688407 
 392.384  1.2878622268445032  2.899692934662718 
 392.038  1.2870082442351274  2.897561081449222 
 391.692  1.2861543408746665  2.8954262188062656 
 391.347  1.2852992348469663  2.8932912268035165 
 391.002  1.2844442068850623  2.891153216382798 
 390.659  1.2835879730485098  2.8890150717077923 
 390.315  1.282731816085297  2.88687389956636 
 389.973  1.2818750932173693  2.8847311407843605 
 389.631  1.2810171596284292  2.882588240325435 
 389.289  1.2801578515734675  2.880441654494185 
 388.948  1.2792987780311562  2.8782955656902245 
 388.608  1.2784397783380952  2.876146426529282 
 388.268  1.2775795613928183  2.8739971356437826 
 387.929  1.2767194170709488  2.8718447851382884 
 387.591  1.2758580522031382  2.8696922778185794 
 387.253  1.2749967587231537  2.8675367015531896 
 386.916  1.2741348892166544  2.8653795064387433 
 386.579  1.273271794186993  2.8632221467905987 
 386.243  1.272408768674336  2.8610617040880713 
 385.907  1.2715445142953832  2.8589010916494964 
 385.572  1.270680328173109  2.8567373866713965 
 385.238  1.2698149098213403  2.8545735067089404 
 384.904  1.2689495584558592  2.8524065246569115 
 384.571  1.2680836229863381  2.850237897945741 
 384.238  1.2672164502047638  2.8480690882893906 
 383.906  1.2663493424858476  2.8458971620939395 
 383.575  1.2654809940407448  2.843725047587821 
 383.244  1.2646127093623356  2.8415498068273846 
 382.913  1.2637431805229176  2.8393743723429954 
 382.584  1.2628737141438242  2.83719580182183 
 382.255  1.2620036553958411  2.835015560139391 
 381.926  1.2611323472956875  2.8328351165211734 
 381.598  1.2602596255094969  2.830650865735536 
 381.27  1.2596751441491805  2.8285546607388126 
 380.943  1.2592100466131602  2.826494284708801 
 380.617  1.2587470484591308  2.8244316476071027 
 380.291  1.2582818814620027  2.822368383683384 
 379.966  1.2578181584656725  2.8203043310547136 
 379.641  1.2573535835655223  2.818236688801184 
 379.317  1.2568897960228853  2.8161697319846417 
 378.993  1.2564251571067662  2.8140991765413603 
 378.67  1.2559598247671322  2.8120286416445133 
 378.348  1.2554966063291326  2.809955823229961 
 378.026  1.2550312118760907  2.807882359142414 
 377.704  1.2545679355372354  2.8058066050385873 
 377.383  1.2541024811397365  2.8037301997875694 
 377.063  1.2536391490977865  2.801651497983042 
 376.743  1.25317363695612  2.7995721395173634 
 376.424  1.2527102514404875  2.7974904779219694 
 376.105  1.2522446837867325  2.7954081541113336 
 375.787  1.2517805790588181  2.7933250111844896 
 375.47  1.2513156261574254  2.7912382191897827 
 375.152  1.250851471177015  2.7891520939069823 
 374.836  1.2503864686593396  2.787062310212381 
 374.52  1.2499222657465  2.7849731902495694 
 374.204  1.2494572159498512  2.782880402476749 
 373.889  1.2489929674581148  2.780788275428359 
 373.575  1.2485278727535323  2.778692471117029 
 373.261  1.2480635810703842  2.776597324495259 
 372.948  1.247598443863129  2.7744984911024373 
 372.635  1.2471341114104988  2.772400312336524 
 372.323  1.2466682587132614  2.770299938144452 
 372.011  1.246203061522274  2.7681965375578894 
 371.7  1.2457386717165475  2.766093786951214 
 371.389  1.2452734381855308  2.763987325558931 
 371.079  1.2448090138156354  2.7618815110132173 
 370.769  1.2443437464735818  2.7597719759769843 
 370.46  1.2438792900859923  2.7576630846252472 
 370.151  1.243413991498424  2.755550463020781 
 369.843  1.2429495056763873  2.7534384819096966 
 369.535  1.2424841784458927  2.7513227607258957 
 369.228  1.2420196658099667  2.7492076768150313 
 368.921  1.2415536295002858  2.747090354343179 
 368.615  1.2410897757853492  2.744970643114226 
 368.31  1.2406237147357935  2.7428501967050334 
 368.004  1.240159840977738  2.740727354403193 
 367.7  1.2398550344196813  2.738751632838551 
 367.396  1.23963601946099  2.736851742558425 
 367.092  1.2394157249614643  2.734949970160652 
 366.789  1.2391971846708931  2.7330476875635132 
 366.486  1.2389781950460006  2.731145724380053 
 366.184  1.2387586149722518  2.7292403533159133 
 365.883  1.2385407948936498  2.7273344680504064 
 365.582  1.2383216970368247  2.725426686842294 
 365.281  1.2381043630665642  2.7235183887472587 
 364.981  1.2378865819222369  2.7216104037321576 
 364.681  1.2376682157539347  2.7196989929563027 
 364.382  1.2374516193569272  2.7177870612410167 
 364.083  1.237233747057492  2.715873219584803 
 363.785  1.2370176484872926  2.7139588542697233 
 363.488  1.2368011049985095  2.7120447955971403 
 363.19  1.2365839820709554  2.7101272930831977 
 362.894  1.2363686388583515  2.7082092628067818 
 362.597  1.2361520217360384  2.7062893084151396 
 362.302  1.2359371883547952  2.704368823507318 
 362.007  1.2357219124088132  2.702448638699225 
 361.712  1.2355060627742238  2.700524991765835 
 361.417  1.2352920029699226  2.6986008101609698 
 361.124  1.235076671369422  2.696674690087956 
 360.83  1.2348631336952143  2.6947480325550965 
 360.537  1.2346498593640958  2.6928201342139024 
 360.245  1.2344346103595183  2.6908918237739425 
 359.953  1.2342218649289338  2.6889614374082527 
 359.662  1.2340078499404512  2.687029098040186 
 359.371  1.233795639241228  2.6850962141812853 
 359.08  1.233583698234548  2.683162078695587 
 358.79  1.2333697810709041  2.6812275205321328 
 358.501  1.2331583817420502  2.679290875299036 
 358.212  1.2329457152225274  2.677352262345318 
 357.923  1.2327348635374626  2.675413097781486 
 357.635  1.2325242880513119  2.6734726706357765 
 357.347  1.2323117350074992  2.6715318100739873 
 357.06  1.2321017142927566  2.669588851183483 
 356.773  1.2318904288877832  2.6676439096673543 
 356.487  1.2316809690493233  2.6656984093325864 
 356.201  1.231471792077561  2.663751635322392 
 355.916  1.2312606362337053  2.6618044169958526 
 355.631  1.2310520274522978  2.659855088965264 
 355.346  1.2308421566187349  2.657903763214511 
 355.062  1.2306341222753672  2.6559518713464034 
 354.779  1.230426377632534  2.653998694568993 
 354.495  1.2302173725898347  2.6520435109216884 
 354.213  1.230009490194236  2.650089309055052 
 353.931  1.2297728239960939  2.648241151904284 
 353.649  1.2295357590657334  2.6463972080587883 
 353.367  1.2292966281784983  2.6445529300906467 
 353.087  1.2290599857315143  2.642706652000246 
 352.806  1.2288228327075277  2.640860760090042 
 352.526  1.2285850606517361  2.6390114155222273 
 352.247  1.2283483350268642  2.637163178903283 
 351.968  1.228112551172116  2.6353122088941348 
 351.689  1.2278746984801552  2.633460893039373 
 351.411  1.2276393500095792  2.6316075645300807 
 351.133  1.2274034929779432  2.6297546148974535 
 350.856  1.2271670230578964  2.627898191041803 
 350.579  1.226931606494128  2.6260428722727016 
 350.302  1.2266971428043838  2.6241848029749044 
 350.026  1.2264613391928088  2.622324811409643 
 349.751  1.2262265924626627  2.6204659234690677 
 349.476  1.2259928042585593  2.618604276345276 
 349.201  1.2257569430612565  2.616742265387036 
 348.927  1.2255236103177225  2.6148782226800136 
 348.653  1.225289772275922  2.613014547614303 
 348.379  1.2250553309839296  2.6111473654261923 
 348.106  1.2248219537497271  2.609281283876328 
 347.834  1.2245895465450822  2.6074124256640894 
 347.561  1.224355063692914  2.6055431913500264 
 347.29  1.2241231258334406  2.6036719123576675 
 347.018  1.2238914252195006  2.6017994197719814 
 346.748  1.2236576476680823  2.5999265448655633 
 346.477  1.223426423499241  2.5980516187551284 
 346.207  1.2231946975968142  2.5961770487062243 
 345.938  1.222962378612589  2.5942989379602657 
 345.668  1.2227311347800127  2.5924219232139696 
 345.4  1.2225008787555947  2.590542105150619 
 345.131  1.2222685432901497  2.588661892159079 
 344.863  1.2220387782270392  2.5867796147895232 
 344.596  1.2218085139833939  2.5848976855655836 
 344.329  1.2215776637444407  2.5830121928785634 
 344.062  1.221347896280416  2.581127792990614 
 343.796  1.2211191288366883  2.579240571720845 
 343.53  1.220889030103857  2.5773513582412346 
 343.264  1.2206600180288778  2.575463235927521 
 342.999  1.2204320121934715  2.5735722831089483 
 342.735  1.2202019233650963  2.5716809160126926 
 342.47  1.2199491548128556  2.5698202155654 
 342.207  1.2194854536746316  2.568214315769621 
 341.943  1.2190232255287192  2.566608194559201 
 341.68  1.218560882626812  2.5650010964263226 
 341.418  1.2180984250498184  2.5633930196341037 
 341.155  1.2176350175248254  2.561781613624136 
 340.894  1.2171723305842053  2.560171572832529 
 340.632  1.21670952921764  2.558560548138154 
 340.371  1.216246613510366  2.5569485377839407 
 340.111  1.2157835835487216  2.555335540007725 
 339.85  1.2153188430438366  2.553720793324401 
 339.591  1.2148563442945126  2.5521042175570785 
 339.331  1.2143929718382622  2.550488245424818 
 339.072  1.2139294854841431  2.548871278767878 
 338.814  1.2134658853241236  2.5472533157983053 
 338.555  1.2130005707507836  2.5456335919848576 
 338.298  1.2125367423908509  2.5440136303974117 
 338.04  1.2120735644620373  2.542391064660924 
 337.783  1.2116095097604194  2.5407690969747496 
 337.526  1.2111437375455814  2.539145358776429 
 337.27  1.2106794554115687  2.537521377989879 
 337.014  1.2102150601467274  2.5358963882236885 
 336.759  1.2097505518524638  2.5342703876475654 
 336.504  1.2092866982712258  2.532641766736015 
 336.249  1.208820356275803  2.5310129698890833 
 335.995  1.2083555092530114  2.5293839243464213 
 335.741  1.2078905496186907  2.5277538606158116 
 335.487  1.207425477480433  2.526122776839806 
 335.234  1.2069602929470946  2.5244906711554584 
 334.981  1.206494154511902  2.5228551573309534 
 334.729  1.2060287452590925  2.5212210007040676 
 334.477  1.2055632239454415  2.5195858165440064 
 334.225  1.2050975906849555  2.5179496029656123 
 333.974  1.2046302290413013  2.5163115841882737 
 333.723  1.2041643713408143  2.5146733054626838 
 333.472  1.2036991771989143  2.513032373287169 
 333.222  1.2032330970565202  2.511392021539494 
 332.972  1.2027669055571786  2.5097506308602835 
 332.723  1.2022989817876168  2.50810742226236 
 332.474  1.2018325670410603  2.5064639473171173 
 332.225  1.201366041306286  2.5048194276641857 
 331.977  1.2009001837015594  2.503172237624579 
 331.729  1.200431812366033  2.5015248421993332 
 331.482  1.2000148913192359  2.499873144659128 
 331.234  1.2002152106449697  2.4981686395965244 
 330.988  1.2004137914627977  2.4964641537050136 
 330.741  1.2006154519364272  2.4947579969665417 
 330.495  1.2008177865736567  2.4930510136280115 
 330.249  1.2010191687718617  2.491342418006295 
 330.004  1.2012220708002073  2.4896354077208853 
 329.759  1.2014264377306239  2.4879259404729264 
 329.515  1.2016298561454493  2.4862148561980986 
 329.27  1.2018347989990525  2.484505360043543 
 329.026  1.202041215366714  2.482793403294017 
 328.783  1.202248319237942  2.4810806156008827 
 328.54  1.202454479911173  2.4793662045487452 
 328.297  1.2026621712228216  2.4776533853810934 
 328.054  1.2028713476472874  2.4759381007995334 
 327.812  1.2030795849260028  2.474221188104597 
 327.571  1.2032901532359859  2.4725042351580884 
 327.329  1.2035006240408834  2.4707880831966946 
 327.088  1.203710955510065  2.4690686633657952 
 326.848  1.2039236256852053  2.467349204406018 
 326.607  1.2041370009571943  2.4656289090360266 
 326.367  1.204348644733335  2.463908613985312 
 326.128  1.2045634345822858  2.46218664360212 
 325.888  1.204778935504089  2.4604638350185857 
 325.65  1.2049935097785596  2.45873938403574 
 325.411  1.2052096336738507  2.45701653659479 
 325.173  1.2054272782810476  2.455291209454401 
 324.935  1.2056440005217135  2.4535642351473093 
 324.697  1.2058630848304726  2.451837225297973 
 324.46  1.206082083719498  2.450111016396842 
 324.223  1.2063009721926  2.4483815134722797 
 323.987  1.206522230633571  2.4466519762755405 
 323.751  1.2067442184216366  2.444921595612842 
 323.515  1.2069644799157564  2.4431912032786776 
 323.28  1.207187930986594  2.441459133534636 
 323.045  1.2074121176115815  2.439726218606359 
 322.81  1.207636226145075  2.437994104729935 
 322.575  1.2078602417153022  2.4362586815682254 
 322.341  1.2080866459099968  2.4345232272512964 
 322.108  1.2083137940275572  2.4327869254904484 
 321.874  1.208539219176775  2.4310506050447427 
 321.641  1.2087678598521163  2.429312606275994 
 321.408  1.208997250795951  2.4275737583917336 
 321.176  1.209225743213785  2.4258332378898038 
 320.944  1.2094558165106954  2.4240943405922866 
 320.712  1.209687469431698  2.422352941604519 
 320.481  1.209918228489869  2.420609865226543 
 320.25  1.2099943019962964  2.4189618043415866 
 320.019  1.2099848599324834  2.417360825624886 
 319.789  1.2099766585784166  2.415761477113291 
 319.559  1.2099688729540028  2.4141612774455603 
 319.329  1.209960678938057  2.4125577391176036 
 319.1  1.2099537289994915  2.4109558325112004 
 318.871  1.2099480310820903  2.4093514143684867 
 318.642  1.2099402649230173  2.4077469644217144 
 318.413  1.209934578510389  2.4061424904346613 
 318.185  1.2099284915593744  2.4045346648961297 
 317.958  1.209923654366767  2.4029284736330028 
 317.73  1.209920080431866  2.401319762345751 
 317.503  1.209914437335154  2.399711012949693 
 317.276  1.2099108841533166  2.3981022387697863 
 317.05  1.2099086010545803  2.3964909394583263 
 316.824  1.209904248275186  2.394879598225001 
 316.598  1.20990283276853  2.393266567840138 
 316.373  1.2099010118497293  2.391654335073319 
 316.147  1.2098979619490207  2.3900403926144 
 315.923  1.2098978582509272  2.388424758580471 
 315.698  1.2098973506650206  2.3868099210339806 
 315.474  1.2098964620715282  2.3851917006675167 
 315.25  1.2098968372241417  2.383575120847879 
 315.026  1.2098959871646304  2.3819568215559817 
 314.803  1.2098980983440413  2.380336826664774 
 314.58  1.2098998082413253  2.3787176263656002 
 314.358  1.2099011455607185  2.377095030079601 
 314.135  1.2099037526064427  2.3754740770151868 
 313.913  1.2099068102858308  2.373852246787073 
 313.692  1.2099095005298768  2.372227012634426 
 313.47  1.2099134641319027  2.3706034233265716 
 313.249  1.2099187377265013  2.3689772797352218 
 313.028  1.2099219391930738  2.3673510721776627 
 312.808  1.209927272632678  2.365724837139846 
 312.588  1.209933923330004  2.3640960426397095 
 312.368  1.2099385015583703  2.362467180206598 
 312.149  1.209946077904517  2.3608366126092935 
 311.929  1.2099515815699722  2.359205974420987 
 311.711  1.2099592280819802  2.3575753081547024 
 311.492  1.2099682041146915  2.355942073771877 
 311.274  1.2099751071736664  2.3543087647927416 
 311.056  1.2099850240546495  2.3526737467053374 
 310.838  1.2099945491451702  2.35103951667364 
 310.621  1.2099200597499433  2.34953539045176 
 310.404  1.2097034055927682  2.348261554746988 
 310.187  1.2094868389898497  2.3469870927829275 
 309.971  1.2092712284856968  2.345710319720512 
 309.754  1.2090548388531368  2.3444346020638287 
 309.539  1.2088385379847135  2.343158255627865 
 309.323  1.2086206403088335  2.341880409453167 
 309.108  1.2084045175284583  2.3406028022676524 
 308.893  1.208188484734431  2.33932456376726 
 308.678  1.207972542337546  2.338045693103844 
 308.464  1.2077566907501986  2.3367661894275753 
 308.25  1.2075392411015853  2.3354851784586845 
 308.036  1.207324445808845  2.334202715585695 
 307.823  1.2071088691442804  2.3329213064239402 
 307.609  1.2068933849556096  2.331639260831231 
 307.397  1.2066779936633472  2.330356577949263 
 307.184  1.2064626956896525  2.329073256918026 
 306.972  1.2062457981840393  2.327788419430909 
 306.76  1.2060306874536912  2.3265038188406275 
 306.548  1.2058156713176935  2.3252185775095082 
 306.337  1.2056007502048571  2.323932694570674 
 306.126  1.205386804693281  2.3226444732090785 
 305.915  1.2051720755986384  2.3213573037778414 
 305.704  1.2049557455382354  2.320068608620358 
 305.494  1.2047412088504361  2.3187801491953497 
 305.284  1.2045267693558657  2.3174910438003593 
 305.074  1.2043124274935397  2.3162012915580936 
 304.865  1.2040981837041993  2.3149108915895122 
 304.656  1.203882337782156  2.313618958087919 
 304.447  1.203668290794022  2.3123272593348467 
 304.239  1.2034552295141399  2.3110332082090324 
 304.03  1.2032413824740622  2.309740207144105 
 303.822  1.20302763573751  2.3084465539293264 
 303.615  1.2028139897557493  2.3071522476750737 
 303.407  1.2025987402788088  2.3058563984169043 
 303.2  1.2023852964897588  2.304560782712134 
 302.994  1.2021719548193717  2.303264511287019 
 302.787  1.2019587157260858  2.301967583244799 
 302.581  1.2017464715341157  2.3006682902680033 
 302.375  1.2015334396785122  2.299370045613728 
 302.169  1.201318803006412  2.2980702483729165 
 301.964  1.2011059788641878  2.296770683473494 
 301.759  1.2008932596193114  2.2954704574442024 
 301.554  1.2006806457412258  2.2941695693774613 
 301.349  1.2004681377012354  2.2928680183638726 
 301.145  1.2002540237749435  2.291564906693228 
 300.941  1.2000417281475992  2.2902620263401032 
 300.737  1.1996299296518018  2.2888975442593287 
 300.534  1.1991655477984204  2.2875156854165364 
 300.331  1.1987036452856572  2.286132198544328 
 300.128  1.1982389937363445  2.284748713996856 
 299.925  1.1977759237853383  2.2833653154061486 
 299.723  1.1973127199600342  2.281981101888904 
 299.521  1.1968476632745173  2.280595169925095 
 299.319  1.1963841908095363  2.279209321676925 
 299.117  1.1959205844604968  2.277822654276741 
 298.916  1.195455122593912  2.276434262203946 
 298.715  1.1949912475874485  2.275045951582211 
 298.514  1.194525515287604  2.2736559121100792 
 298.314  1.194061371617403  2.2722659525655957 
 298.113  1.1935970940592044  2.2708751667466394 
 297.914  1.1931309565402621  2.269482645770767 
 297.714  1.1926664103199587  2.268090202418214 
 297.515  1.1922000023564308  2.2666960196768056 
 297.315  1.191735187480876  2.265301913008524 
 297.117  1.19127023872989  2.263906972842208 
 296.918  1.1908034255584432  2.262510286898542 
 296.72  1.1903382081739986  2.261113674683094 
 296.522  1.1898728569301293  2.259716224586412 
 296.324  1.1894056385827207  2.25831702227397 
 296.126  1.1889400187396717  2.256917891320083 
 295.929  1.1884725300002004  2.2555170038297376 
 295.732  1.188006641587004  2.2541161861037313 
 295.535  1.187540619354751  2.2527145231070596 
 295.339  1.1870727255333988  2.25131109705107 
 295.142  1.1866064347867482  2.249907738347801 
 294.947  1.1861382706517674  2.2485026122076808 
 294.751  1.1856717114343382  2.2470975517977925 
 294.555  1.1852050184565033  2.2456916386214916 
 294.36  1.184736449388249  2.244283951399438 
 294.165  1.1842694880177158  2.242876327453153 
 293.971  1.1838023929313224  2.241467846191403 
 293.776  1.183333419046873  2.2400575842225936 
 293.582  1.1828660556596904  2.23864738304895 
 293.388  1.182396811665339  2.237235396697531 
 293.194  1.1819291800455534  2.2358234694723 
 293.001  1.1814614147993465  2.2344106772613834 
 292.808  1.1809917662292488  2.2329960931227086 
 292.615  1.1805237328661258  2.2315815655853073 
 292.422  1.1800538143640051  2.2301652415897433 
 292.23  1.1799953512592432  2.2289748829884615 
 292.038  1.1799905066022893  2.227814533499485 
 291.846  1.1799859081810191  2.226653709831366 
 291.655  1.1799815566016185  2.2254924115619845 
 291.463  1.179977452471962  2.2243306382690102 
 291.272  1.1799735964016218  2.223168389529902 
 291.081  1.1799682337620512  2.2220047328229375 
 290.891  1.1799648751290044  2.2208415311629524 
 290.7  1.1799617663940694  2.2196778527867087 
 290.51  1.1799579737912478  2.2185154540623664 
 290.32  1.1799553659395  2.2173508215006077 
 290.131  1.1799530098389739  2.216185710952052 
 289.941  1.1799509061112528  2.2150201219927474 
 289.752  1.179949055379657  2.2138540541985474 
 289.563  1.1799456988892365  2.212686568930902 
 289.375  1.1799443555088633  2.211519541423323 
 289.186  1.1799432670049197  2.2103520338059828 
 288.998  1.1799424340077296  2.2091840456539797 
 288.81  1.1799418571493798  2.2080155765422322 
 288.623  1.1799415370637265  2.206846626045478 
 288.435  1.179941474386401  2.2056771937382753 
 288.248  1.179941669754814  2.2045072791950084 
 288.061  1.1799403602791851  2.2033359375764223 
 287.874  1.1799410731394584  2.20216505650269 
 287.688  1.1799420459683132  2.200993691913698 
 287.502  1.1799432794103364  2.199821843383145 
 287.316  1.1799447741119211  2.1986495104845685 
 287.13  1.1799465307212733  2.1974766927913407 
 286.945  1.1799485498884175  2.196303389876676 
 286.759  1.179950832265202  2.1951296013136314 
 286.574  1.1799516108193555  2.193954375978496 
 286.39  1.1799544210583344  2.1927796140458593 
 286.205  1.1799574964733817  2.1916043651817563 
 286.021  1.1799608377236968  2.1904286289586357 
 285.837  1.179964445470331  2.1892524049488005 
 285.653  1.1799683203761933  2.188075692724412 
 285.469  1.1799724631060549  2.186898491857491 
 285.286  1.1799768743265546  2.185720801919922 
 285.103  1.1799815547062076  2.1845426224834523 
 284.92  1.1799847325442805  2.183362995252415 
 284.738  1.1799899527343758  2.1821838347293463 
 284.555  1.1799954441003655  2.1810041834204763 
 284.373  1.1800304036942373  2.1798421396153405 
 284.191  1.1802355424570237  2.17878542671802 
 284.009  1.1804392672482154  2.1777274539440197 
 283.828  1.180644315306671  2.176667406671483 
 283.647  1.1808505378471748  2.1756097979035585 
 283.466  1.181056311614356  2.1745491512504627 
 283.285  1.1812632601209534  2.173490945394432 
 283.104  1.1814697620617278  2.1724296993611087 
 282.924  1.181677438997636  2.1713708964237344 
 282.744  1.1818837039531784  2.1703108278931116 
 282.564  1.1820913022181347  2.169248682558034 
 282.385  1.18230007585994  2.1681889837784944 
 282.205  1.1825084084962343  2.167126239092752 
 282.026  1.1827179167608781  2.166065943277626 
 281.847  1.1829260145087774  2.165004377778858 
 281.668  1.1831354528030018  2.1639407338648082 
 281.49  1.1833460671008729  2.1628795423053737 
 281.312  1.1835562460162286  2.1618152991141555 
 281.134  1.1837676011823752  2.16075351060899 
 280.956  1.1839785232336903  2.159688668183132 
 280.778  1.1841906217811577  2.1586262827813534 
 280.601  1.1844013119204704  2.157562621960005 
 280.424  1.1846133528288756  2.1564968805218503 
 280.247  1.1848265705993843  2.1554335996263716 
 280.07  1.1850393609667067  2.15436725909033 
 279.894  1.1852533284369353  2.153303381451586 
 279.717  1.1854668708073328  2.1522364418859117 
 279.541  1.1856815905195728  2.1511719675788417 
 279.366  1.1858949040020526  2.150106212106285 
 279.19  1.1861095785827056  2.1490383738792667 
 279.015  1.1863254308613755  2.147973004464541 
 278.839  1.1865408638415458  2.146904567409982 
 278.665  1.186757474753902  2.145838601545852 
 278.49  1.1869736687071981  2.144769565758575 
 278.315  1.1871892558581796  2.1437020150256654 
 278.141  1.1874070089620206  2.1426351544143327 
 277.967  1.1876243486333846  2.141565220456027 
 277.793  1.1878428668151018  2.1404977636623497 
 277.62  1.1880609739298083  2.139427231240886 
 277.446  1.1882802597821  2.1383591783860387 
 277.273  1.188498143303926  2.137289834495284 
 277.1  1.1887174058798302  2.1362184043401724 
 276.927  1.1889378475316854  2.1351494573666914 
 276.755  1.1891578840740034  2.1340774290675024 
 276.582  1.18937909991436  2.133007886369174 
 276.41  1.1895999130474337  2.1319352600682935 
 276.239  1.1898219056985284  2.1308651217944505 
 276.067  1.1898657587244017  2.1298663159421056 
 275.895  1.189177088065765  2.1291740527210483 
 275.724  1.188488076906498  2.128481597042574 
 275.553  1.1877987247897959  2.1277889487945614 
 275.382  1.1871090312579111  2.1270961078649213 
 275.212  1.1864172026833868  2.126402073650012 
 275.041  1.1857268241413241  2.125708846829281 
 274.871  1.1850361028041594  2.125015426990889 
 274.701  1.1843450382103455  2.1243218140228812 
 274.531  1.183651833509752  2.123627006555294 
 274.362  1.1829590787587299  2.12293480399604 
 274.192  1.1822669806168502  2.122240611584107 
 274.023  1.1815745373615922  2.1215462255961475 
 273.854  1.180881748526603  2.120851645920395 
 273.686  1.1801868132113165  2.120155870231687 
 273.517  1.1794933310021176  2.119460902653897 
 273.349  1.1787995018072983  2.118765741053299 
 273.181  1.1781053251566143  2.1180703853182905 
 273.013  1.1774108005788426  2.1173748353373125 
 272.845  1.176714123097549  2.116678087829426 
 272.678  1.1760189004311037  2.115982148830935 
 272.51  1.175323328416978  2.115286015252113 
 272.343  1.1746274065800044  2.114589686981583 
 272.176  1.1739283227318895  2.1138939677552675 
 272.01  1.1732316988078728  2.113197250397513 
 271.843  1.1725347236285621  2.1125003380152885 
 271.677  1.1718373967148012  2.1118032304974164 
 271.511  1.1711397175864335  2.111105927732768 
 271.345  1.1704398738655324  2.1104074247249898 
 271.18  1.1697414880372734  2.1097097309430164 
 271.014  1.1690427485468466  2.1090118415812573 
 270.849  1.1683436549100523  2.1083137565288 
 270.684  1.1676423914321723  2.1076144700275337 
 270.519  1.1669425872156207  2.106915993070793 
 270.354  1.1662424273929406  2.1062173200910155 
 270.19  1.165540905258587  2.1055202686820675 
 270.026  1.1648400325675672  2.104821204157733 
 269.862  1.164136983429076  2.104120936682906 
 269.698  1.1634353952630376  2.103421479150306 
 269.534  1.1627334490381365  2.1027218250429893 
 269.371  1.1620311442609164  2.102021974250587 
 269.207  1.1613284804368804  2.1013219266627936 
 269.044  1.1606236335065405  2.10062067462308 
 268.882  1.1599265391334244  2.0999260882674045 
 268.719  1.1592830840769495  2.0992801787819944 
 268.556  1.1586403341937437  2.0986322746066284 
 268.394  1.157994446376175  2.097985018497049 
 268.232  1.1573500808137993  2.0973386015519067 
 268.07  1.156704591526163  2.096689178695237 
 267.909  1.1560596168225554  2.096042422673719 
 267.747  1.1554143372647019  2.0953954974555113 
 267.586  1.154767931012512  2.0947455631877867 
 267.425  1.154122039974672  2.0940982983507004 
 267.264  1.1534740107423604  2.0934498545363027 
 267.103  1.1528285161687641  2.092800417548667 
 266.943  1.1521817052727774  2.0921526430844586 
 266.782  1.151532752655136  2.0915036888414793 
 266.622  1.1508863363936515  2.0908537393365423 
 266.462  1.150236766005829  2.0902044440368863 
 266.303  1.1495887225318142  2.0895559889537125 
 266.143  1.1489413810232614  2.0889055261135288 
 265.984  1.1482908813040773  2.0882557190358884 
 265.824  1.1476419096664476  2.0876067524375492 
 265.665  1.1469917992982708  2.086954764161764 
 265.507  1.1463422066847944  2.0863054557822935 
 265.348  1.1456923032896444  2.0856559768612684 
 265.19  1.1450412581157798  2.0850034730876033 
 265.031  1.1443907313359996  2.0843536518469565 
 264.873  1.1437380485691717  2.0837026476310907 
 264.716  1.1430879089571149  2.0830506397118507 
 264.558  1.1424364443814536  2.0824003048047555 
 264.4  1.1417838329104022  2.0817469397348876 
 264.243  1.141131740902902  2.081096261612155 
 264.086  1.1404774868908785  2.080444399186129 
 263.929  1.1398257788704995  2.0797915294994693 
 263.773  1.1391727429686827  2.0791403363704895 
 263.616  1.1385175414313402  2.0784879581433384 
 263.46  1.1378648875881496  2.0778345705098835 
 263.303  1.1372090521008944  2.0771818476436326 
 263.147  1.136554751338188  2.07652996674486 
 262.992  1.1359011479692827  2.0758760603557076 
 262.836  1.135244358770761  2.0752228203546808 
 262.681  1.1345891054731165  2.074570422583501 
 262.525  1.133934548853397  2.0739159966313383 
 262.37  1.133276802202994  2.073262238698097 
 262.216  1.1326205926310493  2.0726093232570166 
 262.061  1.1319632205369974  2.071953361600712 
 261.906  1.131306371147693  2.071300100275033 
 261.752  1.1306492015396195  2.070646666368306 
 261.598  1.1299928979603777  2.0699864611733316 
 261.444  1.1295352442974727  2.069072223995613 
 261.29  1.1290765606051343  2.0681547040073958 
 261.137  1.1286185377386901  2.067239658028894 
 260.983  1.128159483753619  2.066321325637238 
 260.83  1.1276992259053396  2.0654044504908726 
 260.677  1.1272416656260473  2.0644863217573968 
 260.524  1.1267810351990917  2.0635686325597065 
 260.371  1.1263231044355475  2.0626496880433502 
 260.219  1.1258621005304468  2.0617311826256177 
 260.066  1.1254019295018223  2.060810399558005 
 259.914  1.1249424201018134  2.059892096335273 
 259.762  1.1244818751910086  2.0589704921715337 
 259.61  1.1240219921084165  2.058051369315978 
 259.459  1.1235610724095997  2.0571289418590686 
 259.307  1.1230989418300474  2.0562079741941894 
 259.156  1.1226395193419636  2.0552857442186365 
 259.005  1.1221770116481766  2.0543639515605876 
 258.854  1.121717214165182  2.053440894828604 
 258.703  1.1212543284395187  2.052518274959898 
 258.553  1.1207922780927286  2.051593363859488 
 258.402  1.1203308903701354  2.050670939940765 
 258.252  1.1198684615733938  2.0497451966590288 
 258.102  1.1194066955987017  2.0488219420318607 
 257.952  1.1189438874278128  2.047895364322129 
 257.802  1.1184798612459284  2.046970248931994 
 257.653  1.1180185538034983  2.046043862347253 
 257.504  1.117554145879893  2.0451179107751556 
 257.354  1.1170924588404716  2.0441906862125783 
 257.205  1.116627668238818  2.0432638961907146 
 257.057  1.1161637155396948  2.0423348011252656 
 256.908  1.115700426451393  2.0414082006261802 
 256.759  1.1152360906416472  2.0404782620429125 
 256.611  1.11477241863871  2.039550819508452 
 256.463  1.114307698775262  2.0386200351094903 
 256.315  1.1138417536549539  2.0376907155368653 
 256.167  1.113378538050153  2.036760115720724 
 256.019  1.1129122064661094  2.0358299485225344 
 255.872  1.1124486065682295  2.034898499251399 
 255.725  1.1119818875649063  2.0339674821079154 
 255.578  1.1115160090093184  2.0330341458726173 
 255.431  1.111050795041599  2.03210331163614 
 255.284  1.110584528619181  2.0311691202872026 
 255.137  1.1101189269786267  2.0302374324290686 
 254.991  1.1094818024877404  2.0293077317280996 
 254.844  1.108787184881554  2.028378421635756 
 254.698  1.1080921560715433  2.0274486988200913 
 254.552  1.1073967153558866  2.026518562752635 
 254.407  1.1067008620308258  2.0255880129038513 
 254.261  1.106004595390661  2.0246570487431343 
 254.116  1.1053079147277398  2.0237256697388073 
 253.97  1.1046108193324538  2.022793875358118 
 253.825  1.1039133084932273  2.0218616650672376 
 253.68  1.103213475404026  2.0209279978052233 
 253.535  1.1025151305037872  2.019994953704039 
 253.391  1.1018163680113835  2.019061492084329 
 253.246  1.101116145528971  2.0181295215978037 
 253.102  1.1004165453065167  2.017195224360877 
 252.958  1.0997165253269807  2.0162605079892946 
 252.814  1.099016084864817  2.0153253719416107 
 252.67  1.0983152231924533  2.01438981567528 
 252.527  1.097613939580284  2.013453838646655 
 252.383  1.0969122332966612  2.0125174403109827 
 252.24  1.09621010360789  2.0115806201224005 
 252.097  1.095507549778217  2.0106433775339356 
 251.954  1.0948045710698244  2.009705711997501 
 251.811  1.0941011667428222  2.008767622963892 
 251.668  1.0933973360552398  2.0078291098827847 
 251.526  1.0926930782630175  2.0068901722027315 
 251.383  1.091987345908678  2.005952732151154 
 251.241  1.0912822312767871  2.005012944671541 
 251.099  1.090576687295107  2.0040727309335784 
 250.957  1.089870713211144  2.003132090381303 
 250.816  1.0891643082702742  2.002191022457614 
 250.674  1.0884574717157374  2.00124952660427 
 250.533  1.0877482736389343  2.000306553207403 
 250.391  1.087040570510719  1.999364199423474 
 250.25  1.086332433483917  1.998421416027933 
 250.109  1.0856238617931318  1.9974782024579474 
 249.969  1.084914854670787  1.9965345581495288 
 249.828  1.0842054113471191  1.995590482537531 
 249.688  1.0834955310501693  1.994645975055646 
 249.547  1.0827852130057736  1.9937010351364015 
 249.407  1.082073404238294  1.9927575999503429 
 249.267  1.0813622079727856  1.9918117945307425 
 249.128  1.0806505716236643  1.990865554966119 
 248.988  1.0799282921634126  1.9899284198721785 
 248.848  1.079091680992386  1.9890849293046724 
 248.709  1.078254523734562  1.9882411367724107 
 248.57  1.0774157653250602  1.9873989864571695 
 248.431  1.0765755672282964  1.9865535361406519 
 248.292  1.0757367645518423  1.9857088373194258 
 248.153  1.0748963570937722  1.9848657834960688 
 248.015  1.0740564533103123  1.984020479959198 
 247.876  1.0732159976366937  1.9831748731726417 
 247.738  1.072373933530949  1.982330914180738 
 247.6  1.0715323709021902  1.9814847014022767 
 247.462  1.0706902534471352  1.9806381847340746 
 247.324  1.069847580181721  1.9797913639625473 
 247.187  1.0690032935811389  1.9789461947428795 
 247.049  1.0681595054889146  1.978098766281988 
 246.912  1.067315158618258  1.9772510330800985 
 246.775  1.066469194709284  1.9764049542702196 
 246.638  1.0656237270519469  1.9755566121111492 
 246.501  1.0647776976238605  1.9747079645753114 
 246.364  1.0639300474314108  1.9738609742905917 
 246.228  1.0630828912080479  1.973011716533701 
 246.091  1.0622351701971193  1.9721621527662738 
 245.955  1.06138582467268  1.9713142491282574 
 245.819  1.0605369708086394  1.9704640738800505 
 245.683  1.0596875491154605  1.9696135919896398 
 245.547  1.0588364991363126  1.9687647731263487 
 245.412  1.0579859384824282  1.9679136784997824 
 245.276  1.057134806932813  1.9670622766015509 
 245.141  1.056280069874131  1.9662114804906667 
 245.006  1.055427792019949  1.965359464364752 
 244.87  1.0545749401762057  1.9645071403402046 
 244.736  1.053720452429056  1.963656485199816 
 244.601  1.052866449254113  1.9628035459426305 
 244.466  1.052011868972167  1.9619502981620893 
 244.332  1.051156710538282  1.9610967416498508 
 244.197  1.0502999110699218  1.9602448579688931 
 244.063  1.0494435929464299  1.9593906845691371 
 243.929  1.0485866935190638  1.9585362018163572 
 243.795  1.0477281491812807  1.9576833948794763 
 243.662  1.0468700837349016  1.9568282940051536 
 243.528  1.0460114338065243  1.9559728831591658 
 243.395  1.0451511350673295  1.9551191511344077 
 243.261  1.0442913127378943  1.9542631209383845 
 243.128  1.0434309027218671  1.9534067801548585 
 242.995  1.0425688399699433  1.952552121218861 
 242.862  1.0417072511176144  1.9516951598625787 
 242.73  1.040845071347349  1.9508378873058798 
 242.597  1.039980303274909  1.949979238658651 
 242.465  1.0390520755808854  1.949045719260825 
 242.332  1.0381262212985722  1.948110892980082 
 242.2  1.03719661231443  1.9471766259372905 
 242.068  1.036266309821313  1.9462419851782773 
 241.936  1.0353383813763173  1.9453060334947128 
 241.805  1.034406689300415  1.9443706433880978 
 241.673  1.0334753660832827  1.9434328731142159 
 241.542  1.0325442844598656  1.9424977990645795 
 241.411  1.031610496755001  1.941561283352936 
 241.279  1.0306790841191638  1.940623449935798 
 241.148  1.0297438928425728  1.939686182052802 
 241.018  1.0288079968564283  1.9387485382059575 
 240.887  1.0278744765263572  1.937809572557204 
 240.756  1.0269371684712012  1.9368711748558933 
 240.626  1.0260022364537797  1.9359314526109022 
 240.496  1.0250635106227413  1.9349922999356404 
 240.366  1.0241240729418288  1.9340527699054546 
 240.236  1.0231870118535946  1.9331119112006652 
 240.106  1.0222461477683416  1.9321716245269762 
 239.976  1.021307660635709  1.931230006413836 
 239.846  1.0203653643509476  1.9302889619865318 
 239.717  1.019422348965559  1.9293475388250967 
 239.588  1.0184817110546354  1.9284047800585795 
 239.459  1.0175372547075068  1.927462597488649 
 239.33  1.0165931460944513  1.9265180052847197 
 239.201  1.0156492729783069  1.9255761334471726 
 239.072  1.0147026433202153  1.9246328102682424 
 238.943  1.0137583919618605  1.9236881444956448 
 238.815  1.0128103065581464  1.922744059169188 
 238.687  1.0118625627467295  1.9217975559065474 
 238.558  1.0109150526422361  1.9208537798746304 
 238.43  1.0099647715735889  1.91990854985848 
 238.302  1.0090168695716875  1.918961970201663 
 238.175  1.0080651177425377  1.9180159753269201 
 238.047  1.0071126274276434  1.9170695981951755 
 237.92  1.00616251661041  1.9161218671660196 
 237.792  1.0052085464123648  1.9151747235645262 
 237.665  1.0042569559880163  1.9142262232166598 
 237.538  1.003301499778973  1.9132783120755685 
 237.411  1.0023452974173583  1.9123300173491742 
 237.284  1.001391475223429  1.9113803615843068 
 237.157  1.0004337775845296  1.9104312977262627 
 237.031  0.9996558654778268  1.9094270997826084 
 236.904  0.9990277813014482  1.9083753582071044 
 236.778  0.9983961719717307  1.9073240197218213 
 236.652  0.9977673045317247  1.9062711228973972 
 236.526  0.997134906982691  1.9052186285892179 
 236.4  0.9965052533722898  1.9041645727191154 
 236.274  0.9958741271796913  1.9031119980668274 
 236.149  0.9952405421414802  1.9020577637711393 
 236.023  0.9946097041186609  1.901001963051856 
 235.898  0.9939753235101114  1.8999465633925157 
 235.773  0.993343691972822  1.8988895940475836 
 235.648  0.9927105814198942  1.897834107203004 
 235.523  0.9920760847995238  1.8967748833298992 
 235.398  0.9914421751663391  1.895718224499243 
 235.273  0.9908068766193211  1.894657823132223 
 235.149  0.990172164904951  1.8935999884222001 
 235.024  0.9895370513577412  1.8925415652000281 
 234.9  0.9889005446005138  1.891479391141017 
 234.776  0.9882646244370508  1.8904197861622443 
 234.652  0.9876273081802187  1.8893564247815458 
 234.528  0.9869905783526336  1.8882956340988735 
 234.404  0.9863545304865508  1.8872321690272622 
 234.281  0.9857149069746953  1.8861691010702437 
 234.157  0.9850769572381468  1.885106525287514 
 234.034  0.9844376041350256  1.8840401790925556 
 233.911  0.9837988370322998  1.8829764076445847 
 233.787  0.9831607508402316  1.8819099505536199 
 233.665  0.9825190760424418  1.8808438889996408 
 233.542  0.9818801689376561  1.8797762276805823 
 233.419  0.9812376680028677  1.8787089612570933 
 233.296  0.9805968441607726  1.8776421839046082 
 233.174  0.9799567001387912  1.8765727095284395 
 233.052  0.9793129544114364  1.8755036290762161 
 232.929  0.9786719815873147  1.874432940263279 
 232.807  0.9780274017769507  1.873362644718468 
 232.685  0.9773855969592316  1.87229073734379 
 232.564  0.9767422797564151  1.8712203186861134 
 232.442  0.9760964431433248  1.8701481936779902 
 232.32  0.9754533846599228  1.8690744516055264 
 232.199  0.9748088096477657  1.8680021989727138 
 232.078  0.9741628073472759  1.8669261300915807 
 231.956  0.9735173894939071  1.8658526489642828 
 231.835  0.9728705412890776  1.8647753457476057 
 231.714  0.9722242773170461  1.863700631916149 
 231.594  0.9715775894088611  1.8626253010848781 
 231.473  0.970929466524754  1.8615461393599793 
 231.352  0.9702819275436185  1.8604695694683533 
 231.232  0.9696060112686635  1.8593428454936243 
 231.112  0.9689110430064897  1.858178842108564 
 230.991  0.968212361430279  1.8570151256320981 
 230.871  0.9675131821857392  1.8558506830300694 
 230.751  0.9668167290952622  1.854684498144755 
 230.632  0.9661165534062879  1.8535185984407183 
 230.512  0.9654191058723106  1.8523509521641117 
 230.392  0.9647179295133982  1.8511835899025837 
 230.273  0.9640183757248053  1.8500166022863394 
 230.154  0.9633173020272927  1.8488456464467613 
 230.035  0.962616744034428  1.8476771893097137 
 229.915  0.9619146624085246  1.8465047570359807 
 229.797  0.9612130959227001  1.8453348248416335 
 229.678  0.960508891259627  1.8441630432770304 
 229.559  0.9598074227595966  1.842989497741216 
 229.44  0.9591022002227766  1.8418162314607207 
 229.322  0.9583997158539472  1.8406411967977157 
 229.204  0.9576934710665882  1.8394664401732286 
 229.085  0.9569888524159658  1.8382920506949996 
 228.967  0.9562826950069875  1.8371136580978944 
 228.849  0.9555770504001966  1.8359377710727398 
 228.732  0.9548698631972319  1.8347578738466555 
 228.614  0.9541631881909374  1.833580483561792 
 228.496  0.9534538494238147  1.8324012232535456 
 228.379  0.9527472568463015  1.8312201766658625 
 228.261  0.9520368780045555  1.8300394031497413 
 228.144  0.9513270956331988  1.8288557195377377 
 228.027  0.9506178239080871  1.8276745462832673 
 227.91  0.9499069959640952  1.826489337768368 
 227.793  0.9491966780306629  1.8253066409741805 
 227.677  0.948483678008737  1.8241220593614291 
 227.56  0.9477734312026752  1.8229356754679231 
 227.443  0.9470593750829494  1.821749560157078 
 227.327  0.9463480741879925  1.8205616379346572 
 227.211  0.9456329573186979  1.819373982986265 
 227.095  0.944919472422885  1.8181866816594887 
 226.979  0.9442044153787448  1.8169953159050019 
 226.863  0.9434898657140952  1.8158064673045973 
 226.747  0.9427737398576319  1.8146135468923255 
 226.631  0.9420581206995973  1.8134231449874176 
 226.516  0.9413397926562674  1.8122308366315103 
 226.4  0.9406242278703284  1.8110367025702852 
 226.285  0.9399398015553073  1.8098499469701432 
 226.17  0.9394844945785777  1.8087153218662038 
 226.055  0.9390268036532716  1.8075788607912187 
 225.94  0.9385722162431743  1.806440645330929 
 225.825  0.9381141103125117  1.8053027679498626 
 225.71  0.9376579774746927  1.8041653146876346 
 225.595  0.937201637972795  1.8030271518251992 
 225.481  0.9367440427215155  1.8018849579188592 
 225.366  0.9362872887167722  1.8007453698434446 
 225.252  0.9358281403227273  1.7996039309303296 
 225.138  0.9353709700072951  1.798462913582704 
 225.024  0.9349147306987008  1.7973189905182174 
 224.91  0.9344549543989257  1.796175398395351 
 224.796  0.9339971591909879  1.7950322262780787 
 224.682  0.9335369620621261  1.7938871925336286 
 224.569  0.9330798902449295  1.792740383206528 
 224.455  0.9326192720984688  1.7915939011644013 
 224.342  0.9321606390862975  1.7904478370122305 
 224.229  0.9317017964212625  1.7893010471842372 
 224.116  0.9312405442410908  1.788152384792315 
 224.003  0.9307824266019178  1.7870019377916058 
 223.89  0.9303207508680443  1.7858518134200505 
 223.777  0.9298610653612285  1.7847021042388893 
 223.664  0.9294011689410018  1.783551662506276 
 223.552  0.9289400050620712  1.7823971311143656 
 223.439  0.9284796856153019  1.781245217986645 
 223.327  0.9280169459147503  1.7800914167269446 
 223.215  0.9275562015799432  1.7789380278945672 
 223.103  0.9270963981614244  1.777781688364431 
 222.991  0.9266330175993879  1.7766256638091626 
 222.879  0.9261716355094106  1.7754700499930087 
 222.767  0.9257078254182624  1.7743125367422188 
 222.655  0.9252471723909871  1.7731532167349549 
 222.544  0.924782932588094  1.7719942077801032 
 222.432  0.9243206954253365  1.7708356072745932 
 222.321  0.9238582442888925  1.7696762572687004 
 222.21  0.9233945172946725  1.7685127747827725 
 222.099  0.9229316369936416  1.7673519192746425 
 221.988  0.9224663177353918  1.7661891482387417 
 221.877  0.9220030063695918  1.7650267827300994 
 221.766  0.9215406431693313  1.7638614336202674 
 221.655  0.9210746737198187  1.7626963875177342 
 221.545  0.9206107153382709  1.7615317451569366 
 221.435  0.9201443100946728  1.7603651755813623 
 221.324  0.9198502820157487  1.7591232308523619 
 221.214  0.9196301385707885  1.7578480001887897 
 221.104  0.9194123475868055  1.7565731026333862 
 220.994  0.9191936129305417  1.755293963429574 
 220.884  0.918976065021382  1.754017391043254 
 220.774  0.9187564019391188  1.7527388071541394 
 220.665  0.9185402730709996  1.7514583161620907 
 220.555  0.9183230952931586  1.7501792214938467 
 220.446  0.9181038010926603  1.7488981072609093 
 220.336  0.9178880503988134  1.7476150814939009 
 220.227  0.9176690058732649  1.746332272031994 
 220.118  0.9174523309120638  1.7450497928414475 
 220.009  0.9172347192762148  1.7437630372977049 
 219.9  0.9170183008840419  1.7424788561575877 
 219.791  0.9167997636313577  1.7411926391397687 
 219.682  0.9165847886969373  1.7399045016524928 
 219.574  0.9163665103084536  1.7386165710745118 
 219.465  0.916150613128743  1.737328968830075 
 219.357  0.9159337841838747  1.7360370667152798 
 219.249  0.9157181529244324  1.7347477440813504 
 219.141  0.915500400458377  1.7334563690036875 
 219.032  0.9152862294289457  1.7321630644319421 
 218.925  0.9150687453078115  1.7308699571715986 
 218.817  0.9148536542394193  1.7295771762703216 
 218.709  0.9146376365205522  1.7282800716723843 
 218.601  0.9144228210204205  1.7269855516485781 
 218.494  0.9142058820641836  1.7256889623569922 
 218.386  0.9139925439776222  1.7243904344569665 
 218.279  0.9137758831489579  1.7230920940636512 
 218.172  0.9135616274221328  1.7217940780180934 
 218.065  0.9133464503721703  1.7204917141350733 
 217.958  0.9131324801690162  1.7191919399356255 
 217.851  0.9129186539621186  1.7178912854869501 
 217.744  0.9127039091805212  1.7165862710138997 
 217.637  0.9124903735952168  1.715283848785366 
 217.531  0.9122747113743296  1.71397933155949 
 217.424  0.9120626797799958  1.7126728618879519 
 217.318  0.9118473109522063  1.7113665646175191 
 217.212  0.9116343656962683  1.710060588610368 
 217.106  0.9114205075266238  1.7087502279561189 
 217.0  0.9112078633297804  1.7074424646804425 
 216.894  0.9109930905121533  1.7061325889159036 
 216.788  0.9107819685773616  1.7048207513652731 
 216.682  0.9105674997389216  1.7035090758727383 
 216.576  0.9103554670600013  1.702197719539664 
 216.471  0.9101425273610202  1.7008819536085111 
 216.365  0.9098513780750297  1.6996292331520515 
 216.26  0.9093977767849355  1.6984976645322134 
 216.155  0.9089427430694321  1.697367641431456 
 216.05  0.9084864369493761  1.6962333583917553 
 215.945  0.908032213102659  1.6950995546079626 
 215.84  0.907576553320433  1.6939672960647727 
 215.735  0.9071219138441587  1.6928319959689708 
 215.63  0.9066670666679274  1.691695944837672 
 215.526  0.9062107800274402  1.6905614386463277 
 215.421  0.9057555157989318  1.6894238823931043 
 215.317  0.9052965095470601  1.6882866374517365 
 215.212  0.904840825937367  1.6871475692075713 
 215.108  0.9043849334413028  1.6860077425194788 
 215.004  0.9039275955517269  1.6848694602253096 
 214.9  0.903471283616618  1.6837281135384832 
 214.796  0.9030147620824389  1.682586003905537 
 214.692  0.9025567915700409  1.6814454383087207 
 214.589  0.9020975392764402  1.6803005595335045 
 214.485  0.9016403851618233  1.6791561524035699 
 214.381  0.9011817784608493  1.6780132889312467 
 214.278  0.9007242020306614  1.676867343627328 
 214.175  0.9002664145676141  1.6757206262376874 
 214.072  0.899807170890741  1.674575452103129 
 213.968  0.8993489596703983  1.6734271873195523 
 213.865  0.89888821699978  1.6722768989198662 
 213.762  0.8984283327540842  1.6711293992672391 
 213.66  0.897969483165607  1.669978800074033 
 213.557  0.8975104211028114  1.668827419473969 
 213.454  0.8970498955039885  1.6676775812559563 
 213.352  0.8965904067839814  1.6665246345425155 
 213.249  0.8961294520689488  1.6653732298993502 
 213.147  0.8956672060874317  1.6642174569630215 
 213.045  0.8952070746314817  1.663062147506898 
 212.943  0.8947454734706206  1.6619083796335359 
 212.841  0.8942849129272024  1.6607514881791356 
 212.739  0.8938241379763204  1.6595938026002364 
 212.637  0.8933618895906055  1.6584376580905587 
 212.535  0.8929006840933984  1.6572783808565352 
 212.434  0.8924369237650753  1.6561170438405828 
 212.332  0.8919740244992348  1.6549585071479471 
 212.231  0.8915121704090785  1.6537968285093263 
 212.129  0.8910501004535691  1.6526343459816861 
 212.028  0.8905865495335585  1.6514734034219534 
 211.927  0.8901240460987176  1.6503093096274868 
 211.826  0.8896863862371718  1.6492215939211317 
 211.725  0.8892631528332644  1.6481622963127622 
 211.624  0.8888361174008813  1.6471034101100857 
 211.523  0.888410164514963  1.6460415002099746 
 211.423  0.8879840262218468  1.6449789150092962 
 211.322  0.8875564308321333  1.6439180082691094 
 211.221  0.8871299201910746  1.642854069994722 
 211.121  0.8867032235467677  1.6417894525937937 
 211.021  0.886275066387694  1.640726513865279 
 210.921  0.8858479961958713  1.6396605357098282 
 210.821  0.8854207394032909  1.6385938745660777 
 210.72  0.8849943818094197  1.6375301694424553 
 210.621  0.8845667516282899  1.6364621407433246 
 210.521  0.8841376551944744  1.6353957910343242 
 210.421  0.8837096494632914  1.6343263886245407 
 210.321  0.883281456133992  1.6332562967122415 
 210.222  0.8828517930813278  1.632187883960335 
 210.122  0.8824232229947276  1.6311164104626017 
 210.023  0.8819944647087967  1.6300442435029048 
 209.924  0.8815642332088384  1.6289737558576833 
 209.825  0.8811350969556047  1.6279001993632665 
 209.726  0.8807081487663664  1.6268272321618789 
 209.627  0.880277348370973  1.6257546586293492 
 209.528  0.8798476455231289  1.6246790080913196 
 209.429  0.8794177532719712  1.6236026560614891 
 209.33  0.8789863807669416  1.6225279836026762 
 209.232  0.8785561081253089  1.6214502259163828 
 209.133  0.8781256454753132  1.6203717626648015 
 209.035  0.8776936990199011  1.6192949790878859 
 208.937  0.8772628547616811  1.618215102001157 
 208.838  0.8768318198888487  1.6171345152366239 
 208.74  0.8764016884553312  1.6160569047924505 
 208.642  0.875970272163008  1.6149748969297741 
 208.544  0.8755386646511086  1.613892175239426 
 208.446  0.875105566170804  1.6128111333764794 
 208.349  0.8746735746128997  1.6117269812614379 
 208.251  0.874240089680287  1.610644509010041 
 208.153  0.8738077132586679  1.6095589208694232 
 208.056  0.873375144601978  1.6084726118925763 
 207.958  0.8729410789426462  1.6073879828173256 
 207.861  0.8725081241960762  1.6063002293432431 
 207.764  0.8720773816158686  1.605213057362165 
 207.667  0.8716427348055059  1.60412625972497 
 207.57  0.8712092013316518  1.6030363291219993 
 207.473  0.8707754744037872  1.601945669123376 
 207.376  0.8703402431557858  1.6008566890438607 
 207.279  0.8699839938024251  1.5998225368685173 
 207.182  0.8699190216832748  1.5989994072188978 
 207.086  0.8698504476082225  1.5981770243637672 
 206.989  0.8697833102988527  1.5973518732184309 
 206.893  0.8697173969034936  1.596530096952948 
 206.797  0.8696505086218633  1.5957042354854694 
 206.7  0.8695824278755577  1.5948804340357146 
 206.604  0.8695182066502387  1.59405517837252 
 206.508  0.8694503750579915  1.593230665876251 
 206.412  0.8693839883100931  1.592403378271336 
 206.316  0.8693188261938593  1.5915794738482492 
 206.221  0.8692526927327796  1.5907514714194635 
 206.125  0.8691853629450484  1.5899255313246328 
 206.029  0.8691219054028945  1.5890981361927141 
 205.934  0.8690548290474598  1.5882714805381066 
 205.838  0.8689878790619677  1.587444466416579 
 205.743  0.86892238346866  1.5866146691912493 
 205.648  0.8688581133381543  1.5857882649059858 
 205.553  0.8687928760986314  1.5849577475629224 
 205.458  0.8687264380014689  1.5841292952542478 
 205.363  0.8686638871384708  1.583299386982297 
 205.268  0.8685977075636037  1.5824702138064866 
 205.173  0.868532990677312  1.5816382506423128 
 205.078  0.8684694999565322  1.5808096888476961 
 204.984  0.8684050458564296  1.579977000993656 
 204.889  0.8683393869911534  1.5791463804854105 
 204.795  0.8682776283352006  1.5783143032575613 
 204.7  0.8682122324449775  1.577482957298459 
 204.606  0.8681483076428929  1.5766488144362456 
 204.512  0.868085609701833  1.5758180814330707 
 204.418  0.8680219522010171  1.5749832092764877 
 204.324  0.8679570860064517  1.5741504067746548 
 204.23  0.8678936965576947  1.5733148027411996 
 204.136  0.8678315344309384  1.572482614260888 
 204.042  0.8677684153400407  1.5716462778442752 
 203.948  0.8677040849246075  1.5708120126211316 
 203.855  0.8676436766081577  1.5699762894891507 
 203.761  0.8675796167746529  1.5691412911025104 
 203.668  0.8675170422623488  1.5683034842196881 
 203.575  0.8674556957551448  1.567469101481124 
 203.481  0.86739339625746  1.5666305575569026 
 203.388  0.8673298814715885  1.5657940871307183 
 203.295  0.8672689474978156  1.564958602421792 
 203.202  0.867207062552965  1.5641189498697796 
 203.109  0.8671439603314861  1.5632813719671115 
 203.016  0.867084800191841  1.5624423351675172 
 202.924  0.8670219756013762  1.5616040170849055 
 202.831  0.866960649394921  1.5607628800042828 
 202.738  0.8668981032506591  1.5599238191077123 
 202.646  0.8668395081607663  1.5590832988998373 
 202.553  0.8667772428448586  1.5582434946803836 
 202.461  0.8667164817993424  1.5574008667721453 
 202.369  0.8666569502148218  1.5565616818345673 
 202.277  0.8665964745737755  1.5557183066814173 
 202.185  0.8665347749857112  1.5548770100106108 
 202.093  0.8664770400125771  1.5540342534413316 
 202.001  0.8664156261245746  1.5531922087085162 
 201.909  0.8663557254302274  1.5523473332298205 
 201.817  0.8662970548548454  1.5515059095118455 
 201.726  0.8662374445048594  1.5506602820290167 
 201.634  0.8661766061776434  1.549816735323703 
 201.543  0.8661172870558314  1.5489703531497796 
 201.451  0.8660591984884215  1.5481274286331883 
 201.36  0.8660001730557608  1.5472802912635473 
 201.269  0.8659399169473515  1.5464352362005938 
 201.177  0.8658836483366261  1.545588720344693 
 201.086  0.8658236862531871  1.544742909249645 
 200.995  0.865765252489111  1.5438942555814936 
 200.905  0.8657080499233152  1.5430490684686697 
 200.814  0.8656499149450259  1.542199654793221 
 200.723  0.8655905452258337  1.5413523257141293 
 200.632  0.8655337908536923  1.5405060022958572 
 200.542  0.8654761063316924  1.5396554454263676 
 200.451  0.8654171850296609  1.5388069742968618 
 200.361  0.8653622721206595  1.5379570416659334 
 200.271  0.865303652560548  1.5371078072583673 
 200.18  0.8652465752075167  1.536255719568958 
 200.09  0.8651882583457058  1.5354057191437303 
 200.0  0.8651339592610111  1.5345542569315145 
