 1000.25  3.449813795944675  5.799820275378385 
 998.003  3.4425956207055544  5.791197165327827 
 995.766  3.4353568326342745  5.782557960585176 
 993.539  3.4281101215680385  5.773910200686986 
 991.321  3.4208528327197527  5.765243629121561 
 989.114  3.4135708505304523  5.756567202039007 
 986.917  3.4062807339671073  5.7478820828715245 
 984.729  3.398969535306153  5.7391805949925745 
 982.551  3.3916538822885562  5.730463860565132 
 980.382  3.38431960757643  5.7217409244238135 
 978.223  3.376963959244753  5.713001451254673 
 976.074  3.3695998100377893  5.7042530518733745 
 973.934  3.3622244417971667  5.695485334632885 
 971.803  3.354823562129999  5.686707407017053 
 969.682  3.3474139527855598  5.677920409032117 
 967.57  3.3399824663709494  5.669116586882419 
 965.467  3.332545955877018  5.660297037084915 
 963.373  3.325090075418377  5.651470959816195 
 961.289  3.3176120048203908  5.642627881982682 
 959.213  3.310124807450523  5.633775487264234 
 957.146  3.3026190875626256  5.624899362436007 
 955.088  3.2951001999471736  5.616020417314373 
 953.039  3.2883364309589864  5.607455437466453 
 950.999  3.283171624084727  5.5995549745667414 
 948.967  3.278005398987584  5.591647288214069 
 946.944  3.272831083096499  5.583728440610503 
 944.93  3.2676486385412953  5.575798384532997 
 942.924  3.262458027157244  5.567857072425866 
 940.927  3.257259210481869  5.559904456397517 
 938.938  3.2520454444864666  5.551936560607045 
 936.958  3.246830090413283  5.543961186373252 
 934.986  3.2416064137954392  5.535974362473126 
 933.022  3.2363743749462  5.52797603963769 
 931.066  3.2311339338643927  5.5199661682450545 
 929.119  3.225885050230928  5.511944698316865 
 927.18  3.2206209160994694  5.503907619611487 
 925.249  3.2153550146097443  5.4958627957742925 
 923.325  3.2100805476191265  5.487806221269361 
 921.41  3.204797473500687  5.47973784465611 
 919.503  3.1995057502914213  5.471657614119131 
 917.604  3.194205335688459  5.4635654774643845 
 915.712  3.1888893559500264  5.455457389118843 
 913.828  3.18357141946662  5.4473412765168945 
 911.952  3.1782446625517347  5.439213098880995 
 910.084  3.172909041503637  5.431072802463205 
 908.223  3.1675645122609395  5.4229203331171005 
 906.37  3.1622110303984647  5.414755636293638 
 904.525  3.1568416544061755  5.406574630114147 
 902.687  3.1514701214328817  5.398385307319605 
 900.856  3.146089500285531  5.3901835909184825 
 899.033  3.1406997450407985  5.381969424708704 
 897.217  3.1353008093899635  5.373742752064092 
 895.409  3.1298926466343993  5.365503515929897 
 893.607  3.1244682454210064  5.357247597100979 
 891.813  3.1190414753286495  5.3489830552003355 
 890.027  3.1136053355936006  5.340705776003481 
 888.247  3.108159777910606  5.332415700695258 
 886.474  3.1027047535608725  5.3241127700086555 
 884.709  3.097537187708192  5.31656248239736 
 882.95  3.092652733603652  5.309745844262807 
 881.199  3.087760755527145  5.30292056166916 
 879.454  3.0828612193253906  5.296086602163944 
 877.717  3.0779582000245087  5.289236871335799 
 875.986  3.0730434488071916  5.282385449610508 
 874.262  3.068121035481263  5.275525252367068 
 872.545  3.0631909248586737  5.2686562463437046 
 870.834  3.0582530814859163  5.261778398072091 
 869.13  3.0533074696412545  5.254891673875598 
 867.433  3.0483540533319182  5.247996039867517 
 865.743  3.0433856619146837  5.2410873191684075 
 864.059  3.038416517044304  5.234173758201732 
 862.381  3.033439458029636  5.227251184468863 
 860.71  3.0284544477645983  5.220319563224572 
 859.046  3.0234614488574625  5.213378859504387 
 857.388  3.0184604236278085  5.20642903812271 
 855.736  3.0134555060873365  5.199462865255226 
 854.091  3.008438318924281  5.192494691260834 
 852.452  3.003412990650754  5.185517292653617 
 850.819  2.998379482400419  5.178530633343768 
 849.193  2.9933377550024174  5.1715346770105795 
 847.572  2.988287768978067  5.164529387100427 
 845.958  2.983229484537518  5.157514726824731 
 844.35  2.978162861576363  5.150490659157894 
 842.749  2.9730878596722023  5.143457146835214 
 841.153  2.9680044380811577  5.136414152350786 
 839.563  2.9629125557343365  5.129361637955368 
 837.979  2.9578121712342527  5.122299565654227 
 836.402  2.952703242851194  5.115227897204967 
 834.83  2.947589965824525  5.108139250904327 
 833.264  2.9424638282828512  5.101048262931157 
 831.704  2.9373290196561803  5.093947562521069 
 830.149  2.9321854968486125  5.086837110418354 
 828.601  2.927033216413072  5.079716867108388 
 827.058  2.921872134547356  5.072586792815311 
 825.521  2.917225560934779  5.065994963812265 
 823.99  2.912868214930651  5.059703670923158 
 822.464  2.9085044810625296  5.053404626225849 
 820.944  2.904134331641047  5.047097801332583 
 819.43  2.8997577387791074  5.040783167684296 
 817.921  2.895374674389927  5.034460696549192 
 816.418  2.8909851101850523  5.028130359021301 
 814.92  2.8865890176723528  5.021792126019021 
 813.428  2.8821820614655262  5.015453462592756 
 811.941  2.877772821144497  5.0090993611744175 
 810.46  2.873356965780702  5.002737276012051 
 808.984  2.8689344660466247  4.996367177306952 
 807.514  2.8645052924006444  4.9899890350772615 
 806.048  2.8600618678914205  4.9835984878565975 
 804.588  2.855619246220165  4.977204162919482 
 803.134  2.851169860660387  4.970801703381273 
 801.684  2.8467136807917695  4.964391078511747 
 800.24  2.84225067596877  4.9579722573896 
 798.801  2.8377808153183044  4.951545208900815 
 797.367  2.8333040677374104  4.945109901737004 
 795.939  2.8288204018908742  4.938666304393733 
 794.515  2.824329786208827  4.932214385168836 
 793.096  2.8198278122415568  4.925761757402706 
 791.683  2.815323196104706  4.91929310963732 
 790.275  2.8108115339730726  4.9128160437284905 
 788.871  2.806292793313404  4.906330527166178 
 787.473  2.8017669413452917  4.899836527233878 
 786.079  2.7972339450385695  4.893334011006814 
 784.691  2.792693771110677  4.886822945350115 
 783.307  2.788146386023988  4.880303296916968 
 781.928  2.783591755983105  4.873775032146755 
 780.554  2.779029846932111  4.8672381172631685 
 779.185  2.7744606245517938  4.860692518272301 
 777.821  2.769884054256821  4.8541382009607235 
 776.461  2.7652923191342733  4.847570691621011 
 775.107  2.7607009364434045  4.840998828803772 
 773.756  2.756992041986673  4.835142719670004 
 772.411  2.7534489915456173  4.829397617616878 
 771.07  2.749896935986186  4.8236535073060764 
 769.734  2.746340307482022  4.817902560710465 
 768.403  2.742775715852761  4.812132440765906 
 767.076  2.7392098837723853  4.80636773326348 
 765.754  2.7356394254858905  4.80059611572071 
 764.436  2.732068808516731  4.794809691162937 
 763.123  2.7284811669212132  4.789019678205942 
 761.814  2.724896716940829  4.783227165627293 
 760.51  2.721312069238354  4.77741974063221 
 759.21  2.7177182083762874  4.771613171678946 
 757.915  2.714116201228073  4.765787107474347 
 756.624  2.7105128451800593  4.7599663742390135 
 755.337  2.706904715774999  4.754138527670911 
 754.055  2.7032963215773425  4.74829558918288 
 752.777  2.69967063112768  4.742448894460891 
 751.504  2.696048062615747  4.736599535102595 
 750.234  2.692425187777357  4.7307349737411775 
 748.97  2.6887929054413484  4.724871139867385 
 747.709  2.6851477302192213  4.71899547924147 
 746.452  2.6815101997772666  4.713109053640656 
 745.2  2.6778631865322806  4.707223305281451 
 743.952  2.674211224870823  4.701330202743168 
 742.708  2.6705508249296823  4.695417096332616 
 741.469  2.6668889009005863  4.689509186444434 
 740.233  2.663221967706884  4.683593839059545 
 739.002  2.6595545975848323  4.677662948261089 
 737.774  2.6558695013972713  4.671728032372196 
 736.551  2.6521874118727045  4.665790186848958 
 735.332  2.6485048397554896  4.659836680207607 
 734.117  2.644812550562059  4.6538836929612435 
 732.905  2.6411069951609973  4.647918476037241 
 731.698  2.637409031319945  4.641942093400996 
 730.495  2.6337012693689528  4.635966175057323 
 729.296  2.6299883084198994  4.629982559624319 
 728.1  2.626709956782391  4.624511346840848 
 726.909  2.623435701382564  4.619038306757006 
 725.721  2.6201445138423396  4.613562319229914 
 724.538  2.616862060373133  4.608076284418512 
 723.358  2.613567277844607  4.602579050469428 
 722.182  2.6102683452263493  4.597075247816888 
 721.01  2.606968806169662  4.591577763290269 
 719.841  2.603661530912188  4.586060767974188 
 718.677  2.6003500582121353  4.580537132831024 
 717.516  2.597037945615646  4.575019791319764 
 716.359  2.593718034726252  4.569482820151993 
 715.206  2.5904021642418784  4.563943839762821 
 714.056  2.587073756019941  4.558393425219803 
 712.91  2.5837363552826123  4.552844556275677 
 711.768  2.580407685536991  4.547285324628131 
 710.629  2.5770663974646792  4.541714567973376 
 709.494  2.573724388513458  4.536150044699688 
 708.363  2.570374432147982  4.530565607232728 
 707.235  2.567020113850996  4.524974283343009 
 706.111  2.5636697866734552  4.519380795540725 
 704.99  2.560301950204498  4.51378400859201 
 703.873  2.5569428398595275  4.5081766476380345 
 702.76  2.553570918015265  4.5025575435893455 
 701.65  2.550189776929604  4.496939837084355 
 700.543  2.546817359112435  4.4913114633341165 
 699.44  2.5434320446881484  4.485671250319905 
 698.341  2.540050674582028  4.480028730872673 
 697.244  2.5366515560321314  4.474382763769795 
 696.152  2.53325268852421  4.46872120230331 
 695.063  2.5298577441459518  4.463057271155642 
 693.977  2.5264497581497416  4.457381336665609 
 692.894  2.523040862778125  4.451711490567216 
 691.815  2.519623678688824  4.446021084319034 
 690.739  2.516201864979282  4.440323391975546 
 689.667  2.5127791015372782  4.434631756202818 
 688.598  2.509332895535943  4.429125374226699 
 687.532  2.505793736264648  4.424466323603689 
 686.47  2.502249817176068  4.419802500967398 
 685.411  2.498704842831409  4.415147323882764 
 684.355  2.495151354686514  4.410473929499408 
 683.302  2.4915967866163986  4.405809181873083 
 682.252  2.4880336543509465  4.40112615874425 
 681.206  2.484469417130632  4.396451783501943 
 680.163  2.480896564722714  4.391759074090126 
 679.123  2.477318820171734  4.387061492249347 
 678.087  2.473739932416385  4.382372559839182 
 677.053  2.470152351827554  4.377665204334291 
 676.023  2.4665636020736885  4.372966499194194 
 674.996  2.462966106956329  4.3682493111103 
 673.972  2.4593674163286923  4.36354077424507 
 672.951  2.4557599271741206  4.3588136941046525 
 671.933  2.452147407494993  4.354081637737678 
 670.918  2.448533652035632  4.349358233711147 
 669.906  2.4449110170760977  4.3446161949498 
 668.897  2.441287118997405  4.339882809176148 
 667.892  2.437654286623171  4.335130727105276 
 666.889  2.434020163380196  4.33038729858443 
 665.889  2.430377050373761  4.325625111701598 
 664.893  2.4267287620207556  4.320857841264717 
 663.899  2.423079140371566  4.3160992250530805 
 662.908  2.41942044445278  4.311321756380066 
 661.92  2.415760386426632  4.306552942276241 
 660.936  2.4120911969293797  4.301765212363898 
 659.954  2.408420616074641  4.29698613727498 
 658.975  2.4047408458324853  4.292188082507002 
 657.999  2.401059654535261  4.2873986827255735 
 657.025  2.39736921520681  4.2825902388649455 
 656.055  2.3936734042000043  4.277776568028587 
 655.088  2.389976126716743  4.272971552242768 
 654.123  2.3862695118252595  4.268147394721363 
 653.161  2.382561399602243  4.263331892179472 
 652.202  2.379317060702915  4.258385806306418 
 651.246  2.3771085733069097  4.253192350375094 
 650.293  2.374912167972522  4.247988677666637 
 649.342  2.3726998954415395  4.2427826710577925 
 648.394  2.3704997299621984  4.237566397090535 
 647.449  2.368283655573411  4.232347749565973 
 646.507  2.3660797134238036  4.227118783554073 
 645.568  2.3638598203758576  4.221887403802638 
 644.631  2.3616520849552605  4.216645653878628 
 643.697  2.359437392612427  4.211406512040571 
 642.765  2.3572168110019645  4.206146822695359 
 641.837  2.354998286108743  4.200894777017762 
 640.91  2.3527738578583075  4.195622102408827 
 639.987  2.350551483512153  4.190357058371181 
 639.066  2.3483231916693215  4.185071303159839 
 638.148  2.3460969508935707  4.179793165097061 
 637.233  2.3438647784324425  4.174494232787508 
 636.32  2.3416346541772435  4.169202903870689 
 635.41  2.3393985839994094  4.163890696790496 
 634.502  2.3371645591427197  4.158586079007237 
 633.597  2.3349245740783  4.153260498287428 
 632.695  2.3326866314269474  4.147942492421755 
 631.795  2.3304427142357063  4.142603437976447 
 630.898  2.32820083652653  4.13727194358829 
 630.003  2.3259529698990584  4.1319193140939054 
 629.111  2.323707139800125  4.126574229498129 
 628.221  2.3214553063591095  4.121207922372138 
 627.334  2.3192055064710075  4.1158491446171155 
 626.449  2.316949688772577  4.110469055996328 
 625.567  2.3146959016297988  4.105096480842049 
 624.687  2.312436082164956  4.0997025055604235 
 623.81  2.3101782902373627  4.094316027456116 
 622.935  2.307914451433513  4.088908059022073 
 622.063  2.3056526371278974  4.083507571083324 
 621.193  2.303384761350462  4.078085501656571 
 620.326  2.301118907012199  4.072670895641951 
 619.461  2.299018735823018  4.067909432087355 
 618.598  2.2970898538349513  4.063794015029733 
 617.738  2.2951594030350178  4.0596744555863165 
 616.88  2.293232662159684  4.0555413994676455 
 616.025  2.2912990686134247  4.0514135091136705 
 615.172  2.2893638952669146  4.047281438811947 
 614.321  2.2874271384245723  4.043145175924459 
 613.472  2.2854887943774704  4.039004707749792 
 612.626  2.283548859403277  4.0348600215226815 
 611.783  2.2816126476246956  4.0307017098516456 
 610.941  2.279669525550601  4.02654854009288 
 610.102  2.277724801321205  4.022391113573333 
 609.265  2.2757784711600806  4.018229417267723 
 608.431  2.273830531277103  4.014063438084643 
 607.599  2.2718904170354532  4.009898510812652 
 606.769  2.269939255282637  4.005723932408858 
 605.941  2.267991832511014  4.0015355742935315 
 605.116  2.2660374307300484  3.9973523284131005 
 604.293  2.264081400115434  3.993164733184528 
 603.472  2.2621237367938445  3.9889727751096706 
 602.653  2.260164436877839  3.984776440620893 
 601.836  2.258203496465799  3.980575716080572 
 601.022  2.256246308806276  3.976361075908719 
 600.21  2.254282081881658  3.972151520862806 
 599.4  2.252316202691753  3.967937534400938 
 598.593  2.250348667277749  3.9637191026003267 
 597.787  2.2483794716663494  3.9594962114656274 
 596.984  2.2464086118697177  3.9552688469284147 
 596.182  2.2444415188459232  3.951027427330693 
 595.383  2.2424673250276546  3.946791064119899 
 594.587  2.240491454994751  3.9425501848301816 
 593.792  2.238513904700705  3.9383047750952946 
 592.999  2.236534670084153  3.9340548204732007 
 592.209  2.2345537470688135  3.9298003064455163 
 591.42  2.232576605108463  3.9255315942783633 
 590.634  2.230592299511494  3.9212679080419863 
 589.849  2.228839053667745  3.9171065248668597 
 589.067  2.2271714189799177  3.9129902286513594 
 588.287  2.225517849719282  3.9088655258807687 
 587.509  2.2238577085759457  3.904746228372934 
 586.733  2.2221923231565404  3.9006074810336737 
 585.959  2.2205355383990377  3.8964699507750735 
 585.187  2.2188624621518334  3.8923322861680885 
 584.417  2.217203521335561  3.8881861394515065 
 583.65  2.21553379530633  3.8840301232282517 
 582.884  2.213867152228394  3.8798850199092056 
 582.12  2.212204974335956  3.875725847951161 
 581.358  2.2105264193146286  3.871566485350336 
 580.598  2.2088620709452247  3.8673985634351715 
 579.84  2.207186885635748  3.863220670389207 
 579.085  2.2055147862569546  3.8590537016732562 
 578.331  2.203837403854623  3.8548669630259207 
 577.579  2.2021653468632554  3.850687239302273 
 576.829  2.200493877196396  3.84650013695292 
 576.081  2.198810953120661  3.842303945234342 
 575.335  2.1971367291814605  3.8381088841665507 
 574.59  2.195451589291181  3.8339037130477305 
 573.848  2.19377516494111  3.8296996584996577 
 573.108  2.192087803440352  3.825485451284836 
 572.369  2.1904097375324905  3.82127136150747 
 571.633  2.1887300072530107  3.8170537125707 
 570.898  2.187039307888167  3.8128258463045426 
 570.165  2.185357363061892  3.808599060584984 
 569.435  2.183664427730501  3.804362013917127 
 568.705  2.1819802627365705  3.8001260330378455 
 567.978  2.180285085729473  3.795879747180405 
 567.253  2.178599264609849  3.7916335207610157 
 566.53  2.17691176433494  3.7873836390970297 
 565.808  2.1752132196498404  3.783123385635132 
 565.088  2.1735234853146546  3.7788641601960715 
 564.37  2.171822684840488  3.774594517877085 
 563.654  2.170130710931386  3.7703258881066986 
 562.94  2.168233929252033  3.7674671029698072 
 562.227  2.166311471799678  3.7647171730225484 
 561.517  2.164396758060377  3.761971999670156 
 560.808  2.162470394459248  3.759219095359133 
 560.101  2.1605529312415475  3.756468949518476 
 559.396  2.1586232185660363  3.7537120560496366 
 558.692  2.1567018386818857  3.7509589201927853 
 557.99  2.15476933574153  3.748197018601343 
 557.29  2.1528445972529338  3.7454398753579197 
 556.592  2.15090813430315  3.7426749527859693 
 555.895  2.148980597015962  3.739912780580729 
 555.201  2.147040732951465  3.7371438170015296 
 554.508  2.1451092247060073  3.7343786077363403 
 553.816  2.1431665201728722  3.731604578889609 
 553.127  2.1412316008584495  3.728835309921161 
 552.439  2.139284881105111  3.726058212444474 
 551.753  2.13734711237118  3.723283856860959 
 551.068  2.13539693812273  3.7205026654128246 
 550.385  2.1334551427707336  3.71772522467905 
 549.704  2.1315020765199795  3.7149389096200474 
 549.025  2.129556816276515  3.7121573557366565 
 548.347  2.1276098207748824  3.7093737408702467 
 547.671  2.1256509344226386  3.706582239073057 
 546.997  2.123701028757167  3.703793468802526 
 546.324  2.1217386238952605  3.700997809797914 
 545.653  2.1197846249018744  3.6982058969141214 
 544.984  2.1178192661902484  3.695405044680028 
 544.316  2.115861737751395  3.6926089548285983 
 543.65  2.113892239354442  3.6898049270392246 
 542.985  2.1119317471485304  3.6870036214538553 
 542.322  2.109958673790449  3.6841953809622465 
 541.661  2.1079940294631307  3.6813908822960117 
 541.001  2.1060179476717513  3.678577387512126 
 540.343  2.1040497169634516  3.675768655866958 
 539.687  2.102069435674653  3.6729519343979384 
 539.032  2.100098186138497  3.6701379253949304 
 538.379  2.0981692819296605  3.6666011966988212 
 537.727  2.0962351056230384  3.6630194673310745 
 537.077  2.094309440107383  3.659440125336511 
 536.428  2.0923717057365017  3.6558513857878134 
 535.781  2.0904424919652826  3.652265024914542 
 535.136  2.0885011798845015  3.6486692338959634 
 534.492  2.086568398234424  3.6450758127246914 
 533.85  2.0846228965960414  3.6414739626986856 
 533.209  2.0826865266589953  3.6378734403943893 
 532.57  2.0807483603737413  3.6342693542441253 
 531.932  2.078798021278999  3.6306557552697667 
 531.296  2.076856237285303  3.6270445034974235 
 530.661  2.0749022503070633  3.6234237053275065 
 530.028  2.0729568283384663  3.619805245058783 
 529.396  2.070998576711706  3.6161782457093996 
 528.766  2.069049495695469  3.6125525346543643 
 528.137  2.06708815070683  3.6089172091906714 
 527.51  2.0651353906087873  3.6052842026038543 
 526.885  2.063170335722628  3.601641547156771 
 526.26  2.061213875701147  3.598001200859019 
 525.638  2.0592450898574537  3.5943511709489426 
 525.016  2.057284308227263  3.590704488659312 
 524.397  2.055311769536147  3.587047040393226 
 523.778  2.053347845720577  3.58339188137794 
 523.161  2.0513715333475435  3.5797269683355255 
 522.546  2.0494038458885955  3.576064334368576 
 521.932  2.047423738167893  3.5723919106970037 
 521.32  2.0454522654210505  3.5687217557714006 
 520.708  2.0434782920106955  3.565048881841447 
 520.099  2.0414924548450664  3.5613651095035643 
 519.491  2.0395152677782304  3.557683590132842 
 518.884  2.0375255802153958  3.553992190485523 
 518.278  2.0355445528636302  3.5503030330794014 
 517.674  2.0335509925003366  3.546603958591811 
 517.072  2.031566102481115  3.5429071154562193 
 516.471  2.02958644339864  3.5392924619516175 
 515.871  2.027670081908053  3.5360042365733966 
 515.273  2.0257519078926616  3.532712950740657 
 514.676  2.0238319162007565  3.5294185958926474 
 514.08  2.021909489759253  3.5261222305499453 
 513.486  2.0199751652817675  3.5228155881844145 
 512.893  2.0180496787268147  3.519511969834653 
 512.301  2.016121740005215  3.516206317968509 
 511.711  2.0141925704816424  3.5128964845243376 
 511.122  2.0122615518199387  3.509583529841224 
 510.535  2.010328678693651  3.506267445072917 
 509.949  2.008393329841333  3.502949295572398 
 509.364  2.006456731124096  3.499626924955458 
 508.781  2.0045074987823073  3.496295226761393 
 508.199  2.0025671430933403  3.4929665275517636 
 507.618  2.0006242876503104  3.489635731754292 
 507.039  1.9986801628598607  3.4863006745559857 
 506.461  1.9967341455591374  3.4829624241501342 
 505.884  1.9947856102098849  3.479622052852928 
 505.308  1.9928357906607521  3.4762773894697276 
 504.734  1.990884061908949  3.4729295051819116 
 504.161  1.9889195716937278  3.4695721728573914 
 503.59  1.9869633746922708  3.466218898507204 
 503.02  1.985005873298663  3.4628612904692253 
 502.451  1.9830464400304617  3.4595004239510487 
 501.883  1.9810850691577915  3.4561362894480787 
 501.317  1.9791211301420752  3.452769967399341 
 500.751  1.9771558661519288  3.4493992693016833 
 500.188  1.975188647194891  3.4460252744295974 
 499.625  1.9732079085854246  3.4426428003067744 
 499.064  1.9712367506834134  3.4392621777417465 
 498.504  1.9692636201589888  3.435878229169609 
 497.945  1.9672885110792757  3.4324909447549183 
 497.387  1.9653107884282788  3.4291014121942474 
 496.831  1.9633317037022429  3.425707427490321 
 496.276  1.961350622440866  3.422310077148062 
 495.722  1.9595557277713145  3.418938234341382 
 495.17  1.958172758819811  3.415633258033419 
 494.618  1.9567778866273637  3.412318815350326 
 494.068  1.9553937871091163  3.4090064333563426 
 493.519  1.9540081761197687  3.4056919931700964 
 492.972  1.9526216846703157  3.4023743831984072 
 492.425  1.9512238825636274  3.399046136769355 
 491.88  1.949835617591244  3.3957221523009546 
 491.336  1.9484464681923224  3.392394971021378 
 490.793  1.9470570703100092  3.389063474626021 
 490.251  1.9456550471605343  3.3857234917431254 
 489.711  1.9442632278345822  3.38238665724511 
 489.172  1.942871158198404  3.379045477255257 
 488.634  1.941466428681762  3.3756957643867014 
 488.097  1.9400725682834938  3.3723480796332566 
 487.561  1.9386771740545645  3.368998246541573 
 487.026  1.9372808848040826  3.3656451427070104 
 486.493  1.9358731737851647  3.362281211466561 
 485.961  1.9344750816300895  3.3589215295162433 
 485.43  1.93307609046362  3.3555585483674863 
 484.9  1.9316768442065728  3.3521911387097045 
 484.371  1.9302648446241795  3.348815069601785 
 483.844  1.9288631394973883  3.345442124878522 
 483.317  1.9274611775123927  3.3420647197230426 
 482.792  1.926046426691803  3.338678606540657 
 482.268  1.9246419955482923  3.33529561074099 
 481.745  1.923237305798033  3.3319081221446187 
 481.223  1.92183105742563  3.3285183810947654 
 480.702  1.9204126222265963  3.3251187406778775 
 480.183  1.9190051926660712  3.321721079422435 
 479.664  1.917596198217556  3.3183211386811893 
 479.147  1.9161862887897152  3.314917780782157 
 478.63  1.9147648016988856  3.3115033211254636 
 478.115  1.9133530491013937  3.3080930897581466 
 477.601  1.9119403775232344  3.304679410654487 
 477.088  1.910516096468559  3.301254572865513 
 476.576  1.9093061604470651  3.2982662133795557 
 476.066  1.9081977580480294  3.2955179689723324 
 475.556  1.9070888031630446  3.292767483918331 
 475.047  1.905990673888728  3.290021344756111 
 474.54  1.9048812803199082  3.2872652299614056 
 474.034  1.903770673478788  3.284507996214635 
 473.528  1.902659512020843  3.2817485002180455 
 473.024  1.9015592064034317  3.278993353981927 
 472.521  1.9004476046407701  3.2762281816114154 
 472.019  1.899334784931014  3.273461871665675 
 471.518  1.898232843913669  3.270699914347474 
 471.018  1.8971189184024015  3.2679290369529594 
 470.519  1.8960051000970262  3.26515471908973 
 470.021  1.8949015191669094  3.2623859010455925 
 469.524  1.8937859276426885  3.2596081267136205 
 469.029  1.8926697767794318  3.2568280402769663 
 468.534  1.8915537336535546  3.254044487602882 
 468.04  1.8904479562403103  3.2512664417505324 
 467.548  1.8893301331886516  3.2484793907572582 
 467.056  1.88821174872384  3.2456900049170967 
 466.565  1.8871049905653494  3.2429038291963956 
 466.076  1.8859854907478255  3.2401097622320325 
 465.587  1.8848654279799497  3.2373133431279153 
 465.1  1.8837563448369974  3.2345212886474632 
 464.614  1.882635835970926  3.2317189993689035 
 464.128  1.8815140903715726  3.228915494754665 
 463.644  1.880403348138601  3.2261163574320846 
 463.16  1.8792804805270296  3.2233081026315036 
 462.678  1.8781577225680457  3.2204963019450883 
 462.197  1.877033723154257  3.2176832656211416 
 461.716  1.875920759042752  3.2148746000750226 
 461.237  1.8747956336692293  3.212056766002931 
 460.758  1.8736706186894587  3.2092353586703704 
 460.281  1.872555985468955  3.20641948576845 
 459.804  1.8714291639189355  3.2035944055960526 
 459.329  1.870302453361856  3.2007657313604474 
 458.855  1.869199311036657  3.1980003227610707 
 458.381  1.868087440716817  3.195246576739252 
 457.909  1.8669750074208318  3.1924905134289774 
 457.437  1.8658743727761697  3.189737790945028 
 456.966  1.8647608211276647  3.1869770818147916 
 456.497  1.8636584009112585  3.184220883558034 
 456.028  1.8625437281842911  3.1814555064307655 
 455.561  1.8614291757834232  3.1786866118662522 
 455.094  1.860325093680951  3.1759234018123044 
 454.628  1.859208731910423  3.1731509747901945 
 454.163  1.858104229800936  3.1703818900574317 
 453.699  1.856986742563129  3.167604735767268 
 453.237  1.8558686871627603  3.164825205914416 
 452.775  1.8547618278215647  3.162050195354905 
 452.314  1.8536433340219467  3.1592647261291664 
 451.853  1.8525353625470824  3.156484954738015 
 451.394  1.8514150474978002  3.1536958759685882 
 450.936  1.8502941617475237  3.150904391598858 
 450.479  1.8491852067027044  3.1481162508217713 
 450.022  1.848063187521642  3.14531994319698 
 449.567  1.8469524219861297  3.1425281620186682 
 449.113  1.8458299624664294  3.1397258240710797 
 448.659  1.844706234714039  3.136922232442629 
 448.206  1.8435937856048952  3.1341231702536816 
 447.754  1.8424689188428598  3.1313146946453623 
 447.304  1.8413560461203897  3.1285095634477633 
 446.854  1.8402300391593167  3.1256961779776837 
 446.405  1.839103456552806  3.1228803249411397 
 445.956  1.837988895486129  3.1200678165594926 
 445.509  1.8368611698281991  3.117247015753262 
 445.063  1.8357328670755477  3.11442372827806 
 444.617  1.8346159105444289  3.111604978017416 
 444.173  1.833487164957066  3.108775512008273 
 443.729  1.832369079662887  3.105951777491823 
 443.286  1.8312384825944041  3.103118492764119 
 442.844  1.8301080120668978  3.100281492998894 
 442.403  1.829006012800399  3.097775491358277 
 441.963  1.8278998236762078  3.0953009167761887 
 441.524  1.826805001106184  3.0928314716561207 
 441.086  1.8256975823509405  3.090352999610573 
 440.648  1.8245902524355166  3.0878713686425967 
 440.211  1.8234815927413486  3.0853889737059936 
 439.776  1.8223723109144914  3.082904610847994 
 439.341  1.8212751443983823  3.08042418371291 
 438.907  1.8201646247374788  3.077935876711165 
 438.473  1.8190534802614786  3.075445587886639 
 438.041  1.8179417100670923  3.0729533125645863 
 437.609  1.8168300269305675  3.0704578399249396 
 437.179  1.8157170032336245  3.0679615766550428 
 436.749  1.8146154294800072  3.0654704625729003 
 436.32  1.8135011565985166  3.062970199819802 
 435.892  1.8123869697712862  3.0604667173809856 
 435.465  1.8112714361631845  3.057962428719595 
 435.038  1.8101552704966863  3.0554561203373436 
 434.612  1.80905131159504  3.052953757917688 
 434.188  1.8079338884139504  3.0504434013558726 
 433.764  1.8068158304479152  3.0479310105639184 
 433.341  1.805697136778777  3.0454165806620073 
 432.918  1.8045785274105366  3.0428988911219483 
 432.497  1.803470725264763  3.040387583333252 
 432.076  1.8023501284109986  3.0378670124584364 
 431.656  1.8012288921885917  3.0353443827768443 
 431.237  1.8001077392829878  3.0328184701736616 
 430.819  1.7989852222239264  3.0302917070440714 
 430.402  1.79786206301996  3.027762870114895 
 429.985  1.796751204288006  3.0252379890035757 
 429.569  1.7956267675774549  3.0227049952717286 
 429.154  1.794501685953089  3.0201699125857937 
 428.74  1.7933759584824915  3.0176327358482506 
 428.327  1.792250312614479  3.0150922345869784 
 427.914  1.7911355538154892  3.0125581441927256 
 427.502  1.7900078928742442  3.0100146605211235 
 427.091  1.7888952404687792  3.0075265886392177 
 426.681  1.7877812202908663  3.0050377188356054 
 426.271  1.7866788591336926  3.0025541370099016 
 425.863  1.7855635690207594  3.000061209211264 
 425.455  1.784448371261453  2.997565010086962 
 425.048  1.7833441239289225  2.9950753353382975 
 424.642  1.7822269182265473  2.9925762794039676 
 424.236  1.7811098041330258  2.990073934600746 
 423.831  1.7800036624516522  2.9875781225503197 
 423.427  1.77888453280431  2.985072893758276 
 423.024  1.7777647567396546  2.9825655953064305 
 422.622  1.7766574497880612  2.9800623640936474 
 422.22  1.7755363878046893  2.977550917183201 
 421.819  1.7744146765778885  2.9750373853877887 
 421.419  1.7733047208427295  2.9725291643587135 
 421.019  1.7721824581746795  2.970010212955849 
 420.621  1.7710588033478118  2.9674904018237003 
 420.223  1.7699469285360443  2.9649759071254147 
 419.826  1.7688227187591707  2.962450642694083 
 419.429  1.7676971118599507  2.9599245056720638 
 419.034  1.7665833096654266  2.9574036907376127 
 418.639  1.76545639926531  2.9548733133091907 
 418.245  1.7643295768249327  2.9523395562941683 
 417.851  1.7632013505918451  2.949804909265849 
 417.458  1.762084962258165  2.947275591833305 
 417.067  1.7609554249404697  2.944736662017042 
 416.675  1.7598259746284668  2.942194327534643 
 416.285  1.7587076393864944  2.939658578957158 
 415.895  1.7575761243731303  2.9371131801424464 
 415.506  1.7564439448393554  2.9345656120391714 
 415.118  1.755324405104093  2.9320221293765907 
 414.73  1.7541909037912342  2.929470212673941 
 414.343  1.7530567350602755  2.926916110232781 
 413.957  1.7519352337720102  2.924366095982476 
 413.572  1.750799737524665  2.9218076118930956 
 413.187  1.7497528104402427  2.9193552195037054 
 412.803  1.748926031710179  2.917161679508613 
 412.42  1.748098205860385  2.914967810685445 
 412.037  1.7472708453455836  2.912771087297227 
 411.656  1.746442436364568  2.9105740299011478 
 411.275  1.7456144940572493  2.908374109680999 
 410.894  1.7447855019389216  2.906173850232683 
 410.514  1.7439562179166013  2.903971985059425 
 410.135  1.743127402603097  2.901767244578003 
 409.757  1.7422975354642756  2.8995621569617867 
 409.379  1.7414681384109107  2.8973541856494456 
 409.003  1.7406376881921306  2.895145861878956 
 408.626  1.739806946110049  2.892935915248171 
 408.251  1.7389766762064423  2.8907230722416157 
 407.876  1.7381453511306706  2.8885098687138258 
 407.502  1.7373017834935474  2.88628610621502 
 407.128  1.7364698676909336  2.8840696249221462 
 406.755  1.7356376601079306  2.881851503319512 
 406.383  1.734809750157822  2.879632766385784 
 406.012  1.7339756873955272  2.8774105867044404 
 405.641  1.7331433757922616  2.875186248063349 
 405.271  1.7323087280173652  2.8729607601157974 
 404.902  1.7314758344465209  2.8707331058933843 
 404.533  1.7306406017954377  2.86850429537466 
 404.165  1.729805076013982  2.8662738182183043 
 403.798  1.728971309044688  2.864041163722984 
 403.431  1.7281351986255156  2.861807342350014 
 403.065  1.7273008501200902  2.8595713362015616 
 402.699  1.7264641552495272  2.857334156055512 
 402.335  1.7256271674719912  2.855095291074784 
 401.971  1.7247919463024328  2.852854230070253 
 401.607  1.7239543743885877  2.8506119842892588 
 401.244  1.7231185722426212  2.848367534923723 
 400.882  1.7222804164311298  2.8461218935284878 
 400.521  1.7214432547073613  2.843875327643157 
 400.16  1.7206052941224295  2.8416249890093046 
 399.8  1.7196928435351972  2.8393878699653157 
 399.44  1.7185895706216092  2.837187006922414 
 399.082  1.717485102972594  2.834982377182049 
 398.723  1.7163791651524005  2.8327773365672866 
 398.366  1.71527331980308  2.8305692999162346 
 398.009  1.714166000502525  2.8283608463700003 
 397.653  1.7130587725215571  2.82614938708361 
 397.297  1.7119513615319502  2.8239382897384813 
 396.942  1.7108427468816216  2.8217233926374594 
 396.588  1.709732650661155  2.819508066442942 
 396.234  1.7086226434381537  2.8172897148979166 
 395.881  1.7075111508038952  2.815070928079725 
 395.528  1.706399745994292  2.812849106000779 
 395.176  1.7052881522092251  2.8106276313423577 
 394.825  1.7041753457039572  2.8084023231911064 
 394.475  1.7030610460451232  2.8061765672452452 
 394.125  1.7019460408861549  2.80394905911075 
 393.775  1.7008311205887305  2.8017184906344745 
 393.426  1.6997160062549022  2.799488257149709 
 393.078  1.6985996715461964  2.797254161526415 
 392.731  1.6974818338870816  2.795019602145332 
 392.384  1.6963640786873655  2.7927819620337053 
 392.038  1.6952448165806877  2.7905438516790397 
 391.692  1.6941256357202348  2.7883026502882515 
 391.347  1.693006254642339  2.786061768564739 
 391.002  1.691885643877521  2.783816989667039 
 390.659  1.6907635182301324  2.7815717273832674 
 390.315  1.6896414713822123  2.779323353230899 
 389.973  1.6885179056302495  2.7770744890322914 
 389.631  1.6873944174420854  2.7748225024341133 
 389.289  1.686270722734923  2.7725708197182195 
 388.948  1.6851457888874108  2.770315204052596 
 388.608  1.684019328029036  2.7680590848418256 
 388.268  1.6828929422424206  2.7657998219410875 
 387.929  1.6817650253571266  2.7635400486539825 
 387.591  1.6806363780907096  2.7612784422006156 
 387.253  1.6796374945180237  2.7591578630065343 
 386.916  1.6788034203375377  2.757219781616441 
 386.579  1.677968177509269  2.7552816924470314 
 386.243  1.6771347019012073  2.7533417529106794 
 385.907  1.6762995393869544  2.751399670303992 
 385.572  1.675463205272958  2.749457574181412 
 385.238  1.6746286416611267  2.747513619160384 
 384.904  1.6737915783740702  2.7455688386627575 
 384.571  1.672956287791581  2.7436221935356526 
 384.238  1.6721193046800014  2.741673388477105 
 383.906  1.6712811450223843  2.7397245601898255 
 383.575  1.6704447613965223  2.737773858607954 
 383.244  1.6696058691798672  2.735822318499478 
 382.913  1.6687674227805838  2.7338680859422886 
 382.584  1.6679291291003462  2.7319146362398365 
 382.255  1.6670899494353557  2.729957673574515 
 381.926  1.6662517374146888  2.7280001562385343 
 381.598  1.6654110078202173  2.726041787091451 
 381.27  1.6645707256697642  2.724080707460182 
 380.943  1.6637305952508723  2.7221204039450244 
 380.617  1.6628895764802727  2.720156566002542 
 380.291  1.6620481888289036  2.7181913438883285 
 379.966  1.6612069523177686  2.716226893768061 
 379.641  1.6603648260396404  2.714258896190569 
 379.317  1.6595228505080923  2.712291667826029 
 378.993  1.6586799842681095  2.710320883255644 
 378.67  1.657835925431305  2.7083500430429357 
 378.348  1.6569936608469793  2.706377281918963 
 378.026  1.6561496820979686  2.704402294318137 
 377.704  1.655304507705461  2.7024272447616453 
 377.383  1.654461131075898  2.700450265093016 
 377.063  1.6536152113571596  2.6984723951213185 
 376.743  1.6527710917581246  2.69649258885526 
 376.424  1.651925252233288  2.694510537920758 
 376.105  1.6510782119615977  2.692528414337406 
 375.787  1.6502329753715375  2.6905443451100366 
 375.47  1.6493943715461226  2.688592902037798 
 375.152  1.648559884257887  2.6866539955834243 
 374.836  1.647723677243326  2.684712892759348 
 374.52  1.6468871013450168  2.682770419655135 
 374.204  1.646051510680176  2.680827405077114 
 373.889  1.6452150291519974  2.678880828284007 
 373.575  1.6443787021783953  2.676935060134613 
 373.261  1.643540649689629  2.674987077946772 
 372.948  1.6427035843790363  2.6730385455753782 
 372.635  1.6418647912292736  2.6710877920200127 
 372.323  1.641027822026773  2.6691351244674624 
 372.011  1.6401882875646636  2.6671815871185642 
 371.7  1.6393497422532535  2.665227490745548 
 371.389  1.6385094644424094  2.663271158757093 
 371.079  1.6376701767784092  2.6613142632747127 
 370.769  1.6368299935583117  2.6593537613134703 
 370.46  1.6359899629108197  2.657394054096032 
 370.151  1.6351481950852704  2.655432096644653 
 369.843  1.6343074194222977  2.6534695666577317 
 369.535  1.63346490423428  2.6515047790575648 
 369.228  1.6326233822270275  2.6495394143500524 
 368.921  1.631780961872561  2.6475704159719227 
 368.615  1.6309373234319782  2.645601359419719 
 368.31  1.6300946797149487  2.643631718835848 
 368.004  1.629250290586453  2.6416598019760307 
 367.7  1.6284068972187986  2.639687296425422 
 367.396  1.6275626031937744  2.637711134168201 
 367.092  1.6267184595805462  2.6357357505524157 
 366.789  1.625872565828265  2.633758075509781 
 366.486  1.6250276699366835  2.631779802350464 
 366.184  1.6241810215348749  2.6297992301151183 
 365.883  1.6233353720548924  2.627818054996311 
 365.582  1.6224888191681934  2.62583319506891 
 365.281  1.6216424155267672  2.623849104623871 
 364.981  1.6207942546219027  2.621862699649882 
 364.681  1.6199656963971176  2.6198795501899315 
 364.382  1.6194113837308848  2.617963565399102 
 364.083  1.6188584413437328  2.616047142753712 
 363.785  1.618304106515686  2.614128570129161 
 363.488  1.6177489044487918  2.6122100830226627 
 363.19  1.6171959328001364  2.610289770325376 
 362.894  1.616641568561486  2.6083672979856463 
 362.597  1.616088581507943  2.606444379471842 
 362.302  1.6155342017835117  2.6045192948281812 
 362.007  1.6149798149784675  2.602592899934195 
 361.712  1.6144268095657583  2.6006660538109605 
 361.417  1.6138724113854028  2.5987370317581067 
 361.124  1.6133193974287852  2.5968075550798866 
 360.83  1.612764990657921  2.59487589589403 
 360.537  1.6122105802847289  2.5929429139844213 
 360.245  1.6116566929429568  2.5910108637186045 
 359.953  1.6111022774210468  2.589075230330568 
 359.662  1.6105492532942147  2.587139133731805 
 359.371  1.6099948362958778  2.585200838020015 
 359.08  1.6094404192839593  2.5832612069291265 
 358.79  1.608887398037154  2.58132110741046 
 358.501  1.6083329839290643  2.579378798702154 
 358.212  1.6077799685275544  2.5774360180610625 
 357.923  1.6072255602908987  2.5754910214660804 
 357.635  1.6066711557474196  2.573544676649455 
 357.347  1.6061181543654561  2.5715978545998013 
 357.06  1.6055637602152935  2.5696488063773755 
 356.773  1.6050098970016138  2.5677006775465734 
 356.487  1.6044555154833828  2.565748916235774 
 356.201  1.6039011414830262  2.5637957936720612 
 355.916  1.603348178183402  2.5618421849294375 
 355.631  1.6027938223040996  2.5598863327921784 
 355.346  1.6022408801834394  2.557929990858038 
 355.062  1.601686545587898  2.555971398571841 
 354.779  1.6011322224608346  2.5540114318072997 
 354.495  1.6005793177245107  2.552050969774597 
 354.213  1.6000250207005557  2.5500882468784902 
 353.931  1.599464522263783  2.5481496733866544 
 353.649  1.5989045448356574  2.5462120382042266 
 353.367  1.5983440411348828  2.5442707548198142 
 353.087  1.5977826499234826  2.542329521599532 
 352.806  1.5972226669254157  2.540387814437067 
 352.526  1.5966621601850213  2.5384424464160498 
 352.247  1.5961021777927964  2.536498011423409 
 351.968  1.5955416733767103  2.534549907080496 
 351.689  1.594980281080063  2.532601843368641 
 351.411  1.5944203045880103  2.530653296617797 
 351.133  1.5938598086930766  2.5287010676960473 
 350.856  1.5932984247306292  2.526748873602026 
 350.579  1.5927393548510622  2.524794774331446 
 350.302  1.5921779809423877  2.522839813186279 
 350.026  1.5916175078227957  2.520882046270322 
 349.751  1.5910575653113643  2.5189252025684543 
 349.476  1.5904962117247  2.516966070393207 
 349.201  1.5899357639529828  2.515004121964168 
 348.927  1.5893758489495409  2.5130430933877905 
 348.653  1.5888154227487197  2.511078343573572 
 348.379  1.588255530777838  2.5091145113458633 
 348.106  1.5876942280783939  2.507148372528728 
 347.834  1.5871338397220873  2.505179399801734 
 347.561  1.586573987819914  2.503211341222867 
 347.29  1.5860136295071963  2.5012395393049807 
 347.018  1.5854523826312987  2.499267744278564 
 346.748  1.5848925785305656  2.4972954341609777 
 346.477  1.5843322709715906  2.4953193673039125 
 346.207  1.5837710748278633  2.4933433011644035 
 345.938  1.5832122348994913  2.491365284484682 
 345.668  1.5826510775558549  2.4893863567732324 
 345.4  1.58208994012353  2.487405993930238 
 345.131  1.5815311666060041  2.485423672323523 
 344.863  1.5809700733838474  2.483440430720119 
 344.596  1.5804113492563903  2.4814552248344928 
 344.329  1.5798511673958002  2.479556353689481 
 344.062  1.5792940644445066  2.477898250935589 
 343.796  1.5787359622078814  2.4762405453365077 
 343.53  1.5781786908463353  2.474580364474238 
 343.264  1.5776213361024567  2.4729191414451264 
 342.999  1.5770638982831757  2.4712568743997716 
 342.735  1.5765063776976542  2.469593561483626 
 342.47  1.5759487746572987  2.467929200836977 
 342.207  1.575391089475775  2.466263790594929 
 341.943  1.5748324019816002  2.464598769441212 
 341.68  1.5742731114597632  2.462930333863547 
 341.418  1.5737151803033236  2.461261763550785 
 341.155  1.5731571682807342  2.459592136130106 
 340.894  1.572599075717173  2.457921449710407 
 340.632  1.572040902940166  2.456249702395286 
 340.371  1.5714826502796018  2.454576892283027 
 340.111  1.5709233923109431  2.4529044629805132 
 339.85  1.5703649801229984  2.451229522259534 
 339.591  1.5698064890538372  2.4495535130050814 
 339.331  1.5692479194429505  2.4478764332939744 
 339.072  1.5686892716322693  2.4461982811976175 
 338.814  1.5681305459661805  2.4445190547819813 
 338.555  1.5675717427915439  2.4428387521075803 
 338.298  1.5670128624577078  2.441157371229454 
 338.04  1.5664515222011681  2.43947542955578 
 337.783  1.56589248711465  2.4377918863598884 
 337.526  1.5653333759294321  2.436107259091568 
 337.27  1.5647741890049702  2.434421545783754 
 337.014  1.5642149267032903  2.432734744463806 
 336.759  1.5636555893890038  2.4310468531534877 
 336.504  1.5630961774293273  2.4293578698689444 
 336.249  1.562535753870388  2.427669248914131 
 335.995  1.5619761929471196  2.425978076433004 
 335.741  1.5614165584941513  2.424285805993122 
 335.487  1.5608568508892764  2.4225924355879567 
 335.234  1.560297070512977  2.42089796320526 
 334.981  1.55960938433552  2.4193493819015517 
 334.729  1.558778365515364  2.4179640180943034 
 334.477  1.5579445013378852  2.4165783805308183 
 334.225  1.557112597411962  2.4151914294769736 
 333.974  1.5562802505577578  2.4138036826295792 
 333.723  1.5554465161354158  2.412416602611954 
 333.472  1.5546132807478985  2.4110272608740333 
 333.222  1.5537786552562836  2.4096385848359136 
 332.972  1.5529445284961845  2.408247642703349 
 332.723  1.5521099552616664  2.4068558978930112 
 332.474  1.5512739880975033  2.4054648170671573 
 332.225  1.5504385192041958  2.404071463545146 
 331.977  1.5496026016863245  2.402677303166829 
 331.729  1.5487638158835328  2.401282856597723 
 331.482  1.5479269975665513  2.3998870785508633 
 331.234  1.547088778884287  2.3984919615770393 
 330.988  1.5462510576850268  2.39709456079481 
 330.741  1.5454128842375323  2.3956963461105354 
 330.495  1.5445733065288971  2.394298790719657 
 330.249  1.5437342258205973  2.3928989447885005 
 330.004  1.5428937382390222  2.3914997569511027 
 329.759  1.542053747330611  2.3900982740582823 
 329.515  1.5412133005028963  2.3886959701157093 
 329.27  1.5403699640954174  2.3872933682912367 
 329.026  1.5395286017962597  2.3858894181727592 
 328.783  1.5386867813501717  2.3844846426642703 
 328.54  1.5378435461203057  2.383080521582071 
 328.297  1.537000806560037  2.38167409176113 
 328.054  1.536156649555239  2.380268315121801 
 327.812  1.5353129878774643  2.3788602251383386 
 327.571  1.5344688643017388  2.3774513024479527 
 327.329  1.5336233192671298  2.3760430310497176 
 327.088  1.532778269039364  2.37463243935547 
 326.848  1.5319303074924682  2.3732215377022787 
 326.607  1.5310843267203602  2.3718092704787073 
 326.367  1.530237880246638  2.3703961631216255 
 326.128  1.5296023895180895  2.3690110742711714 
 325.888  1.529047978281907  2.3676333584167937 
 325.65  1.528494908858994  2.366255837057326 
 325.411  1.5279416916620938  2.364877547172204 
 325.173  1.5273868344047372  2.3634975231450794 
 324.935  1.5268333209913658  2.3621176918370352 
 324.697  1.5262786941324558  2.360738581919369 
 324.46  1.5257248845394675  2.3593572055335263 
 324.223  1.5251694321868525  2.3579740874057897 
 323.987  1.524615326405588  2.3565911596012614 
 323.751  1.5240610728787516  2.355207454528015 
 323.515  1.5235051745662054  2.35382200196404 
 323.28  1.5229506248872702  2.3524367379048745 
 323.045  1.5223959274851266  2.351050692780422 
 322.81  1.5218386123264551  2.349664393475739 
 322.575  1.5212836181568612  2.348276782424174 
 322.341  1.5207284762912245  2.346888386481775 
 322.108  1.5201731867406754  2.345499204366802 
 321.874  1.5196162476691253  2.3441082611901676 
 321.641  1.5190606620959575  2.342717502202818 
 321.408  1.5185049288745744  2.3413259531761863 
 321.176  1.5179465684871567  2.3399341411206285 
 320.944  1.5173905386478697  2.3385410081454787 
 320.712  1.5168343612021518  2.3371470812346278 
 320.481  1.5162765301686754  2.3357513814488815 
 320.25  1.5157200568648126  2.3343558620703635 
 320.019  1.515163436004085  2.3329595448279217 
 319.789  1.5146066676047827  2.3315624284056526 
 319.559  1.514048242904935  2.3301635311375724 
 319.329  1.513490197760939  2.3287663211920697 
 319.1  1.5129329854816398  2.327366799315997 
 318.871  1.5123741148636514  2.325965490567221 
 318.642  1.511816606985641  2.324564357714704 
 318.413  1.511258951691515  2.323162417711628 
 318.185  1.510701149004888  2.321759669217443 
 317.958  1.5101416852628475  2.3203551257444435 
 317.73  1.5095802401417573  2.318551811244779 
 317.503  1.5090188162154172  2.316611272460742 
 317.276  1.508455897237917  2.3146682686535986 
 317.05  1.5078935266325029  2.312726288962921 
 316.824  1.5073321672585749  2.310781309958265 
 316.598  1.5067693132684414  2.308833853573585 
 316.373  1.5062080023316837  2.306885897977618 
 316.147  1.5056451970984732  2.304935456698452 
 315.923  1.505083938671745  2.302984511986056 
 315.698  1.5045217132006676  2.3010335906918593 
 315.474  1.5039589881945665  2.2990786498445903 
 315.25  1.5033978156834547  2.2971231991780034 
 315.026  1.5028366745398773  2.295166240241015 
 314.803  1.502274040200207  2.293206770411132 
 314.58  1.5017129641215259  2.2912467843099438 
 314.358  1.501150395262309  2.289284278807721 
 314.135  1.5005883859667364  2.287322780916208 
 313.913  1.5000274149477293  2.28535823134903 
 313.692  1.4994649518165835  2.2833911495243884 
 313.47  1.4989040567242378  2.281423540525603 
 313.249  1.4983416699984804  2.2794533906298313 
 313.028  1.4977808552846164  2.2774827091455854 
 312.808  1.4972190739248987  2.2755120204746295 
 312.588  1.496656809586835  2.2735372452815996 
 312.368  1.496096123284234  2.2715619318227085 
 312.149  1.4955354827269782  2.2695850678252656 
 311.929  1.4949733521295692  2.2676056366964517 
 311.711  1.494412805675209  2.2656256605551697 
 311.492  1.4938507697661099  2.263643108427386 
 311.274  1.4932893055861558  2.2616615463366716 
 311.056  1.4927289084721913  2.259676878270117 
 310.838  1.4921670228318538  2.2576896208351753 
 310.621  1.4916067316961688  2.2557018069863153 
 310.404  1.4910449526898732  2.2537113947757255 
 310.187  1.4904847724001429  2.2517204215347664 
 309.971  1.4899238310069502  2.2497962179278432 
 309.754  1.4893723820682665  2.2482993778560054 
 309.539  1.4888182483309957  2.246802122253621 
 309.323  1.488266570581263  2.2453034060255 
 309.108  1.4877122052940361  2.243804270826857 
 308.893  1.4871602994778959  2.2423036717499225 
 308.678  1.4866057033813687  2.24080265024076 
 308.464  1.4860520200999983  2.2392991328635143 
 308.25  1.4854987441053213  2.237797247012894 
 308.036  1.4849448327711554  2.236291831665482 
 307.823  1.4843913290056179  2.234788047584617 
 307.609  1.483836158427153  2.2332822806478925 
 307.397  1.4832834596497484  2.231775038320513 
 307.184  1.482728060959311  2.2302673612722215 
 306.972  1.4821735821511082  2.228757171076887 
 306.76  1.48161951163393  2.227248611460868 
 306.548  1.4810648075681152  2.2257364992776614 
 306.337  1.480510512089547  2.2242260173839465 
 306.126  1.4799555835978295  2.2227119762628695 
 305.915  1.4794010639938064  2.22119956513277 
 305.704  1.4788459119226145  2.219683588084173 
 305.494  1.4782896081875931  2.21816820049234 
 305.284  1.477735794254539  2.2166513207135425 
 305.074  1.4771792665662418  2.2151339881761505 
 304.865  1.4766252323357802  2.2136151600426612 
 304.656  1.4760684815710656  2.212095875473645 
 304.447  1.4755142279390343  2.210575091882319 
 304.239  1.4749572549901455  2.209053848154921 
 304.03  1.4744001704765597  2.207531622129411 
 303.822  1.4738455886427066  2.2060078919082695 
 303.615  1.4732882833097485  2.2044836959564447 
 303.407  1.4727334843795459  2.2029579923395537 
 303.2  1.4721759591588286  2.201431819231569 
 302.994  1.4716209440834611  2.199904134971589 
 302.787  1.4710631999227306  2.1983759774358216 
 302.581  1.4705063979170783  2.1968452531562304 
 302.375  1.4699500075330474  2.1953161559662435 
 302.169  1.469392989760939  2.1937834346987377 
 301.964  1.4688363839544785  2.1922523401352474 
 301.759  1.4682791514125602  2.1907176144982237 
 301.554  1.4677223311852872  2.1891845151699694 
 301.349  1.4671648848871768  2.1876477777389125 
 301.145  1.466606273981407  2.1861116080570144 
 300.941  1.4660501922342795  2.1845739095187806 
 300.737  1.4654913673749823  2.183035718409251 
 300.534  1.4649340147540704  2.181497574507815 
 300.331  1.4643760377745534  2.179955774782668 
 300.128  1.4638184743712996  2.178415599905289 
 299.925  1.4632602873172917  2.1768717620567095 
 299.723  1.4627009313607313  2.175328484299222 
 299.521  1.4621441181763006  2.173783665022247 
 299.319  1.461584552013888  2.1722383392909808 
 299.117  1.4610275325611126  2.170691468380897 
 298.916  1.4604677573053264  2.169144086991099 
 298.715  1.4599105327181918  2.167595156744339 
 298.514  1.459350549500132  2.1660457119660093 
 298.314  1.4587915324541205  2.1644936440562357 
 298.113  1.4582329309010897  2.1629431986911682 
 297.914  1.4576737094285233  2.161389054094406 
 297.714  1.457114903849205  2.159836531550358 
 297.515  1.4565544049386323  2.1582818941338813 
 297.315  1.4559964707242334  2.156725694834979 
 297.117  1.4554357679575043  2.1551689666126066 
 296.918  1.454876039789216  2.1536095958071773 
 296.72  1.4543167285404561  2.1520518457770983 
 296.522  1.4537568001831158  2.150490370608214 
 296.324  1.453197289166449  2.148930515684655 
 296.126  1.4526371618767806  2.1473669281390704 
 295.929  1.452077452355108  2.145804960297674 
 295.732  1.4515171274104015  2.144239252314383 
 295.535  1.4509556207797982  2.142674080086024 
 295.339  1.4503966993656867  2.14110732695278 
 295.142  1.4499171878489725  2.1395980584258982 
 294.947  1.4496303745981824  2.1382278229781004 
 294.751  1.4493463893211007  2.136856325595643 
 294.555  1.449062545987116  2.1354840814631846 
 294.36  1.448776152745593  2.1341116045709327 
 294.165  1.448492593877593  2.1327378635261853 
 293.971  1.4482091789966107  2.1313633726162315 
 293.776  1.4479232118720262  2.129988644917575 
 293.582  1.4476400855640148  2.1286126508436873 
 293.388  1.447357105312208  2.1272359037722484 
 293.194  1.4470731777493702  2.1258600099163774 
 293.001  1.4467888829668911  2.1244806593322014 
 292.808  1.4465063435968832  2.1231016466636787 
 292.615  1.4462228563403166  2.1217234858013767 
 292.422  1.4459390049030403  2.1203418606205924 
 292.23  1.4456569127449495  2.1189605728675693 
 292.038  1.4453738721352816  2.1175801354969632 
 291.846  1.4450904704227197  2.1161962261819096 
 291.655  1.4448088318852161  2.114812653804947 
 291.463  1.444526244341856  2.1134299303720447 
 291.272  1.4442432988128149  2.112043727332775 
 291.081  1.4439621203841961  2.1106578607402064 
 290.891  1.443679992406411  2.109272841638695 
 290.7  1.443399124447155  2.107885441017802 
 290.51  1.4431167978493582  2.1064961647805074 
 290.32  1.4428351360173695  2.105108840351553 
 290.131  1.4425547391595661  2.1037191294162167 
 289.941  1.4422728841324304  2.102327536875184 
 289.752  1.4419916951085225  2.1009378974072392 
 289.563  1.441711776058159  2.0995458664255877 
 289.375  1.4414303993327497  2.098151947815165 
 289.186  1.4411496898623994  2.0967599835437745 
 288.998  1.4408702554091648  2.0953656227310002 
 288.81  1.440588248795096  2.0939709889505442 
 288.623  1.4403091407136834  2.0925750693400196 
 288.435  1.440030197732122  2.091178368858193 
 288.248  1.439748680333803  2.0897813910844665 
 288.061  1.4394700683526829  2.0883831252151213 
 287.874  1.43919162380336  2.0869840751730115 
 287.688  1.4389122268453136  2.085585864107479 
 287.502  1.438632493728851  2.0841841214279735 
 287.316  1.4383545546595393  2.0827827118808724 
 287.13  1.4380756627175835  2.0813821397572854 
 286.945  1.4377964380543602  2.079978028076692 
 286.759  1.437519011601242  2.0785742490262438 
 286.574  1.4372406318244548  2.0771713058308787 
 286.39  1.4369619228077264  2.0757648150981067 
 286.205  1.4366850161966163  2.074358656492139 
 286.021  1.4364071558239777  2.0729533321573665 
 285.837  1.4361289697374922  2.0715444522672617 
 285.653  1.4358525902850743  2.070135903999628 
 285.469  1.4355752566467104  2.068728188403752 
 285.286  1.435297600865961  2.0673169091969386 
 285.103  1.435021755981048  2.065905961107361 
 284.92  1.434744956499493  2.0644958440744636 
 284.738  1.4344694722269498  2.0630832912781454 
 284.555  1.434192535677798  2.0616687972111114 
 284.373  1.4339162778692758  2.060256268510905 
 284.191  1.433641340719034  2.0588412988423053 
 284.009  1.4333649520512817  2.057424381543335 
 283.828  1.4330892435270066  2.056009430891018 
 283.647  1.4328148611598193  2.0545920340448203 
 283.466  1.4325390280640777  2.053172683172746 
 283.285  1.4322638765315732  2.0517553002288675 
 283.104  1.4319900567050954  2.0503354658451047 
 282.924  1.431714786969369  2.0489136710039166 
 282.744  1.4314402002338094  2.0474938453742437 
 282.564  1.431166950803945  2.0460715630381703 
 282.385  1.430892252314986  2.04464731377689 
 282.205  1.4306182382805543  2.0432250350122856 
 282.026  1.4303455672028247  2.0418002942542572 
 281.847  1.4300730912283168  2.040374731821416 
 281.668  1.4295934449075258  2.0390972065408177 
 281.49  1.4290450480760175  2.0378713770575874 
 281.312  1.4284936865628466  2.0366453330292713 
 281.134  1.4279438031590248  2.0354197368062095 
 280.956  1.4273932617634562  2.03419063111787 
 280.778  1.426843044961211  2.03296361869911 
 280.601  1.4262910128428856  2.0317347398999663 
 280.424  1.425739970440858  2.0305034999508615 
 280.247  1.4251892524107768  2.029274354341273 
 280.07  1.4246367166395202  2.0280433364199673 
 279.894  1.4240868243860036  2.026811111916898 
 279.717  1.423533953126767  2.0255786619395257 
 279.541  1.4229809132748898  2.0243454941152312 
 279.366  1.4224305214769184  2.0231111161844515 
 279.19  1.4218771458618937  2.0218765090688318 
 279.015  1.4213252569223656  2.0206423448907103 
 278.839  1.4207727097856246  2.0194046382217676 
 278.665  1.4202188294097675  2.018167863040647 
 278.49  1.4196664378844737  2.0169315295407504 
 278.315  1.4191133881336355  2.0156916451630513 
 278.141  1.4185606618665991  2.014453859336422 
 277.967  1.4180061081175628  2.013214177045929 
 277.793  1.4174525553851196  2.011972103874158 
 277.62  1.4168993259140812  2.0107321302888104 
 277.446  1.4163442665147716  2.0094902540916357 
 277.273  1.4157918735870303  2.0082471534437873 
 277.1  1.4152364774201365  2.0070038084220356 
 276.927  1.4146820861416498  2.0057580623918954 
 276.755  1.4141280177535538  2.004514417657203 
 276.582  1.4135721153527196  2.0032688599643236 
 276.41  1.4130188872310439  2.0020220717243995 
 276.239  1.4124626476920872  2.000775032612448 
 276.067  1.4119062387261583  1.9995272508655257 
 275.895  1.4113525087619496  1.9982782348783787 
 275.724  1.4107957624485832  1.9970289640720984 
 275.553  1.4102405175743364  1.9957801275211489 
 275.382  1.4096846145094906  1.9945276915562669 
 275.212  1.409127361117333  1.9932761775151728 
 275.041  1.4085716114339306  1.992025096362388 
 274.871  1.40801520360092  1.9907704070463126 
 274.701  1.407459117768794  1.9895178230391686 
 274.531  1.4069011880767248  1.9882633007254598 
 274.362  1.4063442752138715  1.9870063463478997 
 274.192  1.4057876841299815  1.9857514982624427 
 274.023  1.405229246714563  1.9844947054154563 
 273.854  1.4046735074847112  1.9832366632929619 
 273.686  1.4041147319979947  1.9819783501879633 
 273.517  1.4035557866117863  1.9807192749431786 
 273.349  1.402999544282708  1.9794589465956314 
 273.181  1.4024402606729647  1.9781983431285282 
 273.013  1.4018824900007254  1.9769381669062474 
 272.845  1.4013240614596285  1.9756743469574405 
 272.678  1.400764269509719  1.974411441097092 
 272.51  1.4002059928433583  1.973148961025106 
 272.343  1.3996470584075853  1.9718828281895975 
 272.176  1.3990884448663081  1.9706188054919258 
 272.01  1.3985279750761848  1.9693528117304664 
 271.843  1.3979685345756718  1.9680843537977868 
 271.677  1.3974094147497271  1.9668180069419678 
 271.511  1.3968484361869884  1.9655496823224885 
 271.345  1.3962901804781467  1.9642800890147247 
 271.18  1.3957288632109959  1.9630102036414023 
 271.014  1.395167375722907  1.9617395357899943 
 270.849  1.394608616117887  1.9604675952818624 
 270.684  1.3940467898377014  1.9591953583695527 
 270.519  1.3934864883856455  1.9579235412327411 
 270.354  1.3929255296909506  1.956648034589976 
 270.19  1.3923631942792463  1.9553734335884556 
 270.026  1.3918023861233229  1.9540992508106068 
 269.862  1.3912409208888656  1.9528213691875913 
 269.698  1.390679775455727  1.951545602301312 
 269.534  1.3901179730632032  1.9502661303097453 
 269.371  1.389879382082505  1.9489137222406863 
 269.207  1.3897291793581021  1.9475413197052698 
 269.044  1.3895775868813218  1.9461669686753285 
 268.882  1.389426306359921  1.9447918811032128 
 268.719  1.3892753388924293  1.943416056137922 
 268.556  1.3891263887698753  1.942040711204797 
 268.394  1.3889760512366955  1.9406634099990352 
 268.232  1.3888248095964282  1.9392870730633345 
 268.07  1.3886751048189274  1.9379082916236927 
 267.909  1.3885274238918912  1.9365299912213731 
 267.747  1.3883783579599935  1.9351497267270272 
 267.586  1.3882296128816323  1.933768718870353 
 267.425  1.3880811897876257  1.9323869667957891 
 267.264  1.3879347971133835  1.9310056967907085 
 267.103  1.3877870219105628  1.9296224548298015 
 266.943  1.3876395721090715  1.9282384660832403 
 266.782  1.3874941576951092  1.9268549601975913 
 266.622  1.3873473626554635  1.9254694764308964 
 266.462  1.387200896471494  1.924083243306099 
 266.303  1.3870547603030965  1.9226962599639812 
 266.143  1.3869094311876164  1.9213114714478643 
 265.984  1.3867639579256448  1.9199229867371244 
 265.824  1.3866188181819041  1.9185337492304326 
 265.665  1.3864740131332522  1.917143758066626 
 265.507  1.3863312568948662  1.91575425194457 
 265.348  1.386187125295417  1.9143627520234434 
 265.19  1.3860433319471688  1.9129704958611384 
 265.031  1.3859015925096405  1.91157872558803 
 264.873  1.3857584797610012  1.9101849555028751 
 264.716  1.385615708858646  1.9087904265884843 
 264.558  1.3854732810097545  1.9073951379805745 
 264.4  1.3853329139304484  1.9060003364162943 
 264.243  1.3851899275787365  1.9046052439982373 
 264.086  1.3850485355266262  1.9032076727894023 
 263.929  1.3849074913983395  1.9018093384278145 
 263.773  1.3847685149633997  1.9004114922915876 
 263.616  1.3846281708837966  1.89901163019214 
 263.46  1.384488178429209  1.897611002342216 
 263.303  1.3843485388424654  1.8962096078744217 
 263.147  1.3842109739418524  1.8948087028460292 
 262.992  1.3840720443448746  1.8934057737149212 
 262.836  1.3839334713712128  1.8920020753639715 
 262.681  1.383796978372446  1.8905988673837484 
 262.525  1.383659122939767  1.8891936291694522 
 262.37  1.3835216279271254  1.8877876191304264 
 262.216  1.3833832305957081  1.8863825600056365 
 262.061  1.3832481831763752  1.8849762694158096 
 261.906  1.3831117764051617  1.8835679403808725 
 261.752  1.3829757351790317  1.8821588360427988 
 261.598  1.3828400607916276  1.880748955530799 
 261.444  1.3827064806724265  1.879339567958257 
 261.29  1.382571544366326  1.8779281336865603 
 261.137  1.3824369788079691  1.8765159206294268 
 260.983  1.3823027853100067  1.875102927915106 
 260.83  1.3821706933330837  1.8736904294757062 
 260.677  1.3820372484156886  1.8722758760418852 
 260.524  1.3819041795251426  1.8708605403367344 
 260.371  1.3817732176414883  1.8694456999312155 
 260.219  1.3816396256464973  1.8680305284327112 
 260.066  1.3815076921283067  1.866612842399216 
 259.914  1.381376139991269  1.8651943706051597 
 259.762  1.38124670223767  1.8637763955052224 
 259.61  1.381115917422481  1.8623563507980263 
 259.459  1.3809855180574861  1.8609355177126645 
 259.307  1.3808555055090945  1.8595138953755568 
 259.156  1.3807276147952865  1.8580927711657136 
 259.005  1.3805983804977708  1.8566695689414063 
 258.854  1.3804695371457485  1.855245574846467 
 258.703  1.380341086125734  1.8538207880069666 
 258.553  1.3802147644651954  1.8523965007653502 
 258.402  1.3800858083234413  1.8509718631939727 
 258.252  1.3799084242418274  1.849604622424361 
 258.102  1.3796236931142372  1.8483699669173828 
 257.952  1.379339092215994  1.8471346272849853 
 257.802  1.3790528837802862  1.8458973038234614 
 257.653  1.378768544712802  1.844660592057373 
 257.504  1.3784856386827629  1.84342145372528 
 257.354  1.3781998255264738  1.8421820645856921 
 257.205  1.3779158854837126  1.8409432874122884 
 257.057  1.3776320796255992  1.8397038204052178 
 256.908  1.3773466666728795  1.83846235756811 
 256.759  1.3770631306041665  1.8372215069689741 
 256.611  1.3767797307338387  1.8359799636596095 
 256.463  1.3764977759464978  1.8347359829647576 
 256.315  1.3762129072627827  1.8334917414912677 
 256.167  1.375929920532692  1.8322481126247885 
 256.019  1.3756470727272396  1.8310037871896996 
 255.872  1.3753626184620844  1.8297574517577133 
 255.725  1.3750800499838365  1.8285117292113686 
 255.578  1.3747976225032086  1.827265307184612 
 255.431  1.3745149045446907  1.8260151211902658 
 255.284  1.3742327616363748  1.824767295617372 
 255.137  1.373950761826676  1.8235187676369289 
 254.991  1.3736671562059757  1.8222682173705966 
 254.844  1.3733854441225803  1.8210182805583741 
 254.698  1.3731038772630764  1.8197676383964227 
 254.552  1.3728207049528234  1.8185149677545047 
 254.407  1.3725407533306582  1.8172611588743899 
 254.261  1.3722596269382343  1.8160083930766018 
 254.116  1.3719768954835843  1.8147535925686369 
 253.97  1.3716960654287225  1.8134994060965772 
 253.825  1.371415384930787  1.8122445083445164 
 253.68  1.3711330997821385  1.810987569620006 
 253.535  1.3708540498056847  1.8097294896941496 
 253.391  1.37057382289445  1.8084724504408431 
 253.246  1.3702919917731833  1.8072133639163135 
 253.102  1.3700120700287552  1.8059548920237392 
 252.958  1.3697323022839847  1.8046957028596775 
 252.814  1.369450930793666  1.8034344600931962 
 252.67  1.3691714727117887  1.8021738322614078 
 252.527  1.3688935084458282  1.8009107244572478 
 252.383  1.3686126044887683  1.7996473157720456 
 252.24  1.3683336180027126  1.798384522330081 
 252.097  1.3680547900717601  1.7971210055637012 
 251.954  1.3677743594090572  1.795855422425997 
 251.811  1.3674958503084857  1.794590454842254 
 251.668  1.3672175020828805  1.7933247608845841 
 251.526  1.3669388970883318  1.792055230279766 
 251.383  1.3666608734929662  1.7907880787900496 
 251.241  1.36638301312397  1.789520197861354 
 251.099  1.3661035511492685  1.788250237652058 
 250.957  1.3658260190114482  1.7869808936327944 
 250.816  1.3655486524789469  1.7857108170941531 
 250.674  1.365271037185306  1.78443688736168 
 250.533  1.3649940048162015  1.7831653409552835 
 250.391  1.3647171404637517  1.7818930589335487 
 250.25  1.3644386757476201  1.7806186845801433 
 250.109  1.3641621492668934  1.7793449270707662 
 249.969  1.3638857932424897  1.7780704308347 
 249.828  1.3636078375185468  1.7767938356888815 
 249.688  1.3633331845786696  1.7755160861488741 
 249.547  1.3630573454233283  1.7742393657318314 
 249.407  1.3627799072661573  1.7729605397888462 
 249.267  1.3625044158694721  1.7716823313629935 
 249.128  1.3622290999041038  1.770403377941181 
 248.988  1.3619521856624162  1.769122312343223 
 248.848  1.3616772224913818  1.767841864605498 
 248.709  1.3614038057631948  1.766558892974279 
 248.57  1.3611274242154094  1.7652755776227333 
 248.431  1.3608529980826036  1.7639928804817813 
 248.292  1.3605787524835342  1.7627094320135832 
 248.153  1.360302910157196  1.7614238579575716 
 248.015  1.360029027621795  1.7601389024659062 
 247.876  1.3599862529231486  1.758903808666053 
 247.738  1.3599720970906881  1.7576757678437867 
 247.6  1.3599565647212581  1.756445802730174 
 247.462  1.3599432160300546  1.7552166677724343 
 247.324  1.3599302726970761  1.7539869858690353 
 247.187  1.3599159551059496  1.7527553751027916 
 247.049  1.3599038254306686  1.7515245971498563 
 246.912  1.3598903230346115  1.7502918872814273 
 246.775  1.3598790113912418  1.7490600120128588 
 246.638  1.359868110571519  1.747827588221834 
 246.501  1.3598558393658589  1.746593227931857 
 246.364  1.3598457631829282  1.7453597049452472 
 246.228  1.359834318189069  1.744124242399242 
 246.091  1.359825071076445  1.7428896189742076 
 245.955  1.3598162403269376  1.741654445479036 
 245.819  1.3598060431582177  1.740417327829624 
 245.683  1.3597980481733039  1.7391810520517774 
 245.547  1.3597886883823984  1.7379428290518426 
 245.412  1.3597815336555332  1.7367054497728145 
 245.276  1.3597748009061044  1.7354675189064288 
 245.141  1.3597667058001444  1.7342276362123217 
 245.006  1.359760820093417  1.732988600037843 
 244.87  1.359755359768803  1.7317490113812644 
 244.736  1.359747135910323  1.7305092526815125 
 244.601  1.3597425282237834  1.7292685572404325 
 244.466  1.3597365623378443  1.7280259022822366 
 244.332  1.359732813120046  1.7267840985703318 
 244.197  1.3597294950181014  1.7255417409098457 
 244.063  1.3597248212604038  1.7242974191106468 
 243.929  1.3597223685583946  1.7230539514356624 
 243.795  1.3597185619159138  1.7218085165368069 
 243.662  1.359716979266102  1.7205639376973276 
 243.528  1.359715833544763  1.7193188034777989 
 243.395  1.359713336486622  1.718071697403686 
 243.261  1.359713067841503  1.7168254503178104 
 243.128  1.3597114496151796  1.7155772282863317 
 242.995  1.3597120627607586  1.7143298672125842 
 242.862  1.3597131187251144  1.7130819493629534 
 242.73  1.3597128277728425  1.7118320519285821 
 242.597  1.3597147726456784  1.710583018432864 
 242.465  1.3597171639088892  1.7093334273419076 
 242.332  1.3597182109570178  1.708081852022365 
 242.2  1.3597214983031818  1.7068311436541839 
 242.068  1.3597234432555958  1.7055784479580098 
 241.936  1.3597276315000129  1.704326621239202 
 241.805  1.359732272150999  1.7030742355895465 
 241.673  1.359735573172112  1.7018198579607924 
 241.542  1.3597411219910516  1.7005663523760206 
 241.411  1.3597453330433091  1.6993108517081446 
 241.279  1.3597517949093085  1.6980562251465896 
 241.148  1.3597587152777388  1.6968010383582888 
 241.018  1.359764300706589  1.6955438518292822 
 240.887  1.3597721414879074  1.694287542528307 
 240.756  1.3597786492352923  1.6930292303785417 
 240.626  1.3597874153730076  1.6917717975562792 
 240.496  1.3597966461894282  1.690513803252732 
 240.366  1.3598045468631388  1.6892538014370921 
 240.236  1.3598147104987994  1.6879946821269711 
 240.106  1.3598250528756353  1.6867353599270467 
 239.976  1.3598343574586504  1.6854736662804854 
 239.846  1.3598457844904863  1.6842130380674964 
 239.717  1.3598560312561667  1.682950214873801 
 239.588  1.3598685486477862  1.6816882795576105 
 239.459  1.3598815407683795  1.6804257808432308 
 239.33  1.3598932106459314  1.679161262166591 
 239.201  1.3599070100074684  1.6778978144891459 
 239.072  1.3599196347778564  1.6766321639090485 
 238.943  1.3599345378930991  1.675367406676672 
 238.815  1.3599499221258302  1.674102084907026 
 238.687  1.3599639891961681  1.672834735384926 
 238.558  1.3599801928350883  1.6715684625236753 
 238.43  1.3599952276741714  1.6702999788350958 
 238.302  1.3599949827777258  1.669366452634228 
 238.175  1.3599870257532116  1.668534299982193 
 238.047  1.3599809211406397  1.667703542559811 
 237.92  1.3599733617429284  1.6668708842169995 
 237.792  1.3599678027008577  1.6660394426252334 
 237.665  1.3599604953678817  1.6652064583592194 
 237.538  1.359955336510791  1.6643745123331406 
 237.411  1.3599485768255495  1.6635408415815456 
 237.284  1.3599436723327987  1.6627085709522333 
 237.157  1.359937314655539  1.6618743935064764 
 237.031  1.3599328130983146  1.6610416178234353 
 236.904  1.3599268588998248  1.6602069333541356 
 236.778  1.3599211069460726  1.6593719947972583 
 236.652  1.3599172125055565  1.6585384604732212 
 236.526  1.359911866247184  1.6577030144027305 
 236.4  1.3599085264213648  1.6568687939102265 
 236.274  1.3599034393513396  1.6560330203107676 
 236.149  1.3599005078117445  1.6551982936031082 
 236.023  1.3598958292320105  1.6543620118833169 
 235.898  1.359893307468535  1.6535267786454841 
 235.773  1.3598891873106334  1.6526898080899437 
 235.648  1.3598869283810657  1.6518542484074346 
 235.523  1.3598832198862558  1.6510167690632975 
 235.398  1.3598815222555676  1.6501805218133316 
 235.273  1.3598780782227124  1.6493427138198713 
 235.149  1.3598767948698014  1.6485059591112687 
 235.024  1.3598737653359143  1.6476676417435883 
 234.9  1.359872897771906  1.6468303792724255 
 234.776  1.359870433408949  1.6459913716845063 
 234.652  1.3598698339938053  1.6451537816892194 
 234.528  1.3598677873468175  1.644314264082 
 234.404  1.3598677560058134  1.643475985168109 
 234.281  1.3598659791736936  1.6426361378327303 
 234.157  1.3598663681872458  1.6417973502618313 
 234.034  1.359865011948339  1.6409569923435703 
 233.911  1.3598658228490066  1.640117695823323 
 233.787  1.359865038621993  1.639276646349357 
 233.665  1.3598661230660238  1.6384370212683237 
 233.542  1.3598657626938437  1.637595460590591 
 233.419  1.3598674220792073  1.6367551452897127 
 233.296  1.3598673369548897  1.6359132538483765 
 233.174  1.3598694228576247  1.635072428739207 
 233.052  1.3598697645071465  1.6342300255535396 
 232.929  1.3598722784814454  1.633388690355825 
 232.807  1.359873199076539  1.6325455943301126 
 232.685  1.3598741837732715  1.6317024225308432 
 232.564  1.3598773427445818  1.6308603212139487 
 232.442  1.3598789090117311  1.6300164561055621 
 232.32  1.359882349075618  1.6291740248750044 
 232.199  1.3598843477809932  1.6283296470124644 
 232.078  1.359888372380897  1.6274865238571916 
 231.956  1.3598906539371673  1.6266418138808727 
 231.835  1.3598951136708308  1.6257981794139769 
 231.714  1.3598978306423908  1.6249529561762335 
 231.594  1.3599027270940727  1.6241088101349292 
 231.473  1.3599060326985792  1.6232628923775685 
 231.352  1.3599112158292714  1.6224184154952899 
 231.232  1.3599149602182903  1.621571983917308 
 231.112  1.359920734973866  1.6207268139362228 
 230.991  1.35992476783999  1.6198800493199026 
 230.871  1.3599309840996254  1.6190343669960114 
 230.751  1.3599354587699846  1.6181870880772495 
 230.632  1.3599421181400249  1.6173408931611102 
 230.512  1.3599471886005097  1.6164929185686 
 230.392  1.3599541403180209  1.615646391933621 
 230.273  1.3599596559979228  1.6147979025073038 
 230.154  1.3599672065238528  1.6139506816567513 
 230.035  1.359973016389632  1.6131018583176682 
 229.915  1.3599810148785425  1.612254124147329 
 229.797  1.3599872730264795  1.6114047855191442 
 229.678  1.3599957211069824  1.6105565377934736 
 229.559  1.3599960180769346  1.6096664776235845 
 229.44  1.359987047088079  1.60870282160732 
 229.322  1.3599765417903797  1.6077372901752698 
 229.204  1.359966315215753  1.606771414520906 
 229.085  1.3599563679622073  1.605805194524217 
 228.967  1.3599485140203624  1.6048401667412842 
 228.849  1.3599391273974177  1.603873258779025 
 228.732  1.3599300218962327  1.6029060061197247 
 228.614  1.3599231660656899  1.6019397671579696 
 228.496  1.3599146249133633  1.60097182581495 
 228.379  1.3599063666947295  1.6000035394263536 
 228.261  1.3598983920164551  1.599034907876917 
 228.144  1.359892516183578  1.5980674752876058 
 228.027  1.3598851105951686  1.5970981541591094 
 227.91  1.3598779903738232  1.5961284875294806 
 227.793  1.3598729713761675  1.5951600227812401 
 227.677  1.3598665787653887  1.5941894843597115 
 227.56  1.3598603186102962  1.593218781627588 
 227.443  1.3598561620613958  1.5922492837167015 
 227.327  1.3598504783435057  1.5912778900779905 
 227.211  1.3598450836799396  1.59030615027689 
 227.095  1.3598399786898736  1.5893340642052811 
 226.979  1.3598369804902042  1.5883631869030195 
 226.863  1.3598324568859945  1.5873904090678512 
 226.747  1.3598282248195788  1.586417284643598 
 226.631  1.3598262577803053  1.5854451902695308 
 226.516  1.3598226109475544  1.5844713734379126 
 226.4  1.359819257528393  1.5834972097054891 
 226.285  1.3598161981508472  1.5825226989694097 
 226.17  1.359815251152774  1.5815494039920728 
 226.055  1.3598127819181913  1.5805742000513896 
 225.94  1.359810608616112  1.5795986488044742 
 225.825  1.3598105500950615  1.578624316343136 
 225.71  1.3598091274569923  1.5776478894592882 
 225.595  1.3598078460348173  1.5766712967951977 
 225.481  1.3598086817991446  1.5756959259629781 
 225.366  1.3598079981246074  1.5747186389205063 
 225.252  1.359807614198912  1.5737410039880568 
 225.138  1.3598075306628585  1.5727630210706955 
 225.024  1.3598095675277078  1.5717862640766052 
 224.91  1.3598100868605758  1.5708075860294812 
 224.796  1.3598109085123427  1.5698285597189148 
 224.682  1.3598140107163503  1.5688505804379478 
 224.569  1.359815439217102  1.5678708584361147 
 224.455  1.3598171719777397  1.5668907878998897 
 224.342  1.3598192096480903  1.5659103687401643 
 224.229  1.3598233733599068  1.5649311827476367 
 224.116  1.3598260229602999  1.563950067208038 
 224.003  1.3598289794267795  1.5629686027840985 
 223.89  1.3598340643577955  1.5619883746647545 
 223.777  1.3598377953169656  1.5610060312415532 
 223.664  1.3598416765830164  1.5600235207752824 
 223.552  1.3598458673422658  1.559040661088683 
 223.439  1.3598521898034603  1.5580590419214755 
 223.327  1.3598570016807212  1.5570754846891917 
 223.215  1.3598621250348695  1.5560915779941589 
 223.103  1.3598693825223165  1.5551089150029418 
 222.991  1.359875130970853  1.5541243102895583 
 222.879  1.3598811928917292  1.5531393558791278 
 222.767  1.359889551048871  1.5521554661347232 
 222.655  1.3598962421789116  1.5511698132352645 
 222.544  1.359903248788677  1.5501838104128165 
 222.432  1.3599105715501936  1.5491974575934389 
 222.321  1.3599200341324964  1.5482123559883283 
 222.21  1.3599279913591302  1.547225304111227 
 222.099  1.3599362667605488  1.5462379020223955 
 221.988  1.3599466844252937  1.5452517544009938 
 221.877  1.359955598346894  1.5442636528375129 
 221.766  1.35996499318485  1.543275018487719 
 221.655  1.359974548323212  1.542286216007562 
 221.545  1.3599862489876744  1.5412986723654714 
 221.435  1.3599964480908397  1.5403091698810663 
 221.324  1.359993431791674  1.5393346401989707 
 221.214  1.3599826052327062  1.5383652643424899 
 221.104  1.359972074303874  1.5373955388534146 
 220.994  1.3599618396465856  1.5364254636313877 
 220.884  1.359951901903551  1.5354550385768664 
 220.774  1.3599422617187842  1.5344842635911267 
 220.665  1.3599330815927668  1.533512956062126 
 220.555  1.359924038576503  1.532541480906219 
 220.446  1.3599152950585158  1.5315696555279783 
 220.336  1.359906851688045  1.5305974798320066 
 220.227  1.3598987091156407  1.5296249537237505 
 220.118  1.3598908679931654  1.5286520771095051 
 220.009  1.3598834915192979  1.5276786672945055 
 219.9  1.3598762553730535  1.526705089376281 
 219.791  1.3598693226403462  1.52573116067619 
 219.682  1.3598626939782996  1.524756881103974 
 219.574  1.3598563700453554  1.5237822505702483 
 219.465  1.3598505146258468  1.5228070863140153 
 219.357  1.3598448022479381  1.5218317535788028 
 219.249  1.3598393965825224  1.5208560696193179 
 219.141  1.359834298293331  1.5198800343497234 
 219.032  1.35982950804542  1.5189036476850826 
 218.925  1.3598250265051732  1.5179269095413634 
 218.817  1.359822845703435  1.5169512753206638 
 218.709  1.359818983832585  1.5159738351276 
 218.601  1.3598154326756822  1.514996043210329 
 218.494  1.3598121929044267  1.5140178994884919 
 218.386  1.3598092651918514  1.5130394038826624 
 218.279  1.359806650212324  1.5120605563143503 
 218.172  1.3598045131697913  1.5110811738741678 
 218.065  1.3598025258026933  1.5101016221365318 
 217.958  1.3598008531999055  1.5091217182067163 
 217.851  1.359799496041147  1.508141462010032 
 217.744  1.3597984550074764  1.5071608534727536 
 217.637  1.359797730781295  1.5061798925221246 
 217.531  1.3597974892840112  1.505198396180085 
 217.424  1.3597974008441058  1.5042167301763352 
 217.318  1.359797631267095  1.503234711546937 
 217.212  1.3597981812407598  1.5022523402230659 
 217.106  1.3597990514542273  1.5012696161368937 
 217.0  1.3598002425979743  1.500286539221595 
 216.894  1.3598019213159391  1.4993029264343212 
 216.788  1.3598037565166359  1.4983191436528982 
 216.682  1.3598059147272854  1.4973350078480465 
 216.576  1.3598083966437702  1.496350518957006 
 216.471  1.3598130331832077  1.4953673412292094 
 216.365  1.359816331265653  1.4943819641499898 
 216.26  1.3598197887177437  1.4933964168258773 
 216.155  1.3598235726718175  1.4924105161764123 
 216.05  1.3598276838305332  1.491424262144046 
 215.945  1.3598321228979091  1.4904376546722893 
 215.84  1.3598368905793239  1.4894506937057177 
 215.735  1.3598421548563793  1.4884631960933539 
 215.63  1.3598475820085574  1.487475527964921 
 215.526  1.3598533398992196  1.48648750618196 
 215.421  1.3598594292391941  1.4854991306933663 
 215.317  1.3598658507406736  1.48451040144913 
 215.212  1.359872605117217  1.4835213184003408 
 215.108  1.35987986108739  1.4825316983427568 
 215.004  1.3598872834821547  1.4815419075329845 
 214.9  1.3598950409010018  1.480551762778707 
 214.796  1.3599031340629597  1.4795612640354774 
 214.692  1.3599115636884276  1.4785704112599793 
 214.589  1.3599203304991752  1.4775792044100327 
 214.485  1.3599296039558513  1.4765874602323825 
 214.381  1.3599390474307544  1.4755955451026774 
 214.278  1.359948830264618  1.4746032757789815 
 214.175  1.3599607855691178  1.473612343286311 
 214.072  1.359971249389585  1.4726193666953686 
 213.968  1.35998222410652  1.471625852547351 
 213.865  1.3599933718692685  1.4706321673104874 
 213.762  1.3600955484294994  1.4696026336590924 
 213.66  1.3603586757300454  1.4685134410804699 
 213.557  1.3606223926171521  1.4674240339081353 
 213.454  1.3608868699583825  1.4663342295756188 
 213.352  1.3611499369955131  1.465242693543595 
 213.249  1.3614154280999122  1.4641526450027222 
 213.147  1.3616815121844226  1.4630623843927009 
 213.045  1.3619483606698286  1.4619717292517094 
 212.943  1.362215633395198  1.4608810464463835 
 212.841  1.362481671113752  1.45978844498815 
 212.739  1.362750306961679  1.458697158125754 
 212.637  1.363019369175977  1.4576058454701937 
 212.535  1.3632890294539886  1.4565143246221774 
 212.434  1.36355946004878  1.4554224132836897 
 212.332  1.3638303191313979  1.454330478048937 
 212.231  1.3640999497716224  1.4532366197446798 
 212.129  1.3643721829827073  1.452144088476415 
 212.028  1.3646448468018493  1.4510515352332745 
 211.927  1.3649181137594828  1.4499587777825769 
 211.826  1.3651921569439163  1.4488656339982606 
 211.725  1.3654648051055467  1.447770746348305 
 211.624  1.3657398869502049  1.4466773789642107 
 211.523  1.3660157479749582  1.4455836273684013 
 211.423  1.366292043835412  1.4444898577172316 
 211.322  1.3665689478980165  1.4433958879528137 
 211.221  1.3668466340891878  1.442301536129301 
 211.121  1.3671229311095872  1.4412054360033717 
 211.021  1.367401665251535  1.4401108686947237 
 210.921  1.3676810109647974  1.4390161040633598 
 210.821  1.3679611427361358  1.4379209602881358 
 210.72  1.3682417142542806  1.4368258031596914 
 210.621  1.368521075173577  1.435728711558783 
 210.521  1.3688030500756518  1.4346329809036205 
 210.421  1.3690854668227879  1.4335372389531327 
 210.321  1.369368500181092  1.4324413039591581 
 210.222  1.3696523254799906  1.4313449942947878 
 210.122  1.3699365947150455  1.4302486754195771 
 210.023  1.3702110680742923  1.4293527804825834 
 209.924  1.370484361365338  1.4285168479044823 
 209.825  1.370756217269011  1.427679098110513 
 209.726  1.371030281014608  1.4268430297194556 
 209.627  1.37130473031618  1.4260068945792412 
 209.528  1.3715777441143027  1.4251689402136432 
 209.429  1.3718529657975604  1.4243326717335254 
 209.33  1.3721285739960152  1.4234963377460226 
 209.232  1.3724027485838748  1.4226581825303557 
 209.133  1.3726791310825295  1.4218217176951151 
 209.035  1.3729559010512333  1.4209851886038094 
 208.937  1.3732312393110884  1.4201468362883702 
 208.838  1.3735087854896886  1.419310178860618 
 208.74  1.3737867200887237  1.4184734584376735 
 208.642  1.3740632248895066  1.417634912801512 
 208.544  1.3743419375991202  1.416798066572546 
 208.446  1.374621039674988  1.4159611586188179 
 208.349  1.3748987138720081  1.4151224234697513 
 208.251  1.3751785959499232  1.4142853922595686 
 208.153  1.3754588683352458  1.413448300604615 
 208.056  1.375739531340139  1.4126111489337698 
 207.958  1.3760187867417317  1.4117721492741624 
 207.861  1.3763002322658136  1.4109348777795994 
 207.764  1.3765820693442432  1.410097547561898 
 207.667  1.3768624830567677  1.4092583855522192 
 207.57  1.377145122258618  1.4084209199528044 
 207.473  1.3774281362096612  1.4075834150848827 
 207.376  1.3777097287432718  1.4067440764665973 
 207.279  1.3779935289311451  1.405906456979308 
 207.182  1.3782777225281138  1.4050687813830627 
 207.086  1.378560496664713  1.4042292700853591 
 206.989  1.378845478347729  1.4033914825022908 
 206.893  1.3791308543596081  1.402553640131693 
 206.797  1.3794148128767492  1.4017139601158992 
 206.7  1.3797009966575073  1.4008759902924024 
 206.604  1.3799875578486769  1.4000379851336733 
 206.508  1.369531795635619  1.3996462193200547 
 206.412  1.3585276445116163  1.399316390564436 
 206.316  1.3474775577740457  1.3990288662871495 
 206.221  1.3363813451517614  1.3987848653991188 
 206.125  1.325239337235481  1.3985851067977013 
 206.029  1.3140494522417265  1.3984291054382347 
 205.934  1.3028154916307788  1.3983215671772884 
 205.838  1.291535615567682  1.3982618661323032 
 205.743  1.2802098941324935  1.398251183813098 
 205.648  1.268838247089351  1.3982909201152585 
 205.553  1.2574211573419012  1.3983819102559378 
 205.458  1.2459586042607207  1.398525596308957 
 205.363  1.2344507775278564  1.3987232471576103 
 205.268  1.2228979006429368  1.3989761525476057 
 205.173  1.2112981899619333  1.3992838543358725 
 205.078  1.1996558334933995  1.399651427618585 
 204.984  1.1918551184798925  1.3996248152439705 
 204.889  1.2025394676759604  1.3974967518095998 
 204.795  1.2132032984993144  1.3954297701746288 
 204.7  1.2238460444449992  1.393422814691819 
 204.606  1.2344669949724032  1.3914750309208552 
 204.512  1.245065650193068  1.3895853602030668 
 204.418  1.2556410054469993  1.38775334067692 
 204.324  1.26619262244362  1.3859779064366975 
 204.23  1.2767199146576143  1.3842581914091552 
 204.136  1.2872225054531659  1.3825931355771752 
 204.042  1.2976995063261936  1.3809822622753873 
 203.948  1.3081505974013334  1.3794245124259121 
 203.855  1.3185753063255072  1.3779190246351218 
 203.761  1.3289731875823905  1.3764649408222862 
 203.668  1.3393439490051022  1.3750612763570145 
 203.575  1.3496869787071284  1.3737074071619386 
 203.481  1.360001998133204  1.372402395409709 
 203.388  1.3702886746890304  1.3711453905334106 
 203.295  1.37979956200608  1.3699526018487538 
 203.202  1.3760498909782017  1.3690709997882216 
 203.109  1.3722911351748475  1.3681899939991782 
 203.016  1.3685269074661173  1.3673132693200833 
 202.924  1.364755356244096  1.3664390408638614 
 202.831  1.3609746096921624  1.3655655195656975 
 202.738  1.3571883198565324  1.3646963895148978 
 202.646  1.3533946198935443  1.3638298637135027 
 202.553  1.3495916279061455  1.362964145571834 
 202.461  1.3457830137143392  1.362102940310331 
 202.369  1.3419669004948651  1.3612444534409662 
 202.277  1.3381413905287431  1.360386886531254 
 202.185  1.3343101847921983  1.3595339529560089 
 202.093  1.3304713907516514  1.35868385638773 
 202.001  1.3266230946180377  1.3578347967164266 
 201.909  1.3227690475278555  1.3569904764211687 
 201.817  1.318907304169046  1.3561491352319848 
 201.726  1.3150359159636633  1.355308990700789 
 201.634  1.3111586848103731  1.354473734242812 
 201.543  1.3072738705960345  1.353641375233166 
 201.451  1.303379157587018  1.3528104924313102 
 201.36  1.299478528283434  1.3519846321129836 
 201.269  1.295570041548662  1.3511619934554113 
 201.177  1.2916517338748292  1.3503407724059333 
 201.086  1.2877276219233433  1.3495245193268441 
 200.995  1.2837953778548057  1.3487118195527772 
 200.905  1.2798532060355294  1.3479006747529372 
 200.814  1.2759049723147335  1.3470948364452522 
 200.723  1.2719487019089817  1.3462925017573053 
 200.632  1.2679825823697448  1.345491668199044 
 200.542  1.26401014356492  1.3446964873290215 
 200.451  1.2600295789071083  1.3439049593333694 
 200.361  1.256038872873949  1.3431152780645674 
 200.271  1.2520419617815026  1.3423312087788444 
 200.18  1.2480370220605614  1.3415507476177688 
 200.09  1.244021648676363  1.340772487178737 
 200.0  1.2400000000000002  1.3399999999999999 
