2.1e-07 1.53836 0.00000
2.174e-07 1.53085 0.00000
2.251e-07 1.52408 0.00000
2.33e-07 1.51804 0.00000
2.412e-07 1.51257 0.00000
2.497e-07 1.50761 0.00000
2.585e-07 1.50310 0.00000
2.676e-07 1.49900 0.00000
2.77e-07 1.49526 0.00000
2.868e-07 1.49182 0.00000
2.969e-07 1.48868 0.00000
3.074e-07 1.48579 0.00000
3.182e-07 1.48315 0.00000
3.294e-07 1.48071 0.00000
3.41e-07 1.47847 0.00000
3.53e-07 1.47640 0.00000
3.655e-07 1.47447 0.00000
3.783e-07 1.47270 0.00000
3.917e-07 1.47105 0.00000
4.055e-07 1.46953 0.00000
4.197e-07 1.46812 0.00000
4.345e-07 1.46680 0.00000
4.498e-07 1.46558 0.00000
4.657e-07 1.46444 0.00000
4.821e-07 1.46337 0.00000
4.991e-07 1.46238 0.00000
5.167e-07 1.46144 0.00000
5.349e-07 1.46057 0.00000
5.537e-07 1.45976 0.00000
5.732e-07 1.45899 0.00000
5.934e-07 1.45826 0.00000
6.143e-07 1.45758 0.00000
6.36e-07 1.45693 0.00000
6.584e-07 1.45631 0.00000
6.816e-07 1.45572 0.00000
7.056e-07 1.45517 0.00000
7.305e-07 1.45463 0.00000
7.562e-07 1.45412 0.00000
7.829e-07 1.45362 0.00000
8.104e-07 1.45314 0.00000
8.39e-07 1.45267 0.00000
8.686e-07 1.45221 0.00000
8.992e-07 1.45177 0.00000
9.308e-07 1.45132 0.00000
9.636e-07 1.45089 0.00000
9.976e-07 1.45045 0.00000
1.033e-06 1.45001 0.00000
1.069e-06 1.44957 0.00000
1.107e-06 1.44912 0.00000
1.146e-06 1.44867 0.00000
1.186e-06 1.44821 0.00000
1.228e-06 1.44773 0.00000
1.271e-06 1.44725 0.00000
1.316e-06 1.44674 0.00000
1.362e-06 1.44621 0.00000
1.41e-06 1.44566 0.00000
1.46e-06 1.44509 0.00000
1.512e-06 1.44448 0.00000
1.565e-06 1.44384 0.00000
1.62e-06 1.44317 0.00000
1.677e-06 1.44246 0.00000
1.736e-06 1.44171 0.00000
1.797e-06 1.44091 0.00000
1.861e-06 1.44005 0.00000
1.926e-06 1.43915 0.00000
1.994e-06 1.43817 0.00000
2.064e-06 1.43713 0.00000
2.137e-06 1.43601 0.00000
2.212e-06 1.43482 0.00000
2.29e-06 1.43353 0.00000
2.371e-06 1.43214 0.00000
2.454e-06 1.43065 0.00000
2.541e-06 1.42903 0.00000
2.63e-06 1.42730 0.00000
2.723e-06 1.42540 0.00000
2.819e-06 1.42336 0.00000
2.918e-06 1.42115 0.00000
3.021e-06 1.41875 0.00000
3.128e-06 1.41612 0.00000
3.238e-06 1.41327 0.00000
3.352e-06 1.41017 0.00000
3.47e-06 1.40678 0.00000
3.592e-06 1.40307 0.00000
3.719e-06 1.39898 0.00000
3.85e-06 1.39450 0.00000
3.986e-06 1.38956 0.00000
4.126e-06 1.38412 0.00000
4.271e-06 1.37810 0.00000
4.422e-06 1.37137 0.00000
4.578e-06 1.36388 0.00000
4.739e-06 1.35553 0.00000
4.906e-06 1.34612 0.00000
5.079e-06 1.33548 0.00000
5.258e-06 1.32341 0.00000
5.443e-06 1.30964 0.00000
5.635e-06 1.29375 0.00000
5.833e-06 1.27537 0.00000
6.039e-06 1.25373 0.00000
6.252e-06 1.22809 0.00000
6.472e-06 1.19733 0.00000
6.7e-06 1.15965 0.00000
7e-06 1.03070 0.00015
7.0304e-06 1.02060 0.00020
7.061e-06 1.01000 0.00026
7.0919e-06 0.99885 0.00034
7.1231e-06 0.98709 0.00044
7.1546e-06 0.97467 0.00056
7.1863e-06 0.96153 0.00072
7.2184e-06 0.94760 0.00092
7.2507e-06 0.93280 0.00117
7.2833e-06 0.91703 0.00150
7.3162e-06 0.90019 0.00191
7.3494e-06 0.88212 0.00243
7.3829e-06 0.86269 0.00311
7.4167e-06 0.84170 0.00399
7.4508e-06 0.81893 0.00513
7.4852e-06 0.79409 0.00664
7.52e-06 0.76686 0.00865
7.555e-06 0.73681 0.01137
7.5905e-06 0.70345 0.01510
7.6262e-06 0.66613 0.02029
7.6623e-06 0.62405 0.02761
7.6987e-06 0.57619 0.03819
7.7355e-06 0.52129 0.05387
7.7726e-06 0.45799 0.07808
7.81e-06 0.38597 0.11748
7.8479e-06 0.31199 0.18314
7.8861e-06 0.25819 0.27665
7.9247e-06 0.23579 0.37502
7.9636e-06 0.23338 0.46388
8.003e-06 0.24142 0.54230
8.0427e-06 0.25535 0.61185
8.0829e-06 0.27281 0.67391
8.1234e-06 0.29230 0.72947
8.1643e-06 0.31265 0.77932
8.2057e-06 0.33282 0.82419
8.2475e-06 0.35180 0.86486
8.2897e-06 0.36867 0.90224
8.3323e-06 0.38250 0.93744
8.3754e-06 0.39251 0.97180
8.419e-06 0.39805 1.00690
8.4629e-06 0.39873 1.04460
8.5074e-06 0.39445 1.08710
8.5523e-06 0.38552 1.13650
8.5977e-06 0.37270 1.19550
8.6436e-06 0.35732 1.26680
8.69e-06 0.34129 1.35330
8.7368e-06 0.32728 1.45820
8.7842e-06 0.31913 1.58550
8.8321e-06 0.32322 1.74020
8.8805e-06 0.35117 1.92650
8.9295e-06 0.42224 2.14220
8.979e-06 0.55990 2.36840
9.029e-06 0.77982 2.56500
9.0797e-06 1.07510 2.68190
9.1308e-06 1.41050 2.68410
9.1826e-06 1.73280 2.57540
9.235e-06 1.99570 2.39960
9.2879e-06 2.18580 2.21440
9.3415e-06 2.32760 2.05590
9.3957e-06 2.45840 1.92190
9.4505e-06 2.59640 1.78770
9.5059e-06 2.73390 1.63380
9.5621e-06 2.85220 1.45710
9.6188e-06 2.93550 1.26660
9.6763e-06 2.97630 1.07490
9.7345e-06 2.97450 0.89351
9.7933e-06 2.93570 0.73159
9.8529e-06 2.86880 0.59474
9.9132e-06 2.78400 0.48529
9.9742e-06 2.69140 0.40252
1.0036e-05 2.59940 0.34335
1.0099e-05 2.51380 0.30319
1.0162e-05 2.43790 0.27696
1.0226e-05 2.37280 0.25997
1.0291e-05 2.31790 0.24839
1.0357e-05 2.27160 0.23955
1.0424e-05 2.23200 0.23174
1.0491e-05 2.19760 0.22405
1.0559e-05 2.16680 0.21606
1.0629e-05 2.13850 0.20768
1.0699e-05 2.11180 0.19898
1.077e-05 2.08590 0.19010
1.0842e-05 2.06030 0.18127
1.0915e-05 2.03460 0.17276
1.0989e-05 2.00830 0.16489
1.1064e-05 1.98130 0.15805
1.114e-05 1.95320 0.15270
1.1218e-05 1.92410 0.14939
1.1296e-05 1.89420 0.14871
1.1375e-05 1.86370 0.15130
1.1456e-05 1.83330 0.15779
1.1537e-05 1.80400 0.16870
1.162e-05 1.77710 0.18428
1.1704e-05 1.75410 0.20446
1.1789e-05 1.73670 0.22861
1.1876e-05 1.72630 0.25554
1.1963e-05 1.72410 0.28351
1.2052e-05 1.73060 0.31038
1.2143e-05 1.74550 0.33396
1.2234e-05 1.76760 0.35228
1.2327e-05 1.79500 0.36384
1.2422e-05 1.82580 0.36779
1.2518e-05 1.85740 0.36393
1.2615e-05 1.88780 0.35261
1.2714e-05 1.91480 0.33471
1.2815e-05 1.93710 0.31140
1.2917e-05 1.95330 0.28410
1.3021e-05 1.96280 0.25429
1.3127e-05 1.96540 0.22343
1.3234e-05 1.96130 0.19287
1.3343e-05 1.95110 0.16378
1.3454e-05 1.93550 0.13710
1.3566e-05 1.91550 0.11348
1.3681e-05 1.89220 0.09335
1.3798e-05 1.86650 0.07687
1.3916e-05 1.83950 0.06399
1.4037e-05 1.81180 0.05451
1.4159e-05 1.78420 0.04810
1.4284e-05 1.75710 0.04436
1.4411e-05 1.73080 0.04292
1.4541e-05 1.70530 0.04338
1.4672e-05 1.68090 0.04541
1.4807e-05 1.65740 0.04873
1.4943e-05 1.63470 0.05314
1.5082e-05 1.61280 0.05847
1.5224e-05 1.59150 0.06461
1.5368e-05 1.57060 0.07149
1.5516e-05 1.55020 0.07908
1.5666e-05 1.53010 0.08735
1.5819e-05 1.51020 0.09630
1.5975e-05 1.49040 0.10592
1.6134e-05 1.47060 0.11623
1.6296e-05 1.45080 0.12723
1.6462e-05 1.43090 0.13893
1.6631e-05 1.41080 0.15135
1.6803e-05 1.39030 0.16451
1.698e-05 1.36920 0.17843
1.7159e-05 1.34740 0.19314
1.7343e-05 1.32450 0.20870
1.7531e-05 1.30020 0.22521
1.7723e-05 1.27400 0.24278
1.7919e-05 1.24540 0.26164
1.8119e-05 1.21330 0.28211
1.8324e-05 1.17670 0.30472
1.8534e-05 1.13380 0.33034
1.8748e-05 1.08250 0.36046
1.8968e-05 1.01930 0.39781
1.9193e-05 0.93929 0.44773
1.9423e-05 0.83655 0.52139
1.9658e-05 0.70859 0.64166
1.99e-05 0.57308 0.84325
2.0148e-05 0.47742 1.14720
2.0401e-05 0.47899 1.54700
2.0662e-05 0.64964 1.99570
2.0928e-05 1.04590 2.36130
2.1202e-05 1.62700 2.47090
2.1484e-05 2.22230 2.26230
2.1772e-05 2.62530 1.86930
2.2069e-05 2.77270 1.50930
2.2374e-05 2.79700 1.29190
2.2687e-05 2.84340 1.15820
2.301e-05 2.92350 1.01680
2.3341e-05 2.98490 0.84656
2.3682e-05 2.99600 0.66912
2.4034e-05 2.95530 0.50927
2.4396e-05 2.87780 0.38235
2.4769e-05 2.78330 0.29283
2.5153e-05 2.68920 0.23667
2.555e-05 2.60660 0.20509
2.596e-05 2.53930 0.18869
2.6383e-05 2.48670 0.18005
2.6819e-05 2.44580 0.17459
2.7271e-05 2.41350 0.16997
2.7738e-05 2.38730 0.16524
2.8221e-05 2.36550 0.16013
2.8722e-05 2.34690 0.15460
2.924e-05 2.33070 0.14872
2.9778e-05 2.31620 0.14256
3.0335e-05 2.30310 0.13620
3.0914e-05 2.29120 0.12970
3.1516e-05 2.28010 0.12313
3.2141e-05 2.26960 0.11653
3.2792e-05 2.25970 0.10995
3.3469e-05 2.25020 0.10344
3.4176e-05 2.24110 0.09703
3.4912e-05 2.23230 0.09075
3.5681e-05 2.22370 0.08464
3.6485e-05 2.21530 0.07871
3.7326e-05 2.20710 0.07298
3.8206e-05 2.19900 0.06748
3.9129e-05 2.19110 0.06222
4.0098e-05 2.18340 0.05721
4.1116e-05 2.17570 0.05244
4.2187e-05 2.16830 0.04794
4.3315e-05 2.16100 0.04370
4.4505e-05 2.15380 0.03972
4.5762e-05 2.14680 0.03601
4.7093e-05 2.14000 0.03254
4.8503e-05 2.13330 0.02933
5e-05 2.12690 0.02635
