1.20181E-07	1.126620101	0.898838687
1.20875E-07	1.124382098	0.907024637
1.21573E-07	1.12223231	0.915711275
1.22275E-07	1.12020412	0.924913811
1.22981E-07	1.118333711	0.934645892
1.2369E-07	1.116660119	0.944919268
1.24405E-07	1.115225264	0.955743457
1.25123E-07	1.11407395	0.967125376
1.25845E-07	1.113253851	0.979068951
1.26572E-07	1.112815469	0.991574714
1.27302E-07	1.112812071	1.004639372
1.28037E-07	1.113299623	1.018255362
1.28776E-07	1.114336713	1.032410365
1.2952E-07	1.115984496	1.047086792
1.30268E-07	1.118306683	1.062261195
1.3102E-07	1.121369619	1.077903585
1.31776E-07	1.125242533	1.093976561
1.32537E-07	1.1299981	1.110434118
1.33302E-07	1.135713645	1.127219813
1.34071E-07	1.142473732	1.144263515
1.34845E-07	1.150376535	1.161474314
1.35624E-07	1.159556385	1.178716888
1.36407E-07	1.170116495	1.195592451
1.37194E-07	1.181674389	1.211889595
1.37986E-07	1.194107411	1.227671224
1.38783E-07	1.207366224	1.242935287
1.39584E-07	1.22141515	1.257658519
1.4039E-07	1.236221757	1.271806367
1.41201E-07	1.251752262	1.285337463
1.42016E-07	1.267968941	1.298206521
1.42836E-07	1.284828569	1.3103667
1.4366E-07	1.302281572	1.321771775
1.4449E-07	1.320271805	1.332378183
1.45324E-07	1.338736902	1.34214694
1.46163E-07	1.357609159	1.351045284
1.47006E-07	1.376816859	1.35904795
1.47855E-07	1.396285902	1.366137953
1.48709E-07	1.415941559	1.3723068
1.49567E-07	1.435710144	1.377554162
1.50431E-07	1.455520405	1.381887052
1.51299E-07	1.47530451	1.385318696
1.52173E-07	1.494998531	1.387867264
1.53051E-07	1.514542465	1.38955467
1.53935E-07	1.533879875	1.390405613
1.54823E-07	1.552957289	1.390446954
1.55717E-07	1.571723534	1.389707483
1.56616E-07	1.590129161	1.388218022
1.5752E-07	1.608126059	1.3860118
1.5843E-07	1.625667359	1.383124974
1.59344E-07	1.642707611	1.379597185
1.60264E-07	1.659203251	1.375472024
1.61189E-07	1.675113262	1.370797345
1.6212E-07	1.690399977	1.36562535
1.63056E-07	1.705029935	1.360012438
1.63997E-07	1.718974715	1.354018803
1.64944E-07	1.73221167	1.347707834
1.65896E-07	1.744724523	1.341145326
1.66854E-07	1.756503781	1.334398582
1.67817E-07	1.767546953	1.327535433
1.68786E-07	1.777858566	1.320623256
1.6976E-07	1.787449996	1.313728005
1.7074E-07	1.796339124	1.306913326
1.71726E-07	1.804549863	1.300239762
1.72717E-07	1.812111561	1.293764081
1.73715E-07	1.819058337	1.28753874
1.74717E-07	1.825428364	1.281611478
1.75726E-07	1.831263145	1.276025046
1.76741E-07	1.836606782	1.270817062
1.77761E-07	1.841505289	1.266019975
1.78787E-07	1.846005935	1.261661131
1.79819E-07	1.850156654	1.25776291
1.80857E-07	1.854005509	1.254342942
1.81902E-07	1.857600231	1.25141436
1.82952E-07	1.860987815	1.248986096
1.84008E-07	1.86421419	1.247063192
1.8507E-07	1.867323948	1.245647132
1.86139E-07	1.870360127	1.244736163
1.87213E-07	1.87336405	1.244325623
1.88294E-07	1.876375204	1.244408249
1.89381E-07	1.879431167	1.244974475
1.90474E-07	1.882567557	1.24601271
1.91574E-07	1.88581802	1.247509594
1.9268E-07	1.889214233	1.249450237
1.93792E-07	1.892785928	1.251818436
1.94911E-07	1.896560933	1.254596868
1.96036E-07	1.900565216	1.257767267
1.97168E-07	1.904822948	1.261310586
1.98306E-07	1.909356558	1.265207133
1.99451E-07	1.914186802	1.269436699
2.00602E-07	1.919332825	1.273978672
2.01761E-07	1.92481223	1.278812136
2.02925E-07	1.930641143	1.283915961
2.04097E-07	1.936834271	1.289268884
2.05275E-07	1.943404972	1.294849587
2.0646E-07	1.950365309	1.300636761
2.07652E-07	1.95772611	1.306609173
2.08851E-07	1.965497026	1.31274573
2.10057E-07	1.973686583	1.319025535
2.11269E-07	1.982302247	1.325427946
2.12489E-07	1.991350471	1.331932637
2.13716E-07	2.000836765	1.338519654
2.14949E-07	2.010765753	1.345169476
2.1619E-07	2.021141244	1.351863077
2.17438E-07	2.031966309	1.358581986
2.18694E-07	2.043243366	1.365308347
2.19956E-07	2.054974273	1.372024983
2.21226E-07	2.067160439	1.378715457
2.22503E-07	2.079802943	1.385364122
2.23788E-07	2.092902681	1.391956176
2.2508E-07	2.106460517	1.398477705
2.26379E-07	2.120477468	1.404915705
2.27686E-07	2.134954902	1.411258104
2.29E-07	2.149894766	1.417493744
2.30322E-07	2.165299831	1.42361235
2.31652E-07	2.181173966	1.429604458
2.32989E-07	2.197522434	1.435461299
2.34335E-07	2.214352199	1.441174638
2.35687E-07	2.231672262	1.446736546
2.37048E-07	2.249493991	1.452139109
2.38417E-07	2.267831462	1.457374052
2.39793E-07	2.286701784	1.462432271
2.41177E-07	2.306125399	1.467303267
2.4257E-07	2.326126335	1.471974463
2.4397E-07	2.346732397	1.476430411
2.45378E-07	2.367975255	1.48065186
2.46795E-07	2.389890414	1.484614713
2.4822E-07	2.412517012	1.488288845
2.49653E-07	2.435897409	1.491636818
2.51094E-07	2.460076527	1.494612502
2.52544E-07	2.485100876	1.497159628
2.54002E-07	2.511017217	1.499210337
2.55468E-07	2.537870818	1.500683774
2.56943E-07	2.565703239	1.501484828
2.58426E-07	2.594549628	1.501503119
2.59918E-07	2.624435493	1.500612376
2.61419E-07	2.65537299	1.498670376
2.62928E-07	2.687356747	1.495519616
2.64446E-07	2.720359379	1.490988935
2.65972E-07	2.754326849	1.484896274
2.67508E-07	2.789173955	1.477052767
2.69052E-07	2.824780311	1.46726827
2.70605E-07	2.860987245	1.455358385
2.72168E-07	2.897596157	1.441152857
2.73739E-07	2.93436884	1.424505081
2.75319E-07	2.971030311	1.405302227
2.76909E-07	3.007274489	1.383475275
2.78507E-07	3.04277294	1.35900808
2.80115E-07	3.077186514	1.33194443
2.81732E-07	3.11017939	1.302392102
2.83359E-07	3.141434636	1.270523029
2.84994E-07	3.170670042	1.236569026
2.8664E-07	3.197652813	1.200812935
2.88294E-07	3.222211638	1.163575605
2.89959E-07	3.244244878	1.125199579
2.91633E-07	3.263723918	1.086030806
2.93316E-07	3.280691274	1.046399899
2.9501E-07	3.2952535	1.006604526
2.96713E-07	3.307569454	0.966894382
2.98426E-07	3.31783482	0.927459912
3.00149E-07	3.326264045	0.888425686
3.01881E-07	3.333070975	0.84984897
3.03624E-07	3.338449577	0.811723762
3.05377E-07	3.342556216	0.773990292
3.0714E-07	3.345495026	0.7365496
3.08913E-07	3.34730794	0.699282422
3.10696E-07	3.347970884	0.662071018
3.1249E-07	3.347397253	0.624821934
3.14294E-07	3.34544914	0.58748711
3.16109E-07	3.341955695	0.550080434
3.17934E-07	3.336736741	0.512687041
3.19769E-07	3.329628593	0.475463545
3.21615E-07	3.320508329	0.438628806
3.23472E-07	3.309312824	0.402446598
3.25339E-07	3.296049866	0.367203015
3.27217E-07	3.280800175	0.33318233
3.29106E-07	3.263710979	0.300644969
3.31006E-07	3.244983155	0.2698104
3.32917E-07	3.224854738	0.240846436
3.34839E-07	3.203583603	0.21386508
3.36772E-07	3.181431616	0.188923971
3.38716E-07	3.158651695	0.166031931
3.40672E-07	3.13547842	0.145156933
3.42639E-07	3.112122158	0.126235036
3.44617E-07	3.088766233	0.109179156
3.46606E-07	3.065566491	0.09388697
3.48607E-07	3.042652558	0.080247564
3.5062E-07	3.020130186	0.068146726
3.52644E-07	2.998084204	0.05747094
3.5468E-07	2.976581707	0.048110237
3.56727E-07	2.955675292	0.039960099
3.58787E-07	2.935406233	0.032922617
3.60858E-07	2.915807649	0.026907082
3.62941E-07	2.896907944	0.021830154
3.65037E-07	2.878735503	0.017615748
3.67144E-07	2.861331566	0.014193178
3.69263E-07	2.844754292	0.011448502
3.71395E-07	2.828999505	0.009244534
3.73539E-07	2.814033296	0.007472892
3.75696E-07	2.799811622	0.006047299
3.77865E-07	2.786286984	0.004898981
3.80046E-07	2.773411776	0.003973052
3.8224E-07	2.761140053	0.003225668
3.84447E-07	2.749428435	0.002621769
3.86666E-07	2.738236524	0.002133294
3.88899E-07	2.727527034	0.001737762
3.91144E-07	2.717265746	0.001417145
3.93402E-07	2.707421377	0.001156976
3.95673E-07	2.697965389	0.00094563
3.97957E-07	2.688871779	0.000773757
4.00255E-07	2.680116861	0.000633834
4.02565E-07	2.671679055	0.000519797
4.04889E-07	2.663538686	0.000426755
4.07227E-07	2.655677795	0.00035076
4.09578E-07	2.64807997	0.00028862
4.11942E-07	2.640730187	0.000237754
4.1432E-07	2.633614673	0.000196071
4.16712E-07	2.626720776	0.000161876
4.19118E-07	2.620036852	0.000133792
4.21538E-07	2.613552169	0.000110703
4.23971E-07	2.607256811	0.0000917
4.26419E-07	2.601141602	0.000076
4.28881E-07	2.595198032	0.0000631
4.31356E-07	2.589418198	0.0000525
4.33847E-07	2.583794742	0.0000436
4.36351E-07	2.578320807	0.0000364
4.3887E-07	2.572989985	0.0000303
4.41404E-07	2.567796283	0.0000253
4.43952E-07	2.562734086	0.0000211
4.46515E-07	2.557798123	0.0000177
4.49093E-07	2.552983439	0.0000148
4.51686E-07	2.548285371	0.0000124
4.54293E-07	2.543699523	0.0000104
4.56916E-07	2.539221746	0.00000875
4.59554E-07	2.534848118	0.00000735
4.62207E-07	2.530574927	0.00000619
4.64875E-07	2.52639866	0.00000521
4.67559E-07	2.52231598	0.0000044
4.70258E-07	2.518323722	0.00000371
4.72973E-07	2.514418878	0.00000314
4.75703E-07	2.510598584	0.00000266
4.7845E-07	2.506860113	0.00000225
4.81212E-07	2.503200868	0.00000191
4.8399E-07	2.499618369	0.00000162
4.86784E-07	2.496110249	0.00000137
4.89594E-07	2.492674245	0.00000117
4.92421E-07	2.489308195	0.000000994
4.95264E-07	2.486010029	0.000000847
4.98123E-07	2.482777763	0.000000722
5.00998E-07	2.479609497	0.000000616
5.03891E-07	2.476503409	0.000000527
5.068E-07	2.473457749	0.00000045
5.09725E-07	2.470470839	0.000000385
5.12668E-07	2.467541064	0.00000033
5.15628E-07	2.464666874	0.000000283
5.18605E-07	2.461846776	0.000000243
5.21598E-07	2.459079334	0.000000209
5.2461E-07	2.456363164	0.00000018
5.27638E-07	2.453696936	0.000000155
5.30684E-07	2.451079363	0.000000133
5.33748E-07	2.448509208	0.000000115
5.36829E-07	2.445985276	9.91E-08
5.39929E-07	2.443506414	8.56E-08
5.43046E-07	2.441071506	0.000000074
5.46181E-07	2.438679478	0.000000064
5.49334E-07	2.436329289	5.55E-08
5.52505E-07	2.434019934	4.81E-08
5.55695E-07	2.43175044	4.17E-08
5.58903E-07	2.429519866	3.62E-08
5.62129E-07	2.427327302	3.15E-08
5.65375E-07	2.425171863	2.74E-08
5.68639E-07	2.423052697	2.38E-08
5.71921E-07	2.420968976	2.07E-08
5.75223E-07	2.418919896	1.81E-08
5.78544E-07	2.416904679	1.58E-08
5.81884E-07	2.41492257	1.38E-08
5.85243E-07	2.412972838	0.000000012
5.88622E-07	2.41105477	1.05E-08
5.9202E-07	2.409167678	9.21E-09
5.95438E-07	2.407310889	8.06E-09
5.98875E-07	2.405483754	7.06E-09
6.02333E-07	2.40368564	6.19E-09
6.0581E-07	2.401915932	5.43E-09
6.09307E-07	2.400174031	4.76E-09
6.12825E-07	2.398459357	4.18E-09
6.16363E-07	2.396771343	3.67E-09
6.19921E-07	2.39510944	3.23E-09
6.235E-07	2.393473112	2.84E-09
6.27099E-07	2.391861837	2.49E-09
6.3072E-07	2.390275109	2.19E-09
6.34361E-07	2.388712432	1.93E-09
6.38023E-07	2.387173324	1.7E-09
6.41706E-07	2.385657318	1.49E-09
6.45411E-07	2.384163954	1.31E-09
6.49137E-07	2.382692788	1.15E-09
6.52884E-07	2.381243385	1.01E-09
6.56654E-07	2.37981532	8.86E-10
6.60444E-07	2.378408181	7.76E-10
6.64257E-07	2.377021563	6.79E-10
6.68092E-07	2.375655073	5.93E-10
6.71949E-07	2.374308328	5.16E-10
6.75828E-07	2.372980951	4.49E-10
6.7973E-07	2.371672576	3.89E-10
6.83654E-07	2.370382846	3.35E-10
6.87601E-07	2.369111412	2.87E-10
6.9157E-07	2.367857931	2.45E-10
6.95563E-07	2.366622072	2.07E-10
6.99578E-07	2.365403507	1.73E-10
7.03617E-07	2.364201918	1.43E-10
7.07679E-07	2.363016994	1.16E-10
7.11765E-07	2.36184843	9.15E-11
7.15874E-07	2.360695928	6.96E-11
7.20006E-07	2.359559197	4.99E-11
7.24163E-07	2.358437951	3.22E-11
7.28344E-07	2.357331913	1.62E-11
7.32548E-07	2.356240809	1.77E-12
7.36777E-07	2.355164372	0
7.41031E-07	2.354102341	0
7.45309E-07	2.353054459	0
7.49612E-07	2.352020475	0
7.53939E-07	2.351000146	0
7.58292E-07	2.349993228	0
7.62669E-07	2.348999489	0
7.67072E-07	2.348018695	0
7.71501E-07	2.347050621	0
7.75955E-07	2.346095046	0
7.80434E-07	2.345151752	0
7.8494E-07	2.344220526	0
7.89471E-07	2.343301159	0
7.94029E-07	2.342393446	0
7.98613E-07	2.341497186	0
8.03223E-07	2.340612182	0
8.0786E-07	2.339738241	0
8.12524E-07	2.338875173	0
8.17215E-07	2.338022791	0
8.21933E-07	2.337180914	0
8.26678E-07	2.336349361	0
8.3145E-07	2.335527957	0
8.3625E-07	2.334716528	0
8.41078E-07	2.333914905	0
8.45934E-07	2.333122922	0
8.50817E-07	2.332340413	0
8.55729E-07	2.331567219	0
8.60669E-07	2.330803182	0
8.65638E-07	2.330048145	0
8.70635E-07	2.329301957	0
8.75662E-07	2.328564468	0
8.80717E-07	2.327835529	0
8.85801E-07	2.327114996	0
8.90915E-07	2.326402727	0
8.96058E-07	2.325698582	0
9.01231E-07	2.325002421	0
9.06434E-07	2.324314111	0
9.11667E-07	2.323633518	0
9.1693E-07	2.32296051	0
9.22224E-07	2.322294958	0
9.27548E-07	2.321636735	0
9.32903E-07	2.320985717	0
9.38288E-07	2.32034178	0
9.43705E-07	2.319704803	0
9.49153E-07	2.319074667	0
9.54633E-07	2.318451255	0
9.60144E-07	2.31783445	0
9.65687E-07	2.31722414	0
9.71262E-07	2.31662021	0
9.76869E-07	2.316022553	0
9.82509E-07	2.315431057	0
9.88181E-07	2.314845617	0
9.93885E-07	2.314266125	0
9.99623E-07	2.313692479	0
1.00539E-06	2.313124575	0
1.0112E-06	2.312562313	0
1.01704E-06	2.312005591	0
1.02291E-06	2.311454312	0
1.02881E-06	2.310908378	0
1.03475E-06	2.310367695	0
1.04073E-06	2.309832166	0
1.04673E-06	2.3093017	0
1.05278E-06	2.308776204	0
1.05885E-06	2.308255587	0
1.06497E-06	2.307739759	0
1.07112E-06	2.307228633	0
1.0773E-06	2.306722121	0
1.08352E-06	2.306220136	0
1.08977E-06	2.305722593	0
1.09607E-06	2.305229409	0
1.10239E-06	2.304740501	0
1.10876E-06	2.304255785	0
1.11516E-06	2.303775182	0
1.1216E-06	2.303298611	0
1.12807E-06	2.302825992	0
1.13458E-06	2.302357249	0
1.14113E-06	2.301892302	0
1.14772E-06	2.301431076	0
1.15435E-06	2.300973495	0
1.16101E-06	2.300519485	0
1.16771E-06	2.30006897	0
1.17445E-06	2.299621879	0
1.18124E-06	2.299178138	0
1.18805E-06	2.298737676	0
1.19491E-06	2.298300423	0
1.20181E-06	2.297866307	0
1.20875E-06	2.297435259	0
1.21573E-06	2.297007211	0
1.22275E-06	2.296582094	0
1.22981E-06	2.296159841	0
1.2369E-06	2.295740384	0
1.24405E-06	2.295323659	0
1.25123E-06	2.294909598	0
1.25845E-06	2.294498138	0
1.26572E-06	2.294089212	0
1.27302E-06	2.293682759	0
1.28037E-06	2.293278713	0
1.28776E-06	2.292877013	0
1.2952E-06	2.292477596	0
1.30268E-06	2.2920804	0
1.3102E-06	2.291685363	0
1.31776E-06	2.291292426	0
1.32537E-06	2.290901527	0
1.33302E-06	2.290512606	0
1.34071E-06	2.290125605	0
1.34845E-06	2.289740463	0
1.35624E-06	2.289357122	0
1.36407E-06	2.288975524	0
1.37194E-06	2.288595611	0
1.37986E-06	2.288217325	0
1.38783E-06	2.287840609	0
1.39584E-06	2.287465406	0
1.4039E-06	2.287091659	0
1.41201E-06	2.286719313	0
1.42016E-06	2.286348311	0
1.42836E-06	2.285978598	0
1.4366E-06	2.285610119	0
1.4449E-06	2.285242818	0
1.45324E-06	2.28487664	0
1.46163E-06	2.284511532	6.77294831258e-319
1.47006E-06	2.284147438	2.69529176719e-314
1.47855E-06	2.283784305	9.34592844689e-310
1.48709E-06	2.283422078	2.83E-305
1.49567E-06	2.283060705	7.49E-301
1.50431E-06	2.282700132	1.73E-296
1.51299E-06	2.282340305	3.53E-292
1.52173E-06	2.281981172	6.3E-288
1.53051E-06	2.281622679	9.9E-284
1.53935E-06	2.281264774	1.37E-279
1.54823E-06	2.280907403	1.68E-275
1.55717E-06	2.280550516	1.81E-271
1.56616E-06	2.280194059	1.73E-267
1.5752E-06	2.27983798	1.47E-263
1.5843E-06	2.279482227	1.11E-259
1.59344E-06	2.279126748	7.42E-256
1.60264E-06	2.278771492	4.43E-252
1.61189E-06	2.278416405	2.36E-248
1.6212E-06	2.278061437	1.12E-244
1.63056E-06	2.277706535	4.76E-241
1.63997E-06	2.277351649	1.81E-237
1.64944E-06	2.276996726	6.17E-234
1.65896E-06	2.276641715	1.89E-230
1.66854E-06	2.276286563	5.21E-227
1.67817E-06	2.275931221	1.29E-223
1.68786E-06	2.275575636	2.89E-220
1.6976E-06	2.275219756	5.82E-217
1.7074E-06	2.27486353	1.06E-213
1.71726E-06	2.274506906	1.75E-210
1.72717E-06	2.274149833	2.61E-207
1.73715E-06	2.273792258	3.54E-204
1.74717E-06	2.273434131	4.36E-201
1.75726E-06	2.273075399	4.87E-198
1.76741E-06	2.27271601	4.96E-195
1.77761E-06	2.272355913	4.61E-192
1.78787E-06	2.271995055	3.9E-189
1.79819E-06	2.271633384	3.02E-186
1.80857E-06	2.271270847	2.13E-183
1.81902E-06	2.270907393	1.38E-180
1.82952E-06	2.270542969	8.18E-178
1.84008E-06	2.270177522	4.45E-175
1.8507E-06	2.269810999	2.22E-172
1.86139E-06	2.269443348	1.02E-169
1.87213E-06	2.269074514	4.32E-167
1.88294E-06	2.268704445	1.68E-164
1.89381E-06	2.268333088	6.04E-162
1.90474E-06	2.267960387	2E-159
1.91574E-06	2.26758629	6.13E-157
1.9268E-06	2.267210743	1.74E-154
1.93792E-06	2.26683369	4.55E-152
1.94911E-06	2.266455077	1.11E-149
1.96036E-06	2.266074849	2.49E-147
1.97168E-06	2.265692952	5.22E-145
1.98306E-06	2.26530933	1.01E-142
1.99451E-06	2.264923926	1.83E-140
2.00602E-06	2.264536685	3.09E-138
2.01761E-06	2.264147551	4.84E-136
2.02925E-06	2.263756467	7.09E-134
2.04097E-06	2.263363376	9.68E-132
2.05275E-06	2.262968222	1.23E-129
2.0646E-06	2.262570945	1.47E-127
2.07652E-06	2.262171489	1.64E-125
2.08851E-06	2.261769794	1.72E-123
2.10057E-06	2.261365803	1.68E-121
2.11269E-06	2.260959456	1.55E-119
2.12489E-06	2.260550694	1.33E-117
2.13716E-06	2.260139457	1.08E-115
2.14949E-06	2.259725684	8.24E-114
2.1619E-06	2.259309314	5.91E-112
2.17438E-06	2.258890288	3.99E-110
2.18694E-06	2.258468542	2.54E-108
2.19956E-06	2.258044015	1.53E-106
2.21226E-06	2.257616644	8.65E-105
2.22503E-06	2.257186366	4.63E-103
2.23788E-06	2.256753117	2.34E-101
2.2508E-06	2.256316834	1.12E-99
2.26379E-06	2.255877451	5.07E-98
2.27686E-06	2.255434904	2.18E-96
2.29E-06	2.254989127	8.85E-95
2.30322E-06	2.254540052	3.41E-93
2.31652E-06	2.254087615	1.25E-91
2.32989E-06	2.253631746	4.34E-90
2.34335E-06	2.253172378	1.43E-88
2.35687E-06	2.252709442	4.5E-87
2.37048E-06	2.252242869	1.35E-85
2.38417E-06	2.251772588	3.83E-84
2.39793E-06	2.251298529	1.04E-82
2.41177E-06	2.250820621	2.68E-81
2.4257E-06	2.250338791	6.62E-80
2.4397E-06	2.249852967	1.56E-78
2.45378E-06	2.249363075	3.5E-77
2.46795E-06	2.248869041	7.51E-76
2.4822E-06	2.248370789	1.54E-74
2.49653E-06	2.247868245	3.03E-73
2.51094E-06	2.24736133	5.7E-72
2.52544E-06	2.246849969	1.03E-70
2.54002E-06	2.246334082	1.77E-69
2.55468E-06	2.24581359	2.93E-68
2.56943E-06	2.245288414	4.65E-67
2.58426E-06	2.244758473	7.09E-66
2.59918E-06	2.244223684	1.04E-64
2.61419E-06	2.243683965	1.46E-63
2.62928E-06	2.243139233	1.97E-62
2.64446E-06	2.242589403	2.56E-61
2.65972E-06	2.242034389	3.2E-60
2.67508E-06	2.241474105	3.85E-59
2.69052E-06	2.240908463	4.47E-58
2.70605E-06	2.240337374	5E-57
2.72168E-06	2.239760749	5.38E-56
2.73739E-06	2.239178497	5.6E-55
2.75319E-06	2.238590527	5.61E-54
2.76909E-06	2.237996744	5.44E-53
2.78507E-06	2.237397055	5.09E-52
2.80115E-06	2.236791364	4.6E-51
2.81732E-06	2.236179575	4.02E-50
2.83359E-06	2.235561591	3.4E-49
2.84994E-06	2.234937311	2.78E-48
2.8664E-06	2.234306636	2.2E-47
2.88294E-06	2.233669463	1.69E-46
2.89959E-06	2.233025691	1.25E-45
2.91633E-06	2.232375214	9.02E-45
2.93316E-06	2.231717927	6.29E-44
2.9501E-06	2.231053722	4.26E-43
2.96713E-06	2.230382491	2.8E-42
2.98426E-06	2.229704124	1.79E-41
3.00149E-06	2.22901851	1.11E-40
3.01881E-06	2.228325533	6.66E-40
3.03624E-06	2.227625081	3.9E-39
3.05377E-06	2.226917037	2.22E-38
3.0714E-06	2.226201282	1.23E-37
3.08913E-06	2.225477697	6.6E-37
3.10696E-06	2.224746161	3.46E-36
3.1249E-06	2.22400655	1.76E-35
3.14294E-06	2.223258738	8.76E-35
3.16109E-06	2.2225026	4.24E-34
3.17934E-06	2.221738006	2E-33
3.19769E-06	2.220964826	9.2E-33
3.21615E-06	2.220182926	4.13E-32
3.23472E-06	2.219392173	1.81E-31
3.25339E-06	2.21859243	7.71E-31
3.27217E-06	2.217783557	3.22E-30
3.29106E-06	2.216965414	1.31E-29
3.31006E-06	2.216137857	5.21E-29
3.32917E-06	2.21530074	2.03E-28
3.34839E-06	2.214453917	7.7E-28
3.36772E-06	2.213597236	2.86E-27
3.38716E-06	2.212730546	1.04E-26
3.40672E-06	2.21185369	3.7E-26
3.42639E-06	2.210966511	1.29E-25
3.44617E-06	2.21006885	4.38E-25
3.46606E-06	2.209160542	1.46E-24
3.48607E-06	2.208241423	4.77E-24
3.5062E-06	2.207311323	1.53E-23
3.52644E-06	2.206370071	4.79E-23
3.5468E-06	2.205417493	1.47E-22
3.56727E-06	2.204453411	4.45E-22
3.58787E-06	2.203477645	1.32E-21
3.60858E-06	2.20249001	3.82E-21
3.62941E-06	2.20149032	1.09E-20
3.65037E-06	2.200478384	3.04E-20
3.67144E-06	2.199454008	8.33E-20
3.69263E-06	2.198416994	2.25E-19
3.71395E-06	2.19736714	5.95E-19
3.73539E-06	2.196304243	1.55E-18
3.75696E-06	2.195228092	3.95E-18
3.77865E-06	2.194138475	9.93E-18
3.80046E-06	2.193035173	2.45E-17
3.8224E-06	2.191917967	5.96E-17
3.84447E-06	2.190786629	1.43E-16
3.86666E-06	2.189640927	3.35E-16
3.88899E-06	2.188480629	7.76E-16
3.91144E-06	2.187305492	1.77E-15
3.93402E-06	2.186115272	3.96E-15
3.95673E-06	2.184909719	8.75E-15
3.97957E-06	2.183688575	1.9E-14
4.00255E-06	2.182451579	4.08E-14
4.02565E-06	2.181198463	8.62E-14
4.04889E-06	2.179928955	1.79E-13
4.07227E-06	2.178642773	3.68E-13
4.09578E-06	2.177339631	7.45E-13
4.11942E-06	2.176019237	1.49E-12
4.1432E-06	2.174681288	2.92E-12
4.16712E-06	2.173325477	5.68E-12
4.19118E-06	2.171951488	1.09E-11
4.21538E-06	2.170558997	2.06E-11
4.23971E-06	2.169147671	3.84E-11
4.26419E-06	2.16771717	7.07E-11
4.28881E-06	2.16626714	1.29E-10
4.31356E-06	2.164797223	2.31E-10
4.33847E-06	2.163307045	4.1E-10
4.36351E-06	2.161796223	7.19E-10
4.3887E-06	2.160264363	1.25E-09
4.41404E-06	2.158711057	2.13E-09
4.43952E-06	2.157135885	3.61E-09
4.46515E-06	2.155538411	6.05E-09
4.49093E-06	2.153918185	0.00000001
4.51686E-06	2.152274738	1.64E-08
4.54293E-06	2.150607585	2.65E-08
4.56916E-06	2.148916223	4.25E-08
4.59554E-06	2.147200122	6.73E-08
4.62207E-06	2.145458734	0.000000105
4.64875E-06	2.143691483	0.000000164
4.67559E-06	2.141897763	0.000000251
4.70258E-06	2.140076944	0.000000382
4.72973E-06	2.138228352	0.000000576
4.75703E-06	2.136351284	0.000000858
4.7845E-06	2.134444989	0.00000127
4.81212E-06	2.132508673	0.00000185
4.8399E-06	2.130541491	0.00000269
4.86784E-06	2.128542541	0.00000386
4.89594E-06	2.126510867	0.00000549
4.92421E-06	2.124445442	0.00000775
4.95264E-06	2.122345174	0.0000108
4.98123E-06	2.120208901	0.000015
5.00998E-06	2.118035381	0.0000206
5.03891E-06	2.115823301	0.0000281
5.068E-06	2.113571272	0.000038
5.09725E-06	2.111277836	0.0000509
5.12668E-06	2.108941468	0.0000677
5.15628E-06	2.106560591	0.0000893
5.18605E-06	2.104133588	0.000116923
5.21598E-06	2.101658822	0.000151879
5.2461E-06	2.099134662	0.000195796
5.27638E-06	2.096559509	0.000250538
5.30684E-06	2.093931842	0.000318239
5.33748E-06	2.091250248	0.000401321
5.36829E-06	2.088513479	0.0005025
5.39929E-06	2.085720503	0.000624789
5.43046E-06	2.082870554	0.000771491
5.46181E-06	2.079963213	0.00094618
5.49334E-06	2.07699844	0.001152676
5.52505E-06	2.073976664	0.001395005
5.55695E-06	2.070898821	0.001677346
5.58903E-06	2.067766425	0.002003971
5.62129E-06	2.064581606	0.002379163
5.65375E-06	2.06134715	0.002807132
5.68639E-06	2.05806653	0.00329191
5.71921E-06	2.054743907	0.003837251
5.75223E-06	2.05138413	0.004446508
5.78544E-06	2.04799271	0.005122517
5.81884E-06	2.044575777	0.005867479
5.85243E-06	2.041140011	0.00668284
5.88622E-06	2.037692553	0.007569184
5.9202E-06	2.034240908	0.008526129
5.95438E-06	2.030792792	0.009552247
5.98875E-06	2.027356025	0.010644991
6.02333E-06	2.023938339	0.011800653
6.0581E-06	2.020547237	0.013014342
6.09307E-06	2.017189791	0.014279991
6.12825E-06	2.013872485	0.015590386
6.16363E-06	2.010601033	0.016937232
6.19921E-06	2.007380218	0.018311242
6.235E-06	2.004213732	0.019702252
6.27099E-06	2.001104048	0.021099366
6.3072E-06	1.998052307	0.022491116
6.34361E-06	1.995058222	0.023865644
6.38023E-06	1.992120029	0.025210892
6.41706E-06	1.989234468	0.026514808
6.45411E-06	1.986396753	0.027765542
6.49137E-06	1.983600648	0.028951651
6.52884E-06	1.980838502	0.030062292
6.56654E-06	1.978101352	0.031087393
6.60444E-06	1.97537903	0.032017824
6.64257E-06	1.972660332	0.032845528
6.68092E-06	1.969933134	0.033563644
6.71949E-06	1.96718459	0.034166593
6.75828E-06	1.964401294	0.034650138
6.7973E-06	1.961569474	0.035011423
6.83654E-06	1.958675158	0.035248977
6.87601E-06	1.955704369	0.035362695
6.9157E-06	1.952643258	0.035353793
6.95563E-06	1.949478299	0.035224744
6.99578E-06	1.946196404	0.034979193
7.03617E-06	1.942785027	0.034621852
7.07679E-06	1.939232312	0.03415839
7.11765E-06	1.935527135	0.033595308
7.15874E-06	1.93165918	0.032939807
7.20006E-06	1.92761896	0.032199657
7.24163E-06	1.923397899	0.031383061
7.28344E-06	1.918988248	0.030498525
7.32548E-06	1.914383141	0.029554732
7.36777E-06	1.909576499	0.028560423
7.41031E-06	1.904563068	0.027524283
7.45309E-06	1.899338238	0.026454844
7.49612E-06	1.893898073	0.025360393
7.53939E-06	1.88823921	0.024248896
7.58292E-06	1.882358704	0.023127933
7.62669E-06	1.876254011	0.022004644
7.67072E-06	1.869922826	0.020885695
7.71501E-06	1.86336301	0.019777248
7.75955E-06	1.85657248	0.01868495
7.80434E-06	1.849549058	0.017613935
7.8494E-06	1.84229043	0.016568838
7.89471E-06	1.834793952	0.015553821
7.94029E-06	1.827056604	0.014572614
7.98613E-06	1.819074859	0.013628566
8.03223E-06	1.810844562	0.012724713
8.0786E-06	1.802360857	0.01186386
8.12524E-06	1.793618041	0.011048672
8.17215E-06	1.784609532	0.010281786
8.21933E-06	1.775327712	0.009565932
8.26678E-06	1.765763901	0.00890408
8.3145E-06	1.755908271	0.008299589
8.3625E-06	1.745749743	0.00775639
8.41078E-06	1.735276035	0.00727917
8.45934E-06	1.724473535	0.006873589
8.50817E-06	1.713327302	0.006546507
8.55729E-06	1.70182118	0.006306225
8.60669E-06	1.689937739	0.006162753
8.65638E-06	1.67765834	0.006128083
8.70635E-06	1.664963266	0.006216482
8.75662E-06	1.65183193	0.006444792
8.80717E-06	1.638242931	0.006832743
8.85801E-06	1.624174381	0.007403264
8.90915E-06	1.609604139	0.0081828
8.96058E-06	1.594510146	0.009201625
9.01231E-06	1.578870821	0.010494142
9.06434E-06	1.562665558	0.012099173
9.11667E-06	1.545875136	0.014060228
9.1693E-06	1.528482398	0.016425745
9.22224E-06	1.510472944	0.019249299
9.27548E-06	1.491835729	0.022589758
9.32903E-06	1.47256406	0.0265114
9.38288E-06	1.452656473	0.031083941
9.43705E-06	1.432117733	0.03638249
9.49153E-06	1.410960076	0.042487387
9.54633E-06	1.389204426	0.049483898
9.60144E-06	1.366881906	0.05746172
9.65687E-06	1.344035424	0.066514245
9.71262E-06	1.32072135	0.076737502
9.76869E-06	1.297011412	0.08822869
9.82509E-06	1.272994678	0.101084166
9.88181E-06	1.248779417	0.115396768
9.93885E-06	1.224494787	0.131252325
9.99623E-06	1.200292281	0.148725183
1.00539E-05	1.17634619	0.167872708
1.0112E-05	1.152852627	0.188728798
1.01704E-05	1.130027157	0.211296568
1.02291E-05	1.108099488	0.235540867
1.02881E-05	1.087305407	0.261381456
1.03475E-05	1.067875821	0.288688099
1.04073E-05	1.050022991	0.317279098
1.04673E-05	1.033926137	0.346924304
1.05278E-05	1.019717235	0.377353483
1.05885E-05	1.007470267	0.408269348
1.06497E-05	0.997195143	0.439363879
1.07112E-05	0.988837408	0.470335603
1.0773E-05	0.982283767	0.500905236
1.08352E-05	0.977371138	0.530828292
1.08977E-05	0.973898197	0.55990343
1.09607E-05	0.971637564	0.587976614
1.10239E-05	0.970346714	0.614942171
1.10876E-05	0.969777517	0.64074151
1.11516E-05	0.969683914	0.665360714
1.1216E-05	0.969828334	0.688827593
1.12807E-05	0.969986822	0.711209
1.13458E-05	0.969954345	0.732607932
1.14113E-05	0.969549431	0.753161207
1.14772E-05	0.96861976	0.773036494
1.15435E-05	0.967048422	0.792428409
1.16101E-05	0.96476023	0.811553477
1.16771E-05	0.961728384	0.830642719
1.17445E-05	0.957980532	0.849931438
1.18124E-05	0.953602724	0.869646257
1.18805E-05	0.948739879	0.889989654
1.19491E-05	0.94359193	0.911122337
1.20181E-05	0.93840364	0.933145865
1.20875E-05	0.933448187	0.95608735
1.21573E-05	0.929004835	0.979889177
1.22275E-05	0.925332295	1.004406507
1.22981E-05	0.922641595	1.029413262
1.2369E-05	0.921070947	1.054617791
1.24405E-05	0.920666542	1.079686208
1.25123E-05	0.921371771	1.104270576
1.25845E-05	0.923025502	1.128039142
1.26572E-05	0.925368877	1.150705825
1.27302E-05	0.928060146	1.172055513
1.28037E-05	0.930695125	1.191964288
1.28776E-05	0.932831349	1.210413857
1.2952E-05	0.934014645	1.227499565
1.30268E-05	0.93380666	1.24343223
1.3102E-05	0.931811839	1.258534734
1.31776E-05	0.927704175	1.273232008
1.32537E-05	0.921251865	1.288035857
1.33302E-05	0.912339069	1.303524298
1.34071E-05	0.900984231	1.320314208
1.34845E-05	0.887352294	1.339028515
1.35624E-05	0.871758082	1.360259423
1.36407E-05	0.854660125	1.384527154
1.37194E-05	0.836640547	1.412241486
1.37986E-05	0.818372537	1.443668492
1.38783E-05	0.800577111	1.478908745
1.39584E-05	0.783974068	1.517891689
1.4039E-05	0.769234255	1.56038753
1.41201E-05	0.756940786	1.606033125
1.42016E-05	0.747563051	1.65436845
1.42836E-05	0.741445934	1.704875231
1.4366E-05	0.738812061	1.757012598
1.4449E-05	0.739773304	1.810246007
1.45324E-05	0.744347356	1.864067726
1.46163E-05	0.752475804	1.918009093
1.47006E-05	0.764040828	1.971646934
1.47855E-05	0.778879616	2.024604997
1.48709E-05	0.796795618	2.076553349
1.49567E-05	0.81756727	2.127205973
1.50431E-05	0.840954401	2.17631828
1.51299E-05	0.866703001	2.223684893
1.52173E-05	0.894549103	2.269137552
1.53051E-05	0.924221845	2.312544259
1.53935E-05	0.955446483	2.353808525
1.54823E-05	0.987947866	2.392867901
1.55717E-05	1.021453235	2.429694759
1.56616E-05	1.055696264	2.464294439
1.5752E-05	1.090420528	2.49670492
1.5843E-05	1.125383517	2.526994934
1.59344E-05	1.160360666	2.55526138
1.60264E-05	1.195148666	2.581627286
1.61189E-05	1.229568954	2.606237878
1.6212E-05	1.263470636	2.629256181
1.63056E-05	1.296732178	2.650859329
1.63997E-05	1.329263145	2.671232739
1.64944E-05	1.361004464	2.690565377
1.65896E-05	1.391927881	2.709044766
1.66854E-05	1.422034546	2.726852108
1.67817E-05	1.451352894	2.744157455
1.68786E-05	1.479935831	2.761115328
1.6976E-05	1.507856496	2.777862497
1.7074E-05	1.535204567	2.794514644
1.71726E-05	1.562082008	2.811164459
1.72717E-05	1.588597979	2.82788199
1.73715E-05	1.614864946	2.844713873
1.74717E-05	1.640994326	2.861684749
1.75726E-05	1.667093058	2.878798505
1.76741E-05	1.693260176	2.896041054
1.77761E-05	1.719584576	2.913382556
1.78787E-05	1.746143108	2.930780468
1.79819E-05	1.772999587	2.948182271
1.80857E-05	1.800203834	2.965529144
1.81902E-05	1.827792305	2.982757742
1.82952E-05	1.855788327	2.999803176
1.84008E-05	1.884202817	3.016601475
1.8507E-05	1.913035718	3.03309097
1.86139E-05	1.942277371	3.049213726
1.87213E-05	1.971909665	3.064917088
1.88294E-05	2.001907876	3.080153841
1.89381E-05	2.032241758	3.094883183
1.90474E-05	2.062877202	3.109070397
1.91574E-05	2.093777159	3.122687268
1.9268E-05	2.12490305	3.135711366
1.93792E-05	2.156215383	3.148126171
1.94911E-05	2.187674618	3.159920503
1.96036E-05	2.219241702	3.171088152
1.97168E-05	2.250879089	3.181626609
1.98306E-05	2.282550458	3.191537476
1.99451E-05	2.314221143	3.200825702
2.00602E-05	2.345858579	3.209498711
2.01761E-05	2.377432024	3.217566464
2.02925E-05	2.408912701	3.225040888
2.04097E-05	2.440273997	3.231935216
2.05275E-05	2.471491004	3.238264206
2.0646E-05	2.502540802	3.24404338
2.07652E-05	2.533401921	3.249289357
2.08851E-05	2.564054983	3.254018692
2.10057E-05	2.594481134	3.258249567
2.11269E-05	2.624664049	3.261998977
2.12489E-05	2.654587532	3.265285523
2.13716E-05	2.684237019	3.268127312
2.14949E-05	2.713598663	3.270542935
2.1619E-05	2.74265984	3.272550716
2.17438E-05	2.771408205	3.274169748
2.18694E-05	2.799832305	3.275419086
2.19956E-05	2.827921576	3.276317712
2.21226E-05	2.855665524	3.276885492
2.22503E-05	2.883054536	3.27714223
2.23788E-05	2.910079291	3.277108403
2.2508E-05	2.93673136	3.276804536
2.26379E-05	2.963002374	3.276252243
2.27686E-05	2.988884545	3.275473736
2.29E-05	3.014371286	3.274491293
2.30322E-05	3.039455716	3.273329047
2.31652E-05	3.064132207	3.272011464
2.32989E-05	3.088396108	3.270563844
2.34335E-05	3.11224323	3.269013064
2.35687E-05	3.135671	3.267386569
2.37048E-05	3.158678067	3.265713005
2.38417E-05	3.181264201	3.264022535
2.39793E-05	3.203431001	3.262346318
2.41177E-05	3.225181968	3.260716626
2.4257E-05	3.246523211	3.259166327
2.4397E-05	3.267462191	3.257730293
2.45378E-05	3.288009929	3.25644331
2.46795E-05	3.308179823	3.255341343
2.4822E-05	3.327988712	3.25446051
2.49653E-05	3.347456943	3.253836999
2.51094E-05	3.366607678	3.253507647
2.52544E-05	3.385468875	3.253507842
2.54002E-05	3.404071576	3.253872952
2.55468E-05	3.422451919	3.254636047
2.56943E-05	3.440648922	3.255829617
2.58426E-05	3.458707036	3.257482619
2.59918E-05	3.476673948	3.25962198
2.61419E-05	3.494601813	3.262270745
2.62928E-05	3.512546025	3.265448466
2.64446E-05	3.530566508	3.269169171
2.65972E-05	3.548725043	3.273442951
2.67508E-05	3.567087507	3.278272941
2.69052E-05	3.58571971	3.283658191
2.70605E-05	3.604691661	3.289588751
2.72168E-05	3.624071623	3.296050158
2.73739E-05	3.643930248	3.3030187
2.75319E-05	3.66433584	3.310464852
2.76909E-05	3.685355578	3.318351337
2.78507E-05	3.707054191	3.326633605
2.80115E-05	3.729493098	3.335260012
2.81732E-05	3.752729561	3.344172107
2.83359E-05	3.776815875	3.353305033
2.84994E-05	3.801798606	3.362588039
2.8664E-05	3.827717901	3.371945091
2.88294E-05	3.854606875	3.381295571
2.89959E-05	3.882491094	3.390555052
2.91633E-05	3.911388161	3.39963613
2.93316E-05	3.94130741	3.408449306
2.9501E-05	3.972249721	3.41690389
2.96713E-05	4.004207442	3.424908914
2.98426E-05	4.037164424	3.43237404
3.00149E-05	4.071096176	3.43921045
3.01881E-05	4.105970107	3.445331693
3.03624E-05	4.14174587	3.450654487
3.05377E-05	4.178375791	3.455099462
3.0714E-05	4.215805369	3.458591836
3.08913E-05	4.253973832	3.461062018
3.10696E-05	4.292814757	3.462446128
3.1249E-05	4.332256711	3.462686442
3.14294E-05	4.372223936	3.46173175
3.16109E-05	4.412637038	3.459537639
3.17934E-05	4.45341369	3.456066688
3.19769E-05	4.494469327	3.451288593
3.21615E-05	4.535717838	3.445180218
3.23472E-05	4.577072232	3.437725573
3.25339E-05	4.618445285	3.428915736
3.27217E-05	4.659750158	3.418748712
3.29106E-05	4.700900977	3.407229242
3.31006E-05	4.741813383	3.394368562
3.32917E-05	4.782405035	3.380184128
3.34839E-05	4.822596075	3.364699297
3.36772E-05	4.862309551	3.347942987
3.38716E-05	4.901471794	3.329949303
3.40672E-05	4.940012749	3.310757151
3.42639E-05	4.977866269	3.290409834
3.44617E-05	5.014970359	3.268954638
3.46606E-05	5.051267379	3.246442408
3.48607E-05	5.08670421	3.22292713
3.5062E-05	5.121232379	3.198465504
3.52644E-05	5.15480814	3.173116528
3.5468E-05	5.187392531	3.146941084
3.56727E-05	5.218951384	3.120001539
3.58787E-05	5.249455316	3.092361353
3.60858E-05	5.278879681	3.064084703
3.62941E-05	5.3072045	3.035236122
3.65037E-05	5.334414362	3.005880155
3.67144E-05	5.360498307	2.976081035
3.69263E-05	5.385449684	2.945902376
3.71395E-05	5.409265993	2.915406887
3.73539E-05	5.431948716	2.884656108
3.75696E-05	5.453503118	2.853710164
3.77865E-05	5.47393806	2.822627545
3.80046E-05	5.49326578	2.791464906
3.8224E-05	5.51150168	2.760276883
3.84447E-05	5.5286641	2.729115941
3.86666E-05	5.544774096	2.698032233
3.88899E-05	5.559855204	2.667073485
3.91144E-05	5.573933211	2.6362849
3.93402E-05	5.587035926	2.605709079
3.95673E-05	5.599192953	2.575385965
3.97957E-05	5.610435461	2.545352799
4.00255E-05	5.620795969	2.5156441
4.02565E-05	5.630308124	2.486291657
4.04889E-05	5.639006501	2.457324531
4.07227E-05	5.646926393	2.428769086
4.09578E-05	5.654103623	2.400649015
4.11942E-05	5.660574356	2.372985394
4.1432E-05	5.666374927	2.345796732
4.16712E-05	5.67154167	2.31909905
4.19118E-05	5.676110768	2.292905948
4.21538E-05	5.680118105	2.267228695
4.23971E-05	5.68359913	2.24207632
4.26419E-05	5.686588737	2.21745571
4.28881E-05	5.689121148	2.193371714
4.31356E-05	5.691229813	2.169827248
4.33847E-05	5.692947318	2.146823405
4.36351E-05	5.694305304	2.124359571
4.3887E-05	5.695334397	2.102433534
4.41404E-05	5.696064143	2.081041602
4.43952E-05	5.696522965	2.060178714
4.46515E-05	5.696738114	2.039838558
4.49093E-05	5.696735638	2.02001368
4.51686E-05	5.696540362	2.000695593
4.54293E-05	5.696175868	1.981874889
4.56916E-05	5.695664485	1.963541339
4.59554E-05	5.695027292	1.945683997
4.62207E-05	5.694284122	1.928291297
4.64875E-05	5.693453571	1.911351147
4.67559E-05	5.692553014	1.894851013
4.70258E-05	5.691598632	1.87877801
4.72973E-05	5.690605433	1.863118981
4.75703E-05	5.689587283	1.847860564
4.7845E-05	5.688556941	1.832989273
4.81212E-05	5.687526093	1.818491554
4.8399E-05	5.686505396	1.80435385
4.86784E-05	5.685504512	1.790562654
4.89594E-05	5.684532154	1.777104559
4.92421E-05	5.683596133	1.763966307
4.95264E-05	5.682703396	1.751134823
4.98123E-05	5.681860076	1.738597259
5.00998E-05	5.681071535	1.726341022
5.03891E-05	5.680342412	1.714353803
5.068E-05	5.679676664	1.7026236
5.09725E-05	5.679077612	1.691138743
5.12668E-05	5.678547986	1.679887904
5.15628E-05	5.678089964	1.668860117
5.18605E-05	5.677705216	1.658044788
5.21598E-05	5.677394944	1.647431699
5.2461E-05	5.677159916	1.637011016
5.27638E-05	5.67700051	1.626773294
5.30684E-05	5.676916744	1.616709475
5.33748E-05	5.67690831	1.606810888
5.36829E-05	5.676974611	1.597069247
5.39929E-05	5.677114784	1.587476644
5.43046E-05	5.677327735	1.578025547
5.46181E-05	5.677612163	1.56870879
5.49334E-05	5.677966585	1.559519567
5.52505E-05	5.678389361	1.550451422
5.55695E-05	5.678878717	1.54149824
5.58903E-05	5.67943276	1.532654237
5.62129E-05	5.680049506	1.523913947
5.65375E-05	5.680726889	1.515272214
5.68639E-05	5.68146278	1.506724181
5.71921E-05	5.682255006	1.498265274
5.75223E-05	5.683101355	1.489891194
5.78544E-05	5.683999596	1.481597905
5.81884E-05	5.684947487	1.473381623
5.85243E-05	5.685942782	1.465238799
5.88622E-05	5.686983245	1.457166116
5.9202E-05	5.688066656	1.449160472
5.95438E-05	5.689190818	1.441218971
5.98875E-05	5.69035356	1.433338909
6.02333E-05	5.69155275	1.425517771
6.0581E-05	5.692786293	1.417753213
6.09307E-05	5.694052137	1.410043055
6.12825E-05	5.695348277	1.402385275
6.16363E-05	5.696672758	1.394777994
6.19921E-05	5.698023678	1.38721947
6.235E-05	5.699399187	1.379708092
6.27099E-05	5.700797491	1.372242368
6.3072E-05	5.702216854	1.364820918
6.34361E-05	5.703655595	1.357442469
6.38023E-05	5.705112092	1.350105848
6.41706E-05	5.706584781	1.34280997
6.45411E-05	5.708072156	1.335553841
6.49137E-05	5.709572766	1.328336542
6.52884E-05	5.711085219	1.321157231
6.56654E-05	5.71260818	1.314015134
6.60444E-05	5.714140366	1.306909543
6.64257E-05	5.715680552	1.299839805
6.68092E-05	5.717227565	1.292805327
6.71949E-05	5.718780283	1.285805563
6.75828E-05	5.720337636	1.278840015
6.7973E-05	5.721898603	1.271908227
6.83654E-05	5.723462213	1.265009785
6.87601E-05	5.72502754	1.258144309
6.9157E-05	5.726593703	1.251311455
6.95563E-05	5.728159868	1.244510907
6.99578E-05	5.72972524	1.237742379
7.03617E-05	5.731289067	1.231005611
7.07679E-05	5.732850637	1.224300363
7.11765E-05	5.734409276	1.217626422
7.15874E-05	5.735964345	1.210983588
7.20006E-05	5.737515244	1.204371684
7.24163E-05	5.739061404	1.197790545
7.28344E-05	5.740602289	1.191240024
7.32548E-05	5.742137398	1.184719983
7.36777E-05	5.743666254	1.178230298
7.41031E-05	5.745188415	1.171770855
7.45309E-05	5.746703462	1.165341549
7.49612E-05	5.748211005	1.158942284
7.53939E-05	5.749710678	1.152572969
7.58292E-05	5.75120214	1.146233522
7.62669E-05	5.752685072	1.139923866
7.67072E-05	5.754159179	1.133643927
7.71501E-05	5.755624185	1.127393638
7.75955E-05	5.757079835	1.121172934
7.80434E-05	5.758525893	1.114981753
7.8494E-05	5.75996214	1.108820035
7.89471E-05	5.761388376	1.102687723
7.94029E-05	5.762804418	1.096584762
7.98613E-05	5.764210095	1.090511098
8.03223E-05	5.765605255	1.084466677
8.0786E-05	5.766989758	1.078451446
8.12524E-05	5.768363478	1.072465352
8.17215E-05	5.769726302	1.066508344
8.21933E-05	5.771078129	1.060580368
8.26678E-05	5.772418868	1.054681373
8.3145E-05	5.773748442	1.048811303
8.3625E-05	5.775066781	1.042970106
8.41078E-05	5.776373826	1.037157726
8.45934E-05	5.77766953	1.031374108
8.50817E-05	5.77895385	1.025619194
8.55729E-05	5.780226754	1.019892927
8.60669E-05	5.781488218	1.014195247
8.65638E-05	5.782738224	1.008526094
8.70635E-05	5.783976763	1.002885407
8.75662E-05	5.785203831	0.997273121
8.80717E-05	5.786419431	0.991689173
8.85801E-05	5.787623571	0.986133497
8.90915E-05	5.788816265	0.980606025
8.96058E-05	5.789997532	0.975106689
9.01231E-05	5.791167397	0.969635418
9.06434E-05	5.792325889	0.964192141
9.11667E-05	5.793473041	0.958776784
9.1693E-05	5.79460889	0.953389273
9.22224E-05	5.795733477	0.948029533
9.27548E-05	5.796846847	0.942697485
9.32903E-05	5.797949047	0.937393051
9.38288E-05	5.79904013	0.932116151
9.43705E-05	5.800120148	0.926866703
9.49153E-05	5.80118916	0.921644625
9.54633E-05	5.802247224	0.916449832
9.60144E-05	5.803294402	0.91128224
9.65687E-05	5.804330758	0.906141762
9.71262E-05	5.805356358	0.90102831
9.76869E-05	5.80637127	0.895941795
9.82509E-05	5.807375564	0.890882128
9.88181E-05	5.808369311	0.885849217
9.93885E-05	5.809352584	0.880842971
9.99623E-05	5.810325457	0.875863296
0.000100539	5.811288005	0.870910097
0.00010112	5.812240306	0.865983282
0.000101704	5.813182436	0.861082752
0.000102291	5.814114474	0.856208412
0.000102881	5.8150365	0.851360163
0.000103475	5.815948594	0.846537908
0.000104073	5.816850837	0.841741547
0.000104673	5.81774331	0.83697098
0.000105278	5.818626095	0.832226107
0.000105885	5.819499274	0.827506827
0.000106497	5.820362931	0.822813036
0.000107112	5.821217148	0.818144634
0.00010773	5.822062009	0.813501516
0.000108352	5.822897597	0.808883579
0.000108977	5.823723997	0.804290719
0.000109607	5.824541291	0.799722831
0.000110239	5.825349564	0.79517981
0.000110876	5.826148899	0.790661551
0.000111516	5.826939381	0.786167947
0.00011216	5.827721092	0.781698893
0.000112807	5.828494118	0.777254282
0.000113458	5.82925854	0.772834006
0.000114113	5.830014443	0.76843796
0.000114772	5.830761909	0.764066034
0.000115435	5.831501021	0.759718121
0.000116101	5.832231862	0.755394114
0.000116771	5.832954513	0.751093905
0.000117445	5.833669058	0.746817384
0.000118124	5.834375576	0.742564444
0.000118805	5.835074149	0.738334976
0.000119491	5.835764858	0.734128871
0.000120181	5.836447783	0.72994602
0.000120875	5.837123004	0.725786315
0.000121573	5.837790601	0.721649646
0.000122275	5.838450652	0.717535906
0.000122981	5.839103235	0.713444984
0.00012369	5.83974843	0.709376772
0.000124405	5.840386312	0.705331161
0.000125123	5.841016959	0.701308042
