!!!!!!!!!!!!!!  at minimum: [22.3036626  34.71663843 72.5331487  19.34944995] -5.322638191430231 0 1567693994.0840049
!!!!!!!!!!!!!!  at minimum: [22.3237271  34.69332318 72.53914063 19.35041231] -5.322638141402446 0 1567694071.390294
!!!!!!!!!!!!!!  at minimum: [22.30447851 34.71098914 72.54166449 19.34693722] -5.3226381842887145 0 1567694132.085009
!!!!!!!!!!!!!!  at minimum: [22.30831206 34.71114107 72.53431405 19.34972897] -5.322638192648055 0 1567694204.870447
!!!!!!!!!!!!!!  at minimum: [22.30738859 34.70993137 72.5320112  19.35277198] -5.322638185882534 0 1567694279.8560395
!!!!!!!!!!!!!!  at minimum: [22.30730941 34.71307363 72.53648745 19.3472385 ] -5.322638188853947 0 1567694354.5575035
!!!!!!!!!!!!!!  at minimum: [ 3.86599632  1.00002363  2.65053479 21.05645186] -5.867300604225866 1 1567694436.2143645
!!!!!!!!!!!!!!  at minimum: [67.19630709 20.9253163  36.61241478 23.47739673] -5.064397795752915 0 1567694489.9895308
!!!!!!!!!!!!!!  at minimum: [142.42319483  37.62783164  70.82271738  19.60723907] -4.742473892427119 0 1567694619.1672628
!!!!!!!!!!!!!!  at minimum: [ 6.14192618  1.          1.         20.5971486 ] -5.868792925905575 1 1567694677.4967213
!!!!!!!!!!!!!!  at minimum: [ 6.14075791  1.          1.         20.59799455] -5.868792925504204 1 1567694748.1404808
!!!!!!!!!!!!!!  at minimum: [ 6.14187586  1.          1.         20.59722465] -5.868792925950312 1 1567694846.5434783
!!!!!!!!!!!!!!  at minimum: [ 46.58618561  19.76084156 186.73448832  19.9303    ] -4.666777320696226 0 1567694985.346649
!!!!!!!!!!!!!!  at minimum: [ 6.14160279  1.          1.         20.5974152 ] -5.868792925922347 0 1567695051.272162
!!!!!!!!!!!!!!  at minimum: [22.29773524 34.71608318 72.53951351 19.34833503] -5.322638177730383 0 1567695129.5703437
!!!!!!!!!!!!!!  at minimum: [ 6.1420977   1.          1.         20.59706693] -5.868792925937668 1 1567695223.8325624
!!!!!!!!!!!!!!  at minimum: [22.30649612 34.71294631 72.5338838  19.34985343] -5.322638193277823 0 1567695306.0578232
!!!!!!!!!!!!!!  at minimum: [ 6.1414055   1.          1.         20.59758475] -5.868792925866549 1 1567695376.4122677
!!!!!!!!!!!!!!  at minimum: [22.30608754 34.7123871  72.53721187 19.34852413] -5.322638186320858 0 1567695449.3772132
!!!!!!!!!!!!!!  at minimum: [22.30463632 34.71614486 72.53322377 19.34897701] -5.322638191533999 0 1567695529.1819117
!!!!!!!!!!!!!!  at minimum: [22.30763189 34.71653113 72.52856418 19.35051058] -5.322638188534831 0 1567695610.2906802
!!!!!!!!!!!!!!  at minimum: [22.29876017 34.734983   72.5308082  19.3404546 ] -5.32263808412997 0 1567695680.9559054
!!!!!!!!!!!!!!  at minimum: [22.31232426 34.70760988 72.53616797 19.34852297] -5.322638186510966 0 1567695774.8977196
!!!!!!!!!!!!!!  at minimum: [25.35025106  2.49961473  3.48741285  2.58174256] -5.718280535314836 1 1567695840.6064465
!!!!!!!!!!!!!!  at minimum: [ 6.14500857  1.          1.         20.59479245] -5.868792922251261 1 1567695942.717596
!!!!!!!!!!!!!!  at minimum: [ 6.1387763   4.75481598  1.         16.82938339] -5.865607230209451 1 1567696018.6685126
!!!!!!!!!!!!!!  at minimum: [22.30548992 34.71210273 72.53375035 19.35095871] -5.322638190516785 0 1567696089.566419
!!!!!!!!!!!!!!  at minimum: [ 6.14190228  1.          1.         20.59720527] -5.868792925950424 1 1567696127.2811913
!!!!!!!!!!!!!!  at minimum: [22.31298425 34.70768249 72.53525198 19.34886104] -5.322638186162947 0 1567696198.307846
!!!!!!!!!!!!!!  at minimum: [22.30933359 34.70720752 72.53766112 19.3498796 ] -5.322638187939879 0 1567696279.0035021
!!!!!!!!!!!!!!  at minimum: [ 4.66738244  4.30888888  1.         18.34760396] -5.865329080689214 1 1567696345.1702278
!!!!!!!!!!!!!!  at minimum: [22.30794415 34.70946226 72.53617889 19.34983632] -5.3226381919468135 0 1567696423.1856444
!!!!!!!!!!!!!!  at minimum: [ 5.58510778 11.98446704  1.          9.94541838] -5.859794315146603 1 1567696505.9229124
!!!!!!!!!!!!!!  at minimum: [22.30913909 34.70767401 72.53952698 19.3480349 ] -5.322638188162926 0 1567696593.7989528
!!!!!!!!!!!!!!  at minimum: [22.30620089 34.7134886  72.5340712  19.34950321] -5.322638193199696 0 1567696697.5412483
!!!!!!!!!!!!!!  at minimum: [22.3165196  34.70074984 72.52509969 19.3594644 ] -5.322638122195849 0 1567696778.279729
!!!!!!!!!!!!!!  at minimum: [15.17446766  7.18861255  3.32637242  5.77842306] -5.812172252417 1 1567696842.3380284
!!!!!!!!!!!!!!  at minimum: [22.30645915 34.71478255 72.53257162 19.34958204] -5.322638192356732 0 1567696920.897358
!!!!!!!!!!!!!!  at minimum: [ 6.13742101  1.          1.         20.60057456] -5.868792919402532 1 1567696987.3481169
!!!!!!!!!!!!!!  at minimum: [ 6.14217209  1.          1.         20.59701445] -5.868792925926428 1 1567697055.982994
!!!!!!!!!!!!!!  at minimum: [ 6.88707007  2.12775835  1.00004769 18.92239007] -5.867666107379594 1 1567697136.4171417
!!!!!!!!!!!!!!  at minimum: [22.31249719 34.70953755 72.52482247 19.35554626] -5.322638168653093 0 1567697216.4843264
!!!!!!!!!!!!!!  at minimum: [22.30003338 34.71152739 72.53664532 19.35272122] -5.3226381729706 0 1567697273.1947124
!!!!!!!!!!!!!!  at minimum: [22.30620053 34.71301156 72.53409169 19.34983523] -5.322638193274408 0 1567697350.864108
!!!!!!!!!!!!!!  at minimum: [22.3110361  34.70398486 72.53901336 19.34999963] -5.3226381846231945 0 1567697428.6491396
!!!!!!!!!!!!!!  at minimum: [22.30607539 34.71316195 72.53412171 19.34976825] -5.3226381932673785 0 1567697497.3284185
!!!!!!!!!!!!!!  at minimum: [22.30450724 34.72526123 72.52458829 19.3487807 ] -5.322638168571233 0 1567697570.7447374
!!!!!!!!!!!!!!  at minimum: [70.77564755  1.17297225 45.55912799 30.11154275] -5.181229627499909 0 1567697632.1800852
!!!!!!!!!!!!!!  at minimum: [22.30544588 34.71406402 72.53404541 19.34952676] -5.322638193083693 0 1567697714.8020923
!!!!!!!!!!!!!!  at minimum: [129.92863943   1.           1.          19.26522657] -5.234718321111661 0 1567697783.0585985
!!!!!!!!!!!!!!  at minimum: [22.3063481  34.71330075 72.53363165 19.3498801 ] -5.322638193249896 0 1567697849.0183887
!!!!!!!!!!!!!!  at minimum: [22.29911055 34.72256964 72.52963398 19.35026937] -5.322638181907438 0 1567697924.389664
!!!!!!!!!!!!!!  at minimum: [ 6.14231927  1.          1.         20.59694722] -5.868792925840273 1 1567698001.936968
!!!!!!!!!!!!!!  at minimum: [22.30591451 34.71385546 72.53454613 19.34896467] -5.322638192698565 0 1567698098.0832448
!!!!!!!!!!!!!!  at minimum: [ 7.80251601  5.01816564  1.         15.34874727] -5.864548223484803 1 1567698203.9201388
!!!!!!!!!!!!!!  at minimum: [ 5.43442485  5.87227641  2.19950098 15.33209936] -5.858575429506789 1 1567698255.639823
!!!!!!!!!!!!!!  at minimum: [ 6.14291083  1.          1.         20.59637566] -5.868792925360273 1 1567698339.9585114
!!!!!!!!!!!!!!  at minimum: [ 6.14163211  1.          1.         20.59738837] -5.86879292592407 1 1567698431.696567
!!!!!!!!!!!!!!  at minimum: [22.306319   34.71297464 72.53404969 19.3498269 ] -5.322638193281059 0 1567698504.2191288
!!!!!!!!!!!!!!  at minimum: [22.30734829 34.70939361 72.53672412 19.34987832] -5.322638191638778 0 1567698588.6589534
[ 6.14190228  1.          1.         20.59720527]
-5.868792925950424
