2e-07 1.141671147852843 1.2801847561346869
2.0009e-07 1.1419040084254009 1.2806286598612409
2.0018e-07 1.1421370283370436 1.2810722038583824
2.00271e-07 1.1423698197762775 1.281515823209251
2.00361e-07 1.1426027704125503 1.2819590831826246
2.00451e-07 1.1428354927154538 1.2824024186698082
2.00542e-07 1.1430683740738141 1.2828453951305874
2.00632e-07 1.143301027237749 1.2832884472646409
2.00723e-07 1.1435360109810393 1.283733075218687
2.00814e-07 1.1437685945267408 1.2841758438102142
2.00905e-07 1.1440013368460904 1.2846182540761446
2.00995e-07 1.1442338512491566 1.2850607403327194
2.01086e-07 1.1444665242856664 1.2855028686123238
2.01177e-07 1.1446989695445486 1.2859450730401947
2.01269e-07 1.1449315732971241 1.286386919838906
2.0136e-07 1.145163949410631 1.2868288429428967
2.01451e-07 1.145396483878533 1.2872704087647266
2.01543e-07 1.145628790845828 1.2877120510482434
2.01634e-07 1.14586125602867 1.2881533363957884
2.01726e-07 1.146093493849268 1.2885946983608236
2.01817e-07 1.1463258897470132 1.2890357037352693
2.01909e-07 1.1465580584207786 1.2894767858824083
2.02001e-07 1.1467903850337369 1.289917511783535
2.02093e-07 1.1470224845608805 1.2903583146119593
2.02185e-07 1.1472569059473445 1.2908006849408913
2.02277e-07 1.1474889358555236 1.2912412082608122
2.02369e-07 1.147721123428292 1.2916813760225472
2.02461e-07 1.147953084191809 1.292121621019278
2.02553e-07 1.1481852024832848 1.2925615108000013
2.02646e-07 1.148417094103373 1.2930014779685426
2.02738e-07 1.1486491431152266 1.293441090262461
2.02831e-07 1.1488809655934544 1.2938807800964311
2.02924e-07 1.1491129453276896 1.294320115396372
2.03016e-07 1.1493446986659601 1.2947595283880118
2.03109e-07 1.149576609124911 1.2951985871854281
2.03202e-07 1.1498082933254565 1.2956377238256067
2.03295e-07 1.1501234689951894 1.2960651966369316
2.03388e-07 1.1508293062385613 1.2964390043876064
2.03481e-07 1.1515349701469957 1.29681254908774
2.03575e-07 1.152237923765795 1.2971843481032717
2.03668e-07 1.1529426693916651 1.2975580136949478
2.03761e-07 1.1536472430186435 1.2979314162637858
2.03855e-07 1.1543512625217747 1.2983049862361369
2.03948e-07 1.1550527701030397 1.2986765962789601
2.04042e-07 1.1557562578633398 1.2990498556984913
2.04136e-07 1.1564591931105628 1.29942328181772
2.0423e-07 1.157159621574699 1.2997947491057582
2.04324e-07 1.1578620278571725 1.3001678643750287
2.04418e-07 1.1585638832286982 1.3005411456474418
2.04512e-07 1.1592653792202923 1.3009143782197075
2.04606e-07 1.1599645660988986 1.3012854393272084
2.047e-07 1.1606653459492424 1.3016585747758416
2.04795e-07 1.1613657678672598 1.3020316612025644
2.04889e-07 1.1620638856104712 1.3024025776387678
2.04984e-07 1.1627635942686279 1.302775566303152
2.05078e-07 1.163462946433582 1.3031485056293133
2.05173e-07 1.1641621331525096 1.3035211821317678
2.05268e-07 1.1648586411071769 1.3038921173786038
2.05363e-07 1.1655569278142925 1.3042649086653721
2.05458e-07 1.1662550503603066 1.3046374371797407
2.05553e-07 1.1669504993096218 1.3050082251997401
2.05648e-07 1.1676477248290058 1.3053808675242462
2.05743e-07 1.1683447874639108 1.30575324713136
2.05838e-07 1.1690413070728347 1.3061257893643177
2.05934e-07 1.1697353502224324 1.3064963794668536
2.06029e-07 1.170431357183146 1.3068686092632191
2.06125e-07 1.1711268226692984 1.3072410010306004
2.06221e-07 1.1718198166648892 1.307611441800864
2.06316e-07 1.1725147721636136 1.307983520898444
2.06412e-07 1.1732091877309347 1.3083557613188699
2.06508e-07 1.1739032538771959 1.3087279508986838
2.06604e-07 1.1745950449771978 1.309097979406043
2.067e-07 1.1752884148051341 1.309470067613294
2.06797e-07 1.1759814366014434 1.3098421046947584
2.06893e-07 1.1766721881225701 1.3102119822002687
2.06989e-07 1.1773645163662412 1.3105839173430722
2.07086e-07 1.178056497959635 1.3109558010798534
2.07182e-07 1.178748133361976 1.3113276333183645
2.07279e-07 1.179437504816055 1.311697307981808
2.07376e-07 1.1800795641709387 1.3120513624755217
2.07473e-07 1.1805128797974906 1.3123321452162042
2.0757e-07 1.1809460517110857 1.3126128816418048
2.07667e-07 1.1813790800439556 1.312893571758771
2.07764e-07 1.1818098612262122 1.3131723223139906
2.07861e-07 1.1822426035299587 1.3134529202073801
2.07958e-07 1.182675202647835 1.3137334718115763
2.08056e-07 1.1831055572127716 1.3140120849930348
2.08153e-07 1.1835378710874305 1.3142925444124558
2.08251e-07 1.1839700421693904 1.3145729575624887
2.08349e-07 1.1843999712880775 1.314851433427822
2.08446e-07 1.1848318579093755 1.315131754432605
2.08544e-07 1.18526360212947 1.315412029188165
2.08642e-07 1.1856931069679897 1.3156903677960876
2.0874e-07 1.1861245675066452 1.3159705504466377
2.08838e-07 1.1865558860339271 1.3162506868684847
2.08937e-07 1.1869849677534008 1.316528888278773
2.09035e-07 1.1874160033751535 1.316808932636555
2.09133e-07 1.1878468973737053 1.3170889307865044
2.09232e-07 1.1882755571303207 1.317366995059985
2.0933e-07 1.188706168995958 1.3176469011875096
2.09429e-07 1.1891366396249186 1.3179267611284182
2.09528e-07 1.1895648785699575 1.3182046883269525
2.09627e-07 1.1899950678353413 1.3184844562877633
2.09726e-07 1.1904251162489348 1.3187641780835155
2.09825e-07 1.1908529355288 1.3190419682699868
2.09924e-07 1.1912827033448954 1.319321598128645
2.10023e-07 1.1917123306924573 1.3196011818441389
2.10122e-07 1.1921418176991054 1.3198807194238906
2.10222e-07 1.1925690789616 1.3201583269045114
2.10321e-07 1.1929982863876039 1.3204377726056458
2.10421e-07 1.193427353853791 1.320717172193374
2.10521e-07 1.1938541981079043 1.3209946428127055
2.10621e-07 1.1942829867519893 1.321273950566366
2.1072e-07 1.194711635815746 1.3215532122292828
2.10821e-07 1.195138064191807 1.3218305460535174
2.10921e-07 1.195566435188804 1.322109715927564
2.11021e-07 1.195994666983361 1.3223888397338508
2.11121e-07 1.1964206806069353 1.322666036830145
2.11221e-07 1.1968486350868932 1.3229450688933986
2.11322e-07 1.1972764507407088 1.3232240549121939
2.11423e-07 1.1977020507326244 1.323501115348655
2.11523e-07 1.1981295898208366 1.3237800096708845
2.11624e-07 1.1985569904576219 1.32405885797227
2.11725e-07 1.1989821779339953 1.3243357818179449
2.11826e-07 1.1994093027510264 1.3246145384698538
2.11927e-07 1.199836289489772 1.3248932491248433
2.12028e-07 1.2002877544150923 1.3251572334628163
2.12129e-07 1.200756548162009 1.3254143834868939
2.12231e-07 1.2012253720414223 1.3256712995445186
2.12332e-07 1.2016919680871458 1.3259263124944605
2.12434e-07 1.2021604779491148 1.3261831754108646
2.12535e-07 1.2026288306295594 1.3264400115577866
2.12637e-07 1.203094958193988 1.3266949455062358
2.12739e-07 1.20356299769833 1.3269517283716805
2.12841e-07 1.2040308804420945 1.3272084843980485
2.12943e-07 1.204498606565472 1.3274652135623606
2.13045e-07 1.2049641111848441 1.327720041742039
2.13147e-07 1.205431525249206 1.327976717440719
2.13249e-07 1.2058987831119015 1.3282333662089523
2.13352e-07 1.2063658849123795 1.3284899880241583
2.13454e-07 1.2068307688061164 1.3287447100693053
2.13557e-07 1.2072975596587596 1.3290012782379093
2.1366e-07 1.2077641948656928 1.3292578193862825
2.13762e-07 1.2082286148531625 1.3295124616753282
2.13865e-07 1.2086949399414284 1.3297689490434095
2.13968e-07 1.2091611097988417 1.3300254093249373
2.14072e-07 1.2096271245635661 1.3302818424980178
2.14175e-07 1.210090927680499 1.3305363780275423
2.14278e-07 1.2105566334274946 1.3307927572448346
2.14381e-07 1.21102218449447 1.3310491092885184
2.14485e-07 1.211485526581844 1.3313035646002336
2.14589e-07 1.211950769452623 1.3315598625584975
2.14692e-07 1.21241585805442 1.3318161332788527
2.14796e-07 1.2128807925241267 1.3320723767400755
2.149e-07 1.2133435215605741 1.332326724686184
2.15004e-07 1.2138081489248937 1.3325829138918437
2.15108e-07 1.2142726225659977 1.3328390757752062
2.15212e-07 1.2147369426200572 1.3330952103154237
2.15317e-07 1.2151990607728378 1.33334945055795
2.15421e-07 1.2156630748065813 1.3336055306754664
2.15526e-07 1.2161269356600046 1.3338615833877943
2.1563e-07 1.2165885972507353 1.3341157427151933
2.15735e-07 1.2170521528935472 1.334371740881385
2.1584e-07 1.2175153692302314 1.3346279160544434
2.15945e-07 1.2179786194901125 1.334883859193391
2.1605e-07 1.2184396739940941 1.33513791016615
2.16155e-07 1.218902620118471 1.3353937985971305
2.1626e-07 1.2193654140055596 1.3356496594814637
2.16365e-07 1.2198260147567443 1.3359036291130142
2.16471e-07 1.220406345756332 1.336079581747406
2.16576e-07 1.2210546151848338 1.3362055879482704
2.16682e-07 1.2217028536541983 1.336331494288304
2.16788e-07 1.2223527257380007 1.336459571449552
2.16894e-07 1.223000342659914 1.3365858888026116
2.17e-07 1.2236477426639851 1.3367123094094207
2.17106e-07 1.2242969599927027 1.3368406959123342
2.17212e-07 1.2249439255342705 1.336967322227177
2.17318e-07 1.2255906745294654 1.3370940511024605
2.17424e-07 1.2262392382288707 1.337222744860452
2.17531e-07 1.2268855535079455 1.3373496780597427
2.17637e-07 1.2275316526127213 1.3374767131304077
2.17744e-07 1.2281795638103714 1.3376057120696794
2.17851e-07 1.2288252299465892 1.337732950088801
2.17958e-07 1.2294706802811632 1.337860289294449
2.18065e-07 1.2301181262956664 1.3379893888372811
2.18172e-07 1.2307631443993103 1.338116929723138
2.18279e-07 1.2314079470744714 1.3382445711147737
2.18386e-07 1.232054556646647 1.3383741743450395
2.18494e-07 1.2326989278516218 1.3385020159590861
2.18601e-07 1.2333430840018655 1.3386299574024307
2.18709e-07 1.2339890444648223 1.3387598596683445
2.18817e-07 1.2346327698957087 1.3388879999836991
2.18925e-07 1.2352762806461308 1.339016239456019
2.19032e-07 1.2359215931338883 1.3391464387342442
2.19141e-07 1.236564673916783 1.3392748757364634
2.19249e-07 1.2372075403939733 1.339403411227441
2.19357e-07 1.237852206042003 1.339533905507081
2.19465e-07 1.2384948293447995 1.339662435956836
2.19574e-07 1.2391370526650283 1.3397912655661603
2.19682e-07 1.2397810725981318 1.3399220529465787
2.19791e-07 1.240422867457223 1.3400510774260805
2.199e-07 1.2410644487614746 1.3401801990701185
2.20009e-07 1.2417078241297383 1.3403112774669206
2.20118e-07 1.2423489777274317 1.3404405926636191
2.20227e-07 1.2429899181464 1.3405700043688855
2.20336e-07 1.2436326500892705 1.3407013718080778
2.20446e-07 1.2442731635570934 1.3408309757565928
2.20555e-07 1.2449134642227153 1.3409606755617414
2.20665e-07 1.24555555388084 1.3410923300814925
2.20774e-07 1.2461956142465278 1.3412220207584131
2.20884e-07 1.2468352762795691 1.3413520068107212
2.20994e-07 1.247476724782078 1.3414839465580721
2.21104e-07 1.2481159613770396 1.3416141222587556
2.21214e-07 1.2487549859239506 1.3417443925241224
2.21324e-07 1.2493957944262255 1.3418766154643051
2.21435e-07 1.250012625335868 1.3420024454147126
2.21545e-07 1.2502455289668748 1.342048390596129
2.21655e-07 1.250478218876641 1.3420945480423114
2.21766e-07 1.2507110666981214 1.3421405188582725
2.21877e-07 1.2509458801683564 1.3421883605180698
2.21988e-07 1.2511786718497266 1.3422343569182118
2.22099e-07 1.2514114356447923 1.3422803661167664
2.2221e-07 1.2516441715594184 1.342326388103379
2.22321e-07 1.2518768795994701 1.3423724228677028
2.22432e-07 1.2521095597708136 1.3424184703993987
2.22544e-07 1.2523442035268508 1.3424663884460208
2.22655e-07 1.252576827629429 1.3425124614372128
2.22767e-07 1.252809423881022 1.3425585471647403
2.22879e-07 1.2530418065251518 1.3426048446582544
2.22991e-07 1.2532743470968297 1.3426509557926756
2.23103e-07 1.2535068598351404 1.342697079632541
2.23215e-07 1.2537413340987034 1.3427450736560518
2.23327e-07 1.253973790839663 1.3427912228313064
2.23439e-07 1.254206219764993 1.3428373846811064
2.23552e-07 1.254438620880567 1.342883559195189
2.23664e-07 1.25467099419226 1.342929746363299
2.23777e-07 1.2549033397059484 1.3429759461751885
2.2389e-07 1.255135657427508 1.3430221586206177
2.24003e-07 1.2553697485602695 1.3430704395526971
2.24116e-07 1.2556020103723207 1.343116677154674
2.24229e-07 1.2558342444100032 1.3431629273594636
2.24342e-07 1.256066450679197 1.3432091901568555
2.24455e-07 1.2562986291857823 1.3432554655366475
2.24569e-07 1.2565307799356402 1.343301753488645
2.24682e-07 1.256764887763729 1.3433499109002756
2.24796e-07 1.2569969826710996 1.3433962239206452
2.2491e-07 1.2572290498395096 1.3434425494826179
2.25024e-07 1.2574610892748428 1.3434888875760287
2.25138e-07 1.2576931009829846 1.3435352381907204
2.25252e-07 1.2579248993030065 1.3435817996260888
2.25366e-07 1.2581588383269438 1.343630031839198
2.25481e-07 1.2583907665474479 1.3436764198764053
2.25595e-07 1.2586226670644314 1.343722820394289
2.2571e-07 1.2588545398837827 1.34376923338273
2.25825e-07 1.2590863850113907 1.3438156588316164
2.2594e-07 1.2593182024531446 1.3438620967308437
2.26055e-07 1.2595499922149356 1.3439085470703145
2.2617e-07 1.2597837346282514 1.3439568661359278
2.26285e-07 1.2600301946989498 1.3440193791583044
2.264e-07 1.2604996120419416 1.3443240948364663
2.26516e-07 1.2609670758911402 1.3446267015352078
2.26631e-07 1.2614343807302988 1.344929253488239
2.26747e-07 1.2619035038029989 1.345233605330422
2.26863e-07 1.2623704903637865 1.3455360474328835
2.26979e-07 1.2628392940329791 1.3458402886500738
2.27095e-07 1.2633059629231214 1.3461426209570497
2.27211e-07 1.263774447798483 1.3464467516052612
2.27327e-07 1.2642407996238851 1.3467489741721137
2.27443e-07 1.2647089663132656 1.3470529943076364
2.2756e-07 1.2651748164961614 1.3473553044004745
2.27677e-07 1.2656426656456776 1.3476592140087553
2.27793e-07 1.2661083851918853 1.3479612171918016
2.2791e-07 1.2665759173656346 1.3482650164009298
2.28027e-07 1.2670413216539314 1.3485669100117137
2.28144e-07 1.2675085374543313 1.3488705988787875
2.28261e-07 1.2679736270834143 1.3491723829737508
2.28379e-07 1.2684405271110855 1.3494759615561327
2.28496e-07 1.2689053026778667 1.34977763619198
2.28614e-07 1.2693699217880243 1.3500792563179893
2.28732e-07 1.2698363496312552 1.350382669780989
2.28849e-07 1.2703004708269532 1.3506843769671653
2.28967e-07 1.27076658443036 1.350987680219477
2.29085e-07 1.2712305778306767 1.3512890815853271
2.29204e-07 1.2716963777487427 1.3515922747556943
2.29322e-07 1.2721600591612676 1.3518935668628653
2.2944e-07 1.2726255459866167 1.3521966500098033
2.29559e-07 1.2730889160003211 1.3524978329161463
2.29678e-07 1.273554090323819 1.3528008060984182
2.29797e-07 1.2740171495259267 1.353101879862033
2.29915e-07 1.2744820119366882 1.3534047431386473
2.30035e-07 1.2749447609126843 1.3537057078178776
2.30154e-07 1.2754091276908064 1.3540086569136196
2.30273e-07 1.2758715670638434 1.3543095124977702
2.30392e-07 1.2763338521801137 1.3546103137880388
2.30512e-07 1.2767979377617975 1.35491290268887
2.30632e-07 1.2772599141073822 1.3552135950416073
2.30751e-07 1.2777236898238127 1.3555160742451482
2.30871e-07 1.2781853579781641 1.3558166577195336
2.30991e-07 1.2786488244106602 1.3561190272858656
2.31112e-07 1.279110184951521 1.3564195019413108
2.31232e-07 1.2795733426796871 1.3567217619307463
2.31352e-07 1.2799997069323434 1.3570159357011564
2.31473e-07 1.279999364740291 1.357231142339266
2.31594e-07 1.2799990396354353 1.357446330971371
2.31714e-07 1.2799987316092003 1.3576615015979359
2.31835e-07 1.2799984406530143 1.357876654219428
2.31956e-07 1.279998166758309 1.3580917888363184
2.32078e-07 1.2799980936451818 1.358306710480111
2.32199e-07 1.2799978538169288 1.3585218090910223
2.3232e-07 1.279997631024483 1.3587368896987702
2.32442e-07 1.279997425259291 1.3589519523038385
2.32564e-07 1.2799972365128036 1.3591669969067137
2.32685e-07 1.2799970647764758 1.3593820235078857
2.32807e-07 1.2799969100417654 1.3595970321078477
2.32929e-07 1.2799967723001346 1.3598120227070958
2.33052e-07 1.2799966515430492 1.3600269953061295
2.33174e-07 1.2799965477619788 1.360241949905451
2.33296e-07 1.2799966443692574 1.3604566915549203
2.33419e-07 1.2799965744839026 1.3606716101582061
2.33542e-07 1.2799965215490023 1.3608865107633132
2.33665e-07 1.2799964855560413 1.3611013933707572
2.33787e-07 1.2799964664965078 1.361316257981056
2.33911e-07 1.2799945149481304 1.3615292719208425
2.34034e-07 1.2799945297489463 1.3617441008453925
2.34157e-07 1.2799945614577457 1.3619589117742894
2.34281e-07 1.2799946100660315 1.3621737047080642
2.34404e-07 1.2799946755653113 1.3623884796472503
2.34528e-07 1.2799947579470958 1.3626032365923855
2.34652e-07 1.2799950402863638 1.3628177806140078
2.34776e-07 1.2799951563770577 1.3630325015746059
2.349e-07 1.27999528932482 1.3632472045427895
2.35024e-07 1.2799954391211772 1.3634618895191075
2.35149e-07 1.2799956057576587 1.363676556504113
2.35273e-07 1.279995789225798 1.3638912054983614
2.35398e-07 1.2799959895171327 1.3641058365024115
2.35523e-07 1.2799962066232038 1.3643204495168249
2.35648e-07 1.279996440535556 1.364535044542167
2.35773e-07 1.2799966912457383 1.3647496215790051
2.35898e-07 1.279997141522678 1.364963985717655
2.36023e-07 1.2799974257726139 1.3651785267812113
2.36149e-07 1.2799977267950564 1.365393049857993
2.36274e-07 1.2799980445815689 1.3656075549485802
2.364e-07 1.2799983791237188 1.3658220420535565
2.36526e-07 1.2799987304130773 1.3660365111735082
2.36652e-07 1.2799990984412195 1.3662509623090244
2.36778e-07 1.2799994831997241 1.3664653954606978
2.36904e-07 1.2799998846801737 1.3666798106291238
2.37031e-07 1.2800003028741538 1.3668942078149011
2.37157e-07 1.2802367783852304 1.3671299165515303
2.37284e-07 1.2807036469978077 1.3673850340827505
2.37411e-07 1.2811723142528344 1.367641948321257
2.37538e-07 1.2816406493423125 1.367899029185482
2.37665e-07 1.2821070713705212 1.3681540638606071
2.37792e-07 1.2825752903614234 1.368410894229394
2.3792e-07 1.2830433599481303 1.368667696523516
2.38047e-07 1.2835112802592985 1.3689244707261474
2.38175e-07 1.2839771083614886 1.3691793946727104
2.38302e-07 1.2844447311923002 1.3694361129631643
2.3843e-07 1.2849122051319053 1.3696928031120463
2.38558e-07 1.2853795303082967 1.3699494651028472
2.38687e-07 1.2858447665223003 1.370204278052287
2.38815e-07 1.2863117952384489 1.3704608839983583
2.38943e-07 1.2867786755737363 1.3707174617372095
2.39072e-07 1.2872432873814275 1.3709723851735833
2.39201e-07 1.287709872049833 1.3712289067017942
2.3933e-07 1.2881763087182452 1.3714853999744088
2.39459e-07 1.2886425975135063 1.3717418649754614
2.39588e-07 1.2891068029960135 1.371996483060581
2.39717e-07 1.289572797103283 1.3722528917910086
2.39846e-07 1.2900386437163196 1.372509272202356
2.39976e-07 1.2905024094255741 1.3727638066081187
2.40106e-07 1.2909679621051053 1.373020130654248
2.40236e-07 1.2914333676678609 1.3732764263344626
2.40366e-07 1.291898626239546 1.3735326936333283
2.40496e-07 1.2923618071095444 1.3737871161411608
2.40626e-07 1.2928265911420211 1.3740435199672163
2.40756e-07 1.2932914101984778 1.3742997022822814
2.40887e-07 1.2937560827644377 1.3745558561549918
2.41018e-07 1.2942186808180074 1.3748101664514647
2.41148e-07 1.2946830614490739 1.3750662637135513
2.41279e-07 1.2951472959632402 1.3753223324882398
2.41411e-07 1.2956094583481144 1.3755765585968285
2.41542e-07 1.2960734016712865 1.375832570671221
2.41673e-07 1.2965371992497219 1.3760885542138312
2.41805e-07 1.2970008512073625 1.3763445092100388
2.41936e-07 1.297462434203465 1.3765986227543527
2.42068e-07 1.2979257959579498 1.3768545209327954
2.422e-07 1.298388831236416 1.3771105827345407
2.42332e-07 1.29884998117728 1.377364611714785
2.42465e-07 1.2993129082471695 1.3776204243323766
2.42597e-07 1.2997756904353572 1.3778762083172456
2.4273e-07 1.3001103304567225 1.3781215009426013
2.42862e-07 1.3003257485173556 1.3783584629033268
2.42995e-07 1.300541130923607 1.3785953841588383
2.43128e-07 1.3007564776931608 1.3788322647300932
2.43261e-07 1.30097370722193 1.3790709143777822
2.43395e-07 1.3011888015102908 1.3793079051378585
2.43528e-07 1.3014040411889038 1.3795446634389226
2.43662e-07 1.3016192453015512 1.3797813811395554
2.43795e-07 1.3018344138658438 1.3800180582606245
2.43929e-07 1.3020495468993782 1.3802546948229795
2.44063e-07 1.3022646444197368 1.3804912908474516
2.44197e-07 1.3024797064444866 1.3807278463548551
2.44332e-07 1.302694732991181 1.3809643613659859
2.44466e-07 1.302909543383184 1.3812010274536348
2.44601e-07 1.3031244990573603 1.3814374615028708
2.44736e-07 1.3033394193060375 1.3816738551181316
2.4487e-07 1.3035543041467117 1.381910208320142
2.45006e-07 1.3037691535968634 1.3821465211296093
2.45141e-07 1.303983967673959 1.3823827935672237
2.45276e-07 1.3041987463954516 1.3826190256536568
2.45412e-07 1.3044134897787785 1.3828552174095634
2.45547e-07 1.3046299303848543 1.3830933646200425
2.45683e-07 1.304844602859558 1.3833294754366068
2.45819e-07 1.3050592400484644 1.383565545984676
2.45955e-07 1.3052738419689536 1.3838015762848346
2.46091e-07 1.3054884086383924 1.3840375663576485
2.46228e-07 1.305702940074133 1.384273516223667
2.46364e-07 1.305917436293513 1.3845094259034216
2.46501e-07 1.3061318973138567 1.3847452954174262
2.46638e-07 1.306346142952542 1.3849813158331714
2.46775e-07 1.3065605336574646 1.3852171050457323
2.46912e-07 1.3067748892152211 1.385452854153996
2.47049e-07 1.3069892096430786 1.3856885631784075
2.47187e-07 1.3072034949582902 1.3859242321393936
2.47324e-07 1.3074177451780944 1.3861598610573644
2.47462e-07 1.3076319603197162 1.3863954499527122
2.476e-07 1.307846140400366 1.386630998845812
2.47738e-07 1.3080620134426828 1.386868498096242
2.47876e-07 1.308276123170645 1.3871039667084848
2.48015e-07 1.3084901978893217 1.3873393953796729
2.48153e-07 1.308704237615867 1.3875747841301123
2.48292e-07 1.3089182423674217 1.387810132980092
2.48431e-07 1.3091322121611124 1.3880454419498836
2.4857e-07 1.3093461470140513 1.3882807110597415
2.48709e-07 1.3095600469433373 1.3885159403299032
2.48848e-07 1.3097737322563365 1.3887513203265345
2.48988e-07 1.309987562420044 1.3889864699467769
2.49128e-07 1.3104404210025118 1.3890864253160204
2.49267e-07 1.3109077623589247 1.3891785923389701
2.49407e-07 1.3113749955015412 1.3892708083115641
2.49547e-07 1.3118423001174326 1.3893628828989912
2.49688e-07 1.3123093169574453 1.3894551966052435
2.49828e-07 1.312776405342117 1.3895473689021798
2.49969e-07 1.313243206058101 1.3896397800357327
2.50109e-07 1.3137098987835751 1.3897322397361127
2.5025e-07 1.3141766631606893 1.3898245579914625
2.50391e-07 1.3146431400301695 1.3899171146612965
2.50533e-07 1.315109509043234 1.3900097196695915
2.50674e-07 1.3155759498148043 1.3901021831977403
2.50816e-07 1.3160421032400809 1.3901948847196122
2.50957e-07 1.3165081489431203 1.3902876343525612
2.51099e-07 1.3169742665114144 1.3903802424708422
2.51241e-07 1.3174400968950377 1.3904730881634517
2.51383e-07 1.3179058196906825 1.3905659817407334
2.51526e-07 1.3183716144582134 1.3906587337694163
2.51668e-07 1.3188371222029724 1.390751722954395
2.51811e-07 1.3193027019906403 1.3908445705684744
2.51954e-07 1.3197679948636043 1.390937655060894
2.52097e-07 1.3202331803725187 1.3910307870627936
2.5224e-07 1.320698438030772 1.3911237774608411
2.52383e-07 1.321163408936672 1.3912170043214565
2.52527e-07 1.3216282726129807 1.3913102784677367
2.5267e-07 1.3220932085449355 1.3914034109777946
2.52814e-07 1.3225578578871524 1.3914967795359976
2.52958e-07 1.3230224001343054 1.3915901951570147
2.53102e-07 1.3234870147432867 1.3916834691100188
2.53246e-07 1.3239513429254055 1.3917769786980903
2.53391e-07 1.324415743540072 1.391870346597269
2.53535e-07 1.324879857836586 1.391963949856853
2.5368e-07 1.325343865262386 1.392057599809951
2.53825e-07 1.3258079452267044 1.3921511080433246
2.5397e-07 1.3262717390361685 1.3922448512262573
2.54116e-07 1.3267354261096154 1.3923386408824048
2.54261e-07 1.3271991858274212 1.392432288788568
2.54407e-07 1.3276626595539192 1.3925261712347767
2.54552e-07 1.3281260266791535 1.3926200999348515
2.54698e-07 1.3285894665544569 1.3927138868552493
2.54844e-07 1.3290526206022426 1.3928079079075077
2.54991e-07 1.3295156681835725 1.3929019749952294
2.55137e-07 1.3299787886205483 1.3929959002741468
2.55284e-07 1.3304447193189646 1.392865087208276
2.55431e-07 1.3309103741748283 1.3927233839087294
2.55578e-07 1.3313761873110146 1.392581614175203
2.55725e-07 1.3318401041106955 1.3924381720268904
2.55872e-07 1.332305875605839 1.392296644459736
2.56019e-07 1.3327716258592621 1.3921552380016897
2.56167e-07 1.3332373547964003 1.3920139525969206
2.56315e-07 1.33370288289224 1.3918729754668966
2.56463e-07 1.3341685689519156 1.3917319319391945
2.56611e-07 1.3346342334722916 1.3915910092969743
2.56759e-07 1.3350998763792243 1.391450207484199
2.56908e-07 1.3355654975986755 1.39130952644478
2.57057e-07 1.3360310970567124 1.391168966122578
2.57205e-07 1.3364964951000138 1.3910287133681394
2.57354e-07 1.3369620507925224 1.3908883942500012
2.57504e-07 1.3374275845024997 1.390748195680365
2.57653e-07 1.3378930961564344 1.3906081176028888
2.57802e-07 1.338356719081678 1.3904663633152272
2.57952e-07 1.3388221870206258 1.3903265258415705
2.58102e-07 1.3392874529766536 1.3901869952278691
2.58252e-07 1.3397528762694508 1.3900473982826147
2.58402e-07 1.3402182771402071 1.3899079215475623
2.58553e-07 1.3406836555160426 1.3897685649660734
2.58703e-07 1.3411490113241835 1.3896293284814605
2.58854e-07 1.3416141646804163 1.3894903982651812
2.59005e-07 1.3420794751144798 1.389351401742395
2.59156e-07 1.3425447627632066 1.3892125251461402
2.59307e-07 1.3430100275542443 1.3890737684195367
2.59459e-07 1.3434752694153456 1.3889351315056564
2.5961e-07 1.3439404882743675 1.388796614347524
2.59762e-07 1.3444055041237573 1.3886584027464257
2.59914e-07 1.344868818773877 1.3885183253058793
2.60066e-07 1.3453339687905808 1.3883801668065614
2.60219e-07 1.3457990955176593 1.3882421278351087
2.60371e-07 1.3462641988834962 1.3881042083343103
2.60524e-07 1.3467292788165803 1.3879664082469096
2.60677e-07 1.3471941551875233 1.3878289130045622
2.6083e-07 1.3476591880207809 1.3876913515104254
2.60983e-07 1.3481241972074314 1.387553909257648
2.61137e-07 1.3485891826763838 1.3874165861887906
2.6129e-07 1.3490541443566535 1.3872793822463674
2.61444e-07 1.3495190821773595 1.3871422973728482
2.61598e-07 1.3499838158892425 1.3870055166302981
2.61752e-07 1.350620944805682 1.3866844040904887
2.61906e-07 1.3512627380478937 1.3863551086343968
2.62061e-07 1.3519064267978393 1.3860278809667943
2.62216e-07 1.3525501603976344 1.3857009188102847
2.6237e-07 1.3531939385489 1.3853742221239302
2.62525e-07 1.353837760953497 1.385047790866286
2.62681e-07 1.3544797820375563 1.384719820017214
2.62836e-07 1.355123692903704 1.384393919037848
2.62992e-07 1.3557676471304088 1.3840682833608768
2.63147e-07 1.3564116444204983 1.383742912942834
2.63303e-07 1.3570557025448857 1.3834177893209245
2.6346e-07 1.357697944040902 1.3830911420629128
2.63616e-07 1.358342069594343 1.3827665667168278
2.63773e-07 1.3589862370251118 1.3824422564518468
2.63929e-07 1.3596304460372686 1.3821182112220003
2.64086e-07 1.360274696335123 1.3817944309808208
2.64243e-07 1.3609171508343365 1.3814691062181044
2.644e-07 1.3615614836677405 1.3811458553706406
2.64558e-07 1.3622058569014583 1.3808228693705202
2.64716e-07 1.3628502702408087 1.380500148169295
2.64873e-07 1.3634947233913648 1.3801776917180244
2.65031e-07 1.3641374016371095 1.3798536699756405
2.6519e-07 1.3647819343832768 1.3795317424470372
2.65348e-07 1.3654265060590671 1.3792100795196764
2.65507e-07 1.3660711163710828 1.3788886811426573
2.65665e-07 1.3667157650261863 1.378567547264592
2.65824e-07 1.3673586234476236 1.3782448639906408
2.65984e-07 1.3680033487624346 1.3779242585226648
2.66143e-07 1.3686481115426479 1.3776039173976153
2.66303e-07 1.3692929114961738 1.3772838405621657
2.66462e-07 1.3699359234534134 1.3769622123966063
2.66622e-07 1.3705807977308782 1.3766426635509341
2.66782e-07 1.3712257264713426 1.3763233606013021
2.66943e-07 1.3718706730596146 1.376004339964464
2.67103e-07 1.3725156517303425 1.3756855869873634
2.67264e-07 1.3731588506628645 1.375365274810208
2.67425e-07 1.3738039062018852 1.3750470438117959
2.67586e-07 1.3744489956789716 1.3747290775723533
2.67747e-07 1.375094119713297 1.3744113751239426
2.67909e-07 1.3757392789251508 1.37409393549986
2.6807e-07 1.3763826557652499 1.3737749397522878
2.68232e-07 1.3770278835004421 1.3734580270025394
2.68394e-07 1.3776731537406317 1.3731413687372682
2.68556e-07 1.3783184461722149 1.3728249848609944
2.68719e-07 1.3789637714284746 1.3725088644202785
2.68882e-07 1.3796073171393397 1.3721911854783235
2.69044e-07 1.3802692756515955 1.3716236631480885
2.69207e-07 1.3809530410912871 1.3706621034008615
2.69371e-07 1.3816392586032682 1.3697026834002295
2.69534e-07 1.3823243264023375 1.3687417372768595
2.69698e-07 1.383011825423908 1.3677829540034379
2.69862e-07 1.3836981575342249 1.3668226626609645
2.70026e-07 1.3843869364944366 1.3658645210768348
2.7019e-07 1.3850745496035606 1.3649048713956242
2.70354e-07 1.3857646252396336 1.3639473584290351
2.70519e-07 1.3864535177649095 1.3629883553877826
2.70684e-07 1.3871448518147473 1.3620315120863238
2.70849e-07 1.3878368231413807 1.361074997076634
2.71014e-07 1.3885276496197279 1.3601169559116915
2.7118e-07 1.3892208951944123 1.3591610999601056
2.71345e-07 1.389912978584579 1.3582037358356278
2.71511e-07 1.390607496695763 1.357248543880765
2.71677e-07 1.3913008536573963 1.3562918437371063
2.71843e-07 1.3919965688186544 1.3553373925347545
2.7201e-07 1.39269121601757 1.3543813433344751
2.72176e-07 1.3933882924062224 1.353427476230156
2.72343e-07 1.3940842097230077 1.352472100931854
2.7251e-07 1.3947825534129543 1.3515189126701705
2.72678e-07 1.3954797390489508 1.350564216206
2.72845e-07 1.3961793482160079 1.3496117117100297
2.73013e-07 1.3968795889419967 1.3486595515558262
2.73181e-07 1.3975786731301199 1.3477058831911901
2.73349e-07 1.3982801765360051 1.3467544141726664
2.73517e-07 1.39898052440765 1.3458014369407931
2.73686e-07 1.3996832885913204 1.344850663963034
2.73854e-07 1.4003848982386347 1.3438983827711195
2.74023e-07 1.401088735276357 1.342948489004065
2.74192e-07 1.401791604638144 1.341996908652916
2.74362e-07 1.4024968844247783 1.3410475423418853
2.74531e-07 1.4032010116534461 1.3400966678211146
2.74701e-07 1.4039075463252044 1.3391480122185362
2.74871e-07 1.4046129294195848 1.338197848411313
2.75041e-07 1.405320716950053 1.3372499083899805
2.75212e-07 1.4060291296386103 1.3363023285889717
2.75382e-07 1.4067363922097254 1.3353532405948751
2.75553e-07 1.4074460546568774 1.3344063836662392
2.75724e-07 1.4081545679526923 1.3334580185540277
2.75895e-07 1.4088654780546583 1.3325118893481518
2.76067e-07 1.4095752399655845 1.3315642519698534
2.76239e-07 1.4099919756317525 1.3304260112257023
2.7641e-07 1.409975939790057 1.3290049476156416
2.76582e-07 1.4099586890420166 1.327581449405302
2.76755e-07 1.4099421833584138 1.3261572155719288
2.76927e-07 1.409928194753609 1.324734129688358
2.771e-07 1.409913374581788 1.3233082497379836
2.77273e-07 1.409899118072832 1.321881811336607
2.77446e-07 1.4098873852985645 1.320456526820941
2.7762e-07 1.409874639701029 1.3190286197320005
2.77793e-07 1.4098628424235378 1.317599800564108
2.77967e-07 1.4098516173934919 1.3161704232610016
2.78141e-07 1.4098429250092428 1.3147422078866327
2.78315e-07 1.4098334195213893 1.3133111858197863
2.7849e-07 1.409824492775797 1.311879605920655
2.78665e-07 1.4098181053833643 1.3104491940806937
2.78839e-07 1.4098107224797072 1.309016147042791
2.79015e-07 1.409804305779672 1.3075821888489088
2.7919e-07 1.4098002447024063 1.306149581771921
2.79366e-07 1.4097951956681507 1.3047143341471341
2.79541e-07 1.4097911205907934 1.3032781758690832
2.79717e-07 1.4097876396006366 1.3018414606897164
2.79894e-07 1.4097867136972082 1.3004059282074865
2.8007e-07 1.4097848100358732 1.2989677481015005
2.80247e-07 1.4097838907532725 1.2975286581141223
2.80424e-07 1.409785341515553 1.296090933982691
2.80601e-07 1.4097858222643007 1.2946505569679527
2.80778e-07 1.4097871026696462 1.2932094474035039
2.80956e-07 1.4097911445275335 1.2917693568080382
2.81134e-07 1.4097940315984923 1.2903267847838897
2.81312e-07 1.409797725666953 1.2888834808840222
2.8149e-07 1.4098041885912826 1.287441202606754
2.81668e-07 1.409809504047539 1.2859964376711033
2.81847e-07 1.4098156338924102 1.2845509416007828
2.82026e-07 1.4098225806018347 1.28310471465692
2.82205e-07 1.4098323060714832 1.2816595223548402
2.82385e-07 1.409840893956015 1.2802118364828123
2.82564e-07 1.4098503061627636 1.2787634205697465
2.82744e-07 1.4098623098061427 1.2773162226371007
2.82924e-07 1.4098735729155152 1.275866173078337
2.83104e-07 1.4098854730815191 1.2744155708426899
2.83285e-07 1.4098999715534422 1.272966193497061
2.83466e-07 1.4099137382737557 1.2715139595667346
2.83647e-07 1.4099281490088404 1.2700611738682097
2.83828e-07 1.4099434016607189 1.2686076603452303
2.84009e-07 1.4099612618030943 1.2671553810742284
2.84191e-07 1.4099784020366823 1.265700238686047
2.84373e-07 1.409996195635957 1.2642445458485758
2.84555e-07 1.4095881615893247 1.2620565697672874
2.84738e-07 1.4090960817565048 1.2597189240547015
2.8492e-07 1.4086032929556362 1.2573767283218908
2.85103e-07 1.4081119628025027 1.2550315931431835
2.85286e-07 1.4076234700319776 1.252685847842493
2.85469e-07 1.407134693186782 1.2503351729715755
2.85653e-07 1.4066470095008337 1.2479818946353505
2.85837e-07 1.4061625916936131 1.2456276467221252
2.86021e-07 1.4056775225284126 1.2432687952899066
2.86205e-07 1.4051939759476237 1.2409069707433715
2.8639e-07 1.4047133287499167 1.2385445232076524
2.86574e-07 1.4042324606045775 1.2361770922548216
2.86759e-07 1.4037527468300186 1.2338070247136792
2.86945e-07 1.4032745997923879 1.2314339618601096
2.8713e-07 1.4027993948220259 1.2290602678929305
2.87316e-07 1.4023240126768242 1.226681554654683
2.87502e-07 1.4018498272220568 1.224300182995376
2.87688e-07 1.401379021251304 1.2219178209696684
2.87874e-07 1.400907666463485 1.2195307663016
2.88061e-07 1.4004379470029078 1.2171406834896776
2.88248e-07 1.399971235715608 1.2147499581523296
2.88435e-07 1.3995044155294702 1.2123541599246006
2.88623e-07 1.399039062310446 1.2099554941693071
2.8881e-07 1.3985767512790126 1.2075561805639343
2.88998e-07 1.3981143666996187 1.2051517673603915
2.89186e-07 1.397653278617652 1.2027446475585215
2.89375e-07 1.397195678463267 1.2003365211124877
2.89563e-07 1.3967376291469273 1.1979236222209577
2.89752e-07 1.3962813235728622 1.1955076472186965
2.89941e-07 1.3958281301888582 1.1930910145611373
2.90131e-07 1.395374936458964 1.1906692291723417
2.9032e-07 1.3949231094336603 1.1882447059558359
2.9051e-07 1.3944730765476376 1.1858170859016297
2.907e-07 1.394026204019882 1.1833888023359365
2.90891e-07 1.3935793818533624 1.1809553308769982
2.91081e-07 1.3931339748909244 1.1785191012433298
2.91272e-07 1.3926921836061448 1.1760818501608006
2.91463e-07 1.3922500625987757 1.1736397389345226
2.91655e-07 1.39180981396323 1.1711945006037046
2.91846e-07 1.3913728002382995 1.1687485911191364
2.92038e-07 1.3909359158791275 1.1662974415141734
2.9223e-07 1.3905005220827602 1.1638435040470125
2.92422e-07 1.3900688244313848 1.1613885381972961
2.92615e-07 1.388938835399127 1.1573439801890721
2.92808e-07 1.3876829505956287 1.152993916451336
2.93001e-07 1.3864306129455426 1.1486330330059955
2.93194e-07 1.3851818909481046 1.1442612774233718
2.93388e-07 1.3839348659671211 1.1398766219374068
2.93582e-07 1.3826935838730936 1.1354829575488217
2.93776e-07 1.381456129572995 1.1310782633994871
2.93971e-07 1.3802223586360538 1.1266626643671438
2.94165e-07 1.3789927792680283 1.1222357529830176
2.9436e-07 1.3777654745219519 1.1177954655413034
2.94555e-07 1.3765438520237023 1.113346296775739
2.94751e-07 1.3753266528095804 1.1088856577341075
2.94947e-07 1.3741137369694572 1.104413673461247
2.95142e-07 1.3729049628786372 1.0999304692101186
2.95339e-07 1.3716990774529627 1.0954334115250042
2.95535e-07 1.370499496926128 1.0909270695490003
2.95732e-07 1.3693043041394095 1.0864093507213164
2.95929e-07 1.3681140318633944 1.0818798473867204
2.96126e-07 1.3669285434734797 1.0773386853550413
2.96324e-07 1.3657479270280821 1.0727858128170338
2.96522e-07 1.3645702662718338 1.06821908408022
2.9672e-07 1.3633996625770006 1.0636426279136613
2.96918e-07 1.3622342033698664 1.0590543068373472
2.97117e-07 1.3610737527583285 1.054454247678694
2.97315e-07 1.3599188642095266 1.049842043944197
2.97515e-07 1.358767627205788 1.045215511147078
2.97714e-07 1.3576234646942178 1.0405793924003741
2.97914e-07 1.3564851609919273 1.03593097839156
2.98113e-07 1.3553525860479119 1.0312703973773139
2.98314e-07 1.354225608071507 1.0265977778841346
2.98514e-07 1.3531030222999143 1.0219103624864379
2.98715e-07 1.3519882555487268 1.0172129782605455
2.98916e-07 1.3508794008100817 1.012503410134013
2.99117e-07 1.3497770402858162 1.0077812552745449
2.99319e-07 1.3486810485391811 1.0030466443235555
2.99521e-07 1.3475915379436727 0.9982995307708971
2.99723e-07 1.3465066080756658 0.9935376417586976
2.99925e-07 1.3454304034710955 0.9887653769142579
3.00128e-07 1.3443610273525322 0.9839804733145654
3.00331e-07 1.3432983558674643 0.9791830640264527
3.00534e-07 1.3422429952244532 0.9743727511733439
3.00737e-07 1.3411930559747447 0.9695472208174676
3.00941e-07 1.3401519579005483 0.964711495870487
3.01145e-07 1.3362772245443806 0.9585211634784249
3.01349e-07 1.3319049115209693 0.9520649627697058
3.01554e-07 1.3275237788869718 0.9455725162621561
3.01759e-07 1.3231336406910947 0.9390434660485483
3.01964e-07 1.3187332822484956 0.9324743801895523
3.02169e-07 1.3143261025742767 0.9258699173793739
3.02375e-07 1.3099101471351098 0.919227171904489
3.02581e-07 1.3054860179223304 0.912545200519242
3.02787e-07 1.3010535602999553 0.9058235847940752
3.02994e-07 1.2966126215057256 0.8990618945589619
3.032e-07 1.2921638369033241 0.8922591447560067
3.03407e-07 1.2877068091038717 0.8854150587224475
3.03615e-07 1.283240382035695 0.8785259689315489
3.03822e-07 1.27876806729584 0.8715966784789497
3.0403e-07 1.2742879385010435 0.864624051371022
3.04239e-07 1.26980069748622 0.8576070261701977
3.04447e-07 1.2653062552402334 0.8505450720273809
3.04656e-07 1.2608045281735716 0.843437643375598
3.04865e-07 1.2562962658885488 0.8362836287322093
3.05074e-07 1.2517814135459155 0.8290824490356856
3.05284e-07 1.2472580817943035 0.8218307140775437
3.05494e-07 1.2427307559288403 0.8145328303582775
3.05704e-07 1.2381975831916494 0.8071853907384855
3.05915e-07 1.2336585592125209 0.799787747291938
3.06126e-07 1.2291145519119462 0.7923386786732702
3.06337e-07 1.2245655963707074 0.7848374989860935
3.06548e-07 1.2200117398871015 0.7772835039175559
3.0676e-07 1.215453923654347 0.769675412447836
3.06972e-07 1.2108919454808835 0.7620126663189263
3.07184e-07 1.2063249385526196 0.754290963338407
3.07397e-07 1.201756766362342 0.7465154556321475
3.07609e-07 1.1971857242688007 0.7386823799123766
3.07823e-07 1.192612902473671 0.7307903496534921
3.08036e-07 1.188038518249062 0.7228385164360204
3.0825e-07 1.1834628111716594 0.714826010597213
3.08464e-07 1.178886980481572 0.70675137972908
3.08678e-07 1.1743113369332103 0.6986137101788537
3.08893e-07 1.169734347683688 0.690408896344031
3.09108e-07 1.1651610811193875 0.6821417337733414
3.09323e-07 1.1605900882749773 0.6738080980532363
3.09539e-07 1.1560218246982834 0.6654069876239269
3.09754e-07 1.1514577643567265 0.6569368181928844
3.09971e-07 1.146898461066297 0.6483965453302787
3.10187e-07 1.14234450950113 0.6397851032865468
3.10404e-07 1.1377975557296787 0.631100846001993
3.10621e-07 1.1332561091594213 0.6223394643979685
3.10838e-07 1.1281963536599449 0.6147910314989928
3.11056e-07 1.1217575174691519 0.6104661563088939
3.11274e-07 1.1152835152823022 0.6061149391497035
3.11492e-07 1.1087722016569388 0.6017331594379486
3.11711e-07 1.1022232845622038 0.5973199888092587
3.11929e-07 1.095635404045191 0.5928751458758149
3.12149e-07 1.0890066636393605 0.5883940120794322
3.12368e-07 1.0823394853347852 0.5838833458104178
3.12588e-07 1.075631951881025 0.5793384985545008
3.12808e-07 1.0688826033307817 0.5747590971034638
3.13028e-07 1.0620913988075753 0.5701439637679523
3.13249e-07 1.055256822660742 0.5654926717226713
3.1347e-07 1.0483768133776488 0.560800269996256
3.13692e-07 1.041453751336134 0.5560736607429866
3.13913e-07 1.0344855453303716 0.551307848209579
3.14135e-07 1.027470554868318 0.5465022791548168
3.14358e-07 1.0204086166588018 0.5416555593285547
3.1458e-07 1.0132959790165845 0.5367632076541557
3.14803e-07 1.0061364995950757 0.5318314167266086
3.15026e-07 0.9989263626296675 0.5268556519166686
3.1525e-07 0.9916649065075551 0.5218345396757845
3.15474e-07 0.9843514468677702 0.5167666503855223
3.15698e-07 0.9769830192268424 0.5116491179095266
3.15923e-07 0.969560938276332 0.5064833788302251
3.16147e-07 0.962082570390316 0.5012672662850002
3.16373e-07 0.954547487071832 0.4959988962438821
3.16598e-07 0.946953579845369 0.49067716716998305
3.16824e-07 0.9393005603439818 0.4853004663736871
3.1705e-07 0.9315857759432138 0.47986670851364505
3.17276e-07 0.9238088516461039 0.47437410804099883
3.17503e-07 0.9159674456781567 0.46882124689711624
3.1773e-07 0.9080608728591996 0.46320573055372644
3.17958e-07 0.9000866578567174 0.4575259464245447
3.18185e-07 0.8920440106633443 0.45177927902942233
3.18413e-07 0.8839305369029226 0.44596434170176547
3.18642e-07 0.8757444210396209 0.4400775965463601
3.18871e-07 0.867484473740108 0.4341167034106751
3.191e-07 0.8591478259390525 0.42807941648226944
3.19329e-07 0.8507333726289071 0.4219624050843333
3.19559e-07 0.8422380594899557 0.4157630922212867
3.19789e-07 0.8336608684583745 0.4094782577851616
3.20019e-07 0.8249980689257289 0.40310397384692426
3.2025e-07 0.8162484750991578 0.3966365755974863
3.20481e-07 0.8058156084380547 0.39266117047957816
3.20712e-07 0.7913800264715792 0.3950320826188139
3.20944e-07 0.7767730733686008 0.3975794354723364
3.21176e-07 0.7619937856792326 0.4003142882957943
3.21408e-07 0.7470408032664043 0.40325173495586425
3.21641e-07 0.7319144753908128 0.4064047235043026
3.21874e-07 0.716615091358674 0.40979042102396757
3.22108e-07 0.7011449426970484 0.4134237906430246
3.22341e-07 0.6855063809987085 0.4173236135062891
3.22575e-07 0.6697049023396211 0.4215087854573397
3.2281e-07 0.6537467937322408 0.42599750036260176
3.23045e-07 0.637640139344706 0.43081196281386624
3.2328e-07 0.6213961269683231 0.4359714974757321
3.23515e-07 0.6050279142040186 0.4414994642874046
3.23751e-07 0.5885522671754491 0.44741565819421325
3.23987e-07 0.5719881914616852 0.4537427588090077
3.24223e-07 0.5553602744533249 0.4605010688813572
3.2446e-07 0.5386938557316036 0.4677090657695035
3.24697e-07 0.5220204494755203 0.47538463339765635
3.24935e-07 0.5053731051886807 0.48354076916848426
3.25173e-07 0.48878946525578254 0.49218839009573745
3.25411e-07 0.4723100561563398 0.5013338100970299
3.2565e-07 0.45597576904605264 0.5109767137131977
3.25888e-07 0.43983066434420115 0.5211130523192269
3.26128e-07 0.42391675018754077 0.5317305812999341
3.26367e-07 0.40827641422045285 0.5428136240080114
3.26607e-07 0.3929486229031053 0.5543370998241476
3.26848e-07 0.3779688473778657 0.5662741823429285
3.27088e-07 0.3633697792243204 0.5785910442216776
3.27329e-07 0.3491753805086346 0.5912515931085089
3.27571e-07 0.33540795788773453 0.6042164332541944
3.27812e-07 0.3220800023476495 0.6174459716544127
3.28054e-07 0.30920192565526666 0.6309000165073108
3.28297e-07 0.29677618637926007 0.6445379002058895
3.2854e-07 0.28480145639994425 0.6583235295563492
3.28783e-07 0.27327343634718376 0.6722204779780204
3.29026e-07 0.26218134278451033 0.6861968059560529
3.2927e-07 0.2515152193101253 0.7002220401734156
3.29515e-07 0.24125948771298666 0.7142703552658004
3.29759e-07 0.2313998719802505 0.7283171704363947
3.30004e-07 0.22192023261890023 0.7423433098274859
3.30249e-07 0.21280280513633928 0.7563293157572928
3.30495e-07 0.20403135549208828 0.7702615101534925
3.30741e-07 0.19558797408956918 0.7841254080875469
3.30988e-07 0.18745683498696336 0.7979116899653305
3.31234e-07 0.17962077680323896 0.8116098961073596
3.31482e-07 0.17206445454989042 0.8252140186155051
3.31729e-07 0.1691325096241462 0.8351292150390631
3.31977e-07 0.16796257934435038 0.8435718274456581
3.32225e-07 0.1668298871763886 0.8519396758311509
3.32474e-07 0.16573384345409622 0.8602346812737015
3.32723e-07 0.16467225586916173 0.8684583765806159
3.32972e-07 0.16364304638360283 0.8766122555780896
3.33222e-07 0.1626458835063905 0.8846980747246908
3.33472e-07 0.16167831320714227 0.8927171315492421
3.33723e-07 0.1607401450166007 0.9006710799287151
3.33974e-07 0.15982962423895536 0.9085612300689292
3.34225e-07 0.1589450796896174 0.9163888576131526
3.34477e-07 0.1580864953146882 0.9241554739332993
3.34729e-07 0.1572518821207745 0.9318616605647675
3.34981e-07 0.15644114209946922 0.9395098886873869
3.35234e-07 0.15565292273279185 0.9471007508999559
3.35487e-07 0.15488584428267219 0.9546353360101207
3.35741e-07 0.15414010600220573 0.9621149475392071
3.35995e-07 0.15341441039604778 0.9695406032328748
3.36249e-07 0.1527075134146611 0.9769132943374703
3.36504e-07 0.15201970989056451 0.9842342161270413
3.36759e-07 0.15134933049569332 0.9915042207885424
3.37014e-07 0.15069672306742402 0.9987244376419653
3.3727e-07 0.15006078078799065 1.005895739095609
3.37526e-07 0.14944008228908498 1.013021390788254
3.37783e-07 0.14883625076751547 1.0200942258156993
3.3804e-07 0.14824671250949167 1.0271256436141938
3.38298e-07 0.14767120035572637 1.03411159137421
3.38555e-07 0.14711084710161515 1.0410483184439399
3.38814e-07 0.14656290435691688 1.0479459360737722
3.39072e-07 0.14602854595513348 1.0548006144451048
3.39331e-07 0.1455075121675325 1.0616084193793796
3.39591e-07 0.144997661838524 1.068379296850439
3.3985e-07 0.14450017342241725 1.075109436345486
3.40111e-07 0.14401436406003815 1.0817948682886314
3.40371e-07 0.14353957076796434 1.0884455008755614
3.40632e-07 0.14307560971141836 1.0950573638372987
3.40894e-07 0.1426217073533409 1.1016310414146753
3.41155e-07 0.14217901450282752 1.1081628364843297
3.41418e-07 0.14174563353169492 1.114662202025933
3.4168e-07 0.14132141373790358 1.1211252124454607
3.41943e-07 0.14090750283246814 1.1275481915884935
3.42207e-07 0.14050165873147924 1.1339403494480198
3.4247e-07 0.14010504833260048 1.1402979542945257
3.42735e-07 0.13909499821177507 1.147230324968589
3.42999e-07 0.13787470937489021 1.1543523879150641
3.43264e-07 0.13667417672576546 1.1614300799375163
3.4353e-07 0.13549269102555714 1.1684726224098478
3.43796e-07 0.13432986482783732 1.1754720381977042
3.44062e-07 0.13318506068564714 1.1824374234562434
3.44329e-07 0.13205790051323274 1.1893608742042774
3.44596e-07 0.13094781289657526 1.196251365601058
3.44863e-07 0.1298548383019856 1.203101109229991
3.45131e-07 0.12877723372628685 1.2099188303048245
3.454e-07 0.12771627407071748 1.2166969411741393
3.45668e-07 0.12666987466185575 1.2234440147169998
3.45938e-07 0.12563929832650095 1.2301525243984892
3.46207e-07 0.1246225292256096 1.236830940262487
3.46477e-07 0.12362081756881924 1.2434717956336538
3.46748e-07 0.12263221199619453 1.2500834609813378
3.47018e-07 0.12165794968041696 1.2566585282885891
3.4729e-07 0.1206961397565095 1.2632052715818292
3.47561e-07 0.11974800604526149 1.2697163403500074
3.47834e-07 0.11881171452551907 1.2761999151811967
3.48106e-07 0.1178884754405826 1.2826487019607922
3.48379e-07 0.1169765082613415 1.2890707907190417
3.48653e-07 0.11607700950401816 1.2954589426668048
3.48927e-07 0.11518824904934213 1.3018211600366054
3.49201e-07 0.11431140960142093 1.3081502583285545
3.49476e-07 0.11344480861180839 1.3144541546212138
3.49751e-07 0.11258961494216517 1.320725717699487
3.50026e-07 0.11174419099561592 1.3269727820197612
3.50302e-07 0.11090969180728169 1.3331882686765535
3.50579e-07 0.11008452231153829 1.3393799319284128
3.50856e-07 0.10926982377183314 1.3455407442315255
3.51133e-07 0.10846404141385682 1.3516783819680727
3.51411e-07 0.10766830281694555 1.3577858680334987
3.51689e-07 0.10688109142200158 1.3638708031567939
3.51968e-07 0.10610352123912292 1.3699262597743505
3.52247e-07 0.10533411199736395 1.3759597650913609
3.52526e-07 0.10457396427513485 1.381964440209739
3.52806e-07 0.10382163229838809 1.3879477408508945
3.53087e-07 0.10307820337008909 1.393902835928676
3.53367e-07 0.10234226454577053 1.3998371116356205
3.53649e-07 0.10161489002446311 1.4057437838648563
3.53931e-07 0.10089469813723938 1.4116301711539763
3.54213e-07 0.10018275016302719 1.4174895355628654
3.54495e-07 0.09942274157739561 1.4230899063456128
3.54779e-07 0.09865059754655921 1.4285873933352111
3.55062e-07 0.09788574956387325 1.4340647195882343
3.55346e-07 0.09712806805727534 1.4395220948650074
3.55631e-07 0.09637777117656104 1.444959748497155
3.55916e-07 0.09563404544812774 1.4503778372026976
3.56201e-07 0.09489711643416325 1.4557765840634747
3.56487e-07 0.09416720764332902 1.4611562075956634
3.56773e-07 0.0934435218719877 1.4665168569709113
3.5706e-07 0.09272628944774455 1.4718587448375429
3.57347e-07 0.09201573853480549 1.4771820795481192
3.57635e-07 0.09131129413697694 1.4824836432274624
3.57923e-07 0.09061277377900938 1.487770370309856
3.58212e-07 0.08992028601237935 1.4930390677529333
3.58501e-07 0.08923406425373538 1.4982899312960893
3.5879e-07 0.08855334547746277 1.5035230942673448
3.5908e-07 0.08787836875973845 1.508738747330323
3.59371e-07 0.08720937083181342 1.51393707741137
3.59662e-07 0.0865456019056552 1.5191182117298219
3.59953e-07 0.08588730395546867 1.5242823324373798
3.60245e-07 0.08523471655844025 1.5294296181605735
3.60537e-07 0.08458710242439374 1.53456019037917
3.6083e-07 0.08394488252688677 1.5396709854064448
3.61124e-07 0.08330794333076066 1.5447686601630686
3.61417e-07 0.08267573842154612 1.5498500823381427
3.61712e-07 0.08204851433184461 1.5549154185048337
3.62007e-07 0.08142619547915671 1.5599648154077739
3.62302e-07 0.08080902654181871 1.564998434111241
3.62597e-07 0.08019629685595381 1.5700163840003099
3.62894e-07 0.0795882552201918 1.5750188222268946
3.6319e-07 0.07898514794218797 1.5800059030255074
3.63488e-07 0.0783862748114928 1.5849777310987125
3.63785e-07 0.0777918859838619 1.589934456990264
3.64083e-07 0.07720238051579932 1.594873100769245
3.64382e-07 0.07661676327219323 1.599800027632925
3.64681e-07 0.07603543900796743 1.604712244604974
3.64981e-07 0.07545865647337265 1.6096098933706784
3.65281e-07 0.07488573487351101 1.6144930700648874
3.65582e-07 0.0743169263324098 1.619361913081661
3.65883e-07 0.07375217326406044 1.624216544387223
3.66184e-07 0.07319172553447117 1.6290570980437467
3.66486e-07 0.07263491430981997 1.633883665007027
3.66789e-07 0.0720819925578594 1.6386963762854643
3.67092e-07 0.07153321075312943 1.6434953605777691
3.67396e-07 0.07098803897383117 1.6482776773582024
3.677e-07 0.070446468069621 1.6530495167609118
3.68004e-07 0.0699090515933777 1.657868292565693
3.6831e-07 0.06937565329036868 1.662968123948702
3.68615e-07 0.06884644563286965 1.6680527069239388
3.68921e-07 0.0683210721832847 1.6731221619786982
3.69228e-07 0.06779918122479578 1.6781766083981604
3.69535e-07 0.06728131538351784 1.6832161998387898
3.69843e-07 0.06676712421010292 1.6882410517681672
3.70151e-07 0.06625655663659832 1.69325129006221
3.7046e-07 0.06574926862440945 1.6982470274741082
3.70769e-07 0.06524579991160266 1.7032284093468217
3.71079e-07 0.06474580754563523 1.7081955448937154
3.71389e-07 0.06424924434785703 1.7131485532198516
3.717e-07 0.06375577343065514 1.7180875410309397
3.72011e-07 0.06326593148143549 1.7230126459449489
3.72323e-07 0.06277938254037801 1.7279239713807293
3.72635e-07 0.06229608294422987 1.7328216301599522
3.72948e-07 0.06181570248324796 1.7377057233816944
3.73261e-07 0.06133877466505896 1.742576381475834
3.73575e-07 0.060864970069383 1.747433702485318
3.73889e-07 0.06039424821739644 1.7522777933928584
3.74204e-07 0.05992628515136001 1.757108750092618
3.7452e-07 0.05946161109823665 1.7619266963169602
3.74836e-07 0.058999902768618516 1.7667317251146837
3.75152e-07 0.058540840639398635 1.771523928718652
3.7547e-07 0.0580849524253351 1.776303426134807
3.75787e-07 0.057631919190680975 1.7810703068968392
3.76105e-07 0.05718170534228377 1.7858246687247468
3.76424e-07 0.05673399696027955 1.7905665992671396
3.76743e-07 0.056289318357284464 1.7952962115932647
3.77063e-07 0.05584735610439135 1.8000135908330943
3.77383e-07 0.055408077060635004 1.8047188299021977
3.77704e-07 0.054971172585646474 1.8094120121783874
3.78026e-07 0.054537163545958896 1.814093245179982
3.78348e-07 0.054105741707376205 1.8187626099317376
3.7867e-07 0.053676876166955934 1.8234201948632254
3.78993e-07 0.05325026326926861 1.8280660793686443
3.79317e-07 0.05282642040578867 1.8327003657698355
3.79641e-07 0.05240504425259628 1.8373231312600178
3.79966e-07 0.05198583471534742 1.8419344524198062
3.80291e-07 0.05156930656790153 1.8465344278891456
3.80617e-07 0.05115515999728747 1.8511231321536523
3.80943e-07 0.05074336756768237 1.855700646481568
3.8127e-07 0.05033363371468086 1.860267043916793
3.81598e-07 0.04999884371126929 1.8648431259418214
3.81926e-07 0.04999237556889642 1.8695050782533387
3.82255e-07 0.04998658635832969 1.8741527842776742
3.82584e-07 0.049980865472816494 1.8787889947818546
3.82913e-07 0.04997547534110754 1.8834138016207618
3.83244e-07 0.04997067586166983 1.8880272954716708
3.83575e-07 0.0499659324522773 1.8926295449468775
3.83906e-07 0.04996150582828568 1.897220638740953
3.84238e-07 0.04995765422587838 1.9018006644272034
3.84571e-07 0.04995377847101051 1.9063723088587734
3.84904e-07 0.04995027528204747 1.9109304095127986
3.85238e-07 0.04994733224236243 1.9154776782823988
3.85572e-07 0.04994442284712489 1.9200141784303397
3.85907e-07 0.04994180446250904 1.924539992786061
3.86243e-07 0.049939732073078724 1.9290552031602235
3.86579e-07 0.0499376830690055 1.9335598703402748
3.86916e-07 0.04993591318050756 1.9380540744326953
3.87253e-07 0.04993460968082398 1.9425404668227575
3.87591e-07 0.04993338631361799 1.9470139555403152
3.87929e-07 0.04993243076845401 1.9514771962906576
3.88268e-07 0.04993199487467726 1.9559302656567705
3.88608e-07 0.04993156354601794 1.9603732198329353
3.88948e-07 0.0499313893159798 1.9648061338562193
3.89289e-07 0.04993172247196973 1.969229081876717
3.89631e-07 0.04993205156262981 1.9736421179568633
3.89973e-07 0.04993256379207941 1.978047840909529
3.90315e-07 0.049933635746359305 1.9824412646983642
3.90659e-07 0.04993469547758624 1.9868249731197862
3.91002e-07 0.04993599242093064 1.991199036595554
3.91347e-07 0.049937773849209076 1.995563524736062
3.91692e-07 0.04993953534477786 1.9999184876365468
3.92038e-07 0.04994152482974239 2.004263993565299
3.92384e-07 0.049943988103887636 2.0086001100138677
3.92731e-07 0.04994642415363382 2.01292688523099
3.93078e-07 0.0499490180757482 2.0172468625348587
3.93426e-07 0.049952137147899235 2.0215551479011507
3.93775e-07 0.049955222094254695 2.025854270231323
3.94125e-07 0.04995851788046004 2.030144293765547
3.94475e-07 0.04996226742647094 2.034425282030872
3.94825e-07 0.049965976316237365 2.038697279830734
3.95176e-07 0.04996988807146889 2.042960349520733
3.95528e-07 0.049974244204859845 2.047214552772583
3.95881e-07 0.049978494155268956 2.0514623686234237
3.96234e-07 0.049982998947478256 2.0556989809268726
3.96588e-07 0.049987939123796524 2.059926890464282
3.96942e-07 0.049992826600584545 2.0641461388941234
3.97297e-07 0.049997902077666405 2.0683567850378637
3.97653e-07 0.04999672007079756 2.073045988881539
3.98009e-07 0.04999116177774633 2.078037323114262
3.98366e-07 0.049986156846124556 2.0830167104169486
3.98723e-07 0.04998145986037305 2.0879842303834035
3.99082e-07 0.04997706653262301 2.0929399674092917
3.9944e-07 0.04997297265023605 2.09788400489529
3.998e-07 0.049969174074164284 2.102816425263426
4.0016e-07 0.04996566673735336 2.1077373099730687
4.00521e-07 0.04996221010552744 2.1126467339426696
4.00882e-07 0.04995927387281892 2.1175447879669274
4.01244e-07 0.04995661709104817 2.122431545089542
4.01607e-07 0.04995423596602212 2.127307083072622
4.01971e-07 0.049952126768155365 2.1321714787907333
4.02335e-07 0.049950285831104786 2.137024808245007
4.02699e-07 0.04994870955043879 2.141867146576966
4.03065e-07 0.04994716159256838 2.14669856266574
4.03431e-07 0.049946104573578565 2.1515191408309793
4.03798e-07 0.049945301752858245 2.156328948274633
4.04165e-07 0.049944749761011 2.1611280568325166
4.04533e-07 0.04994444528438261 2.165916537545887
4.04902e-07 0.049944385063917886 2.1706944606736833
4.05271e-07 0.049944565894045494 2.1754618957045295
4.05641e-07 0.04994498462159024 2.180218911368501
4.06012e-07 0.04994540942766385 2.1849655704204807
4.06383e-07 0.04994629518903134 2.1897019505866795
4.06755e-07 0.049947409688994915 2.1944281131389656
4.07128e-07 0.04994874997364016 2.199144123886365
4.07502e-07 0.049950313136392865 2.2038500479348464
4.07876e-07 0.0499520963170798 2.2085459496977804
4.08251e-07 0.04995409670101166 2.213231892906212
4.08626e-07 0.04995608619473056 2.21790793554374
4.09003e-07 0.04995851319115641 2.2225741501781826
4.09379e-07 0.04996119954102047 2.2272283496443683
4.09757e-07 0.04996404173011356 2.2318750873348643
4.10135e-07 0.049967087699673125 2.236512175207903
4.10514e-07 0.04997033488983735 2.2411396731058515
4.10894e-07 0.04997378078038593 2.2457576402553965
4.11275e-07 0.04997720081344663 2.250366130344382
4.11656e-07 0.04998103715139647 2.254965211278154
4.12037e-07 0.04998506485666297 2.2595549355368028
4.1242e-07 0.04998928156020267 2.264135359970977
4.12803e-07 0.0499936849289884 2.2687065408582
4.13187e-07 0.049998272665332945 2.273268533910923
4.13572e-07 0.049841850116501225 2.277804690930071
4.13957e-07 0.04958741295585647 2.2823231391552894
4.14343e-07 0.049334391225886697 2.286832718446548
4.1473e-07 0.049082383020331535 2.2913312899541514
4.15118e-07 0.048831720165533575 2.2958232808503194
4.15506e-07 0.04858200318415821 2.300306547187436
4.15895e-07 0.0483337018281615 2.3047789800179133
4.16285e-07 0.04808649651907474 2.3092449655996825
4.16675e-07 0.047840206735841447 2.313702376145326
4.17067e-07 0.047595298920532304 2.3181491135126175
4.17458e-07 0.047351242405764896 2.322589533291961
4.17851e-07 0.04710850264432598 2.3270215321353156
4.18245e-07 0.04686689726476746 2.3314430093955174
4.18639e-07 0.04662611598905997 2.3358582993606922
4.19034e-07 0.0463866210218554 2.3402653094488723
4.19429e-07 0.046148017286483746 2.344661945675639
4.19826e-07 0.045910637860381895 2.3490525295677718
4.20223e-07 0.04567434347152113 2.353432842817393
4.20621e-07 0.045438830203142946 2.357807177716242
4.21019e-07 0.04520455497452702 2.3621734592934627
4.21419e-07 0.04497112543307147 2.36652961150346
4.21819e-07 0.04473887495128107 2.3708799140681727
4.2222e-07 0.044507623740961046 2.375222290349067
4.22622e-07 0.04427719225591779 2.379554678874614
4.23024e-07 0.04404791398975497 2.3838813348669117
4.23427e-07 0.04381940027833855 2.3882001883930823
4.23831e-07 0.04359209987920438 2.392509199809246
4.24236e-07 0.04336550994931398 2.3968125849663684
4.24642e-07 0.04314007827874406 2.401108299588733
4.25048e-07 0.04291562505547247 2.4053943025778333
4.25455e-07 0.04269186050109007 2.4096747902887317
4.25863e-07 0.04246922946749771 2.4139477284008373
4.26271e-07 0.04224734587919738 2.4182110822328635
4.26681e-07 0.04202654336848713 2.422469035993547
4.27091e-07 0.041806643795379836 2.426719554350159
4.27502e-07 0.04158746930145033 2.4309606162179795
4.27914e-07 0.04136935349707347 2.4351963829245404
4.28327e-07 0.04115191373982714 2.4394248256514177
4.2874e-07 0.0409355873095012 2.443643943439464
4.29154e-07 0.040720093039602744 2.447857864741569
4.29569e-07 0.040505288327245106 2.4520625355774417
4.29985e-07 0.040291506678762544 2.4562620799724213
4.30402e-07 0.04007836786994142 2.460454485571948
4.30819e-07 0.03999828190681498 2.464743366469519
4.31237e-07 0.03999572584757814 2.469088831550229
4.31656e-07 0.039993334853317776 2.4734246434514007
4.32076e-07 0.039991074650574054 2.477752870253954
4.32497e-07 0.03998891144899584 2.482075565537616
4.32918e-07 0.03998690892907635 2.486388737282588
4.33341e-07 0.03998500100084645 2.4906964488482006
4.33764e-07 0.03998325092234782 2.494994721508308
4.34188e-07 0.03998162508526875 2.499285603996562
4.34612e-07 0.0399800903451205 2.5035711309295774
4.35038e-07 0.03997870933756279 2.507847343280746
4.35465e-07 0.03997744883937682 2.5121162784424818
4.35892e-07 0.03997627608014249 2.5163799599125003
4.3632e-07 0.03997525308624556 2.5206344480823293
4.36749e-07 0.03997431566517911 2.524883748989822
4.37179e-07 0.03997352544418954 2.5291239358197606
4.37609e-07 0.039972849819913725 2.533357027487978
4.38041e-07 0.039972256624263534 2.537585029373328
4.38473e-07 0.03997180689620182 2.5418040336238645
4.38907e-07 0.039971468391682065 2.5460160483165435
4.39341e-07 0.03997120929190101 2.550223068198595
4.39776e-07 0.03997109005964035 2.5544212041166108
4.40211e-07 0.03997104828005699 2.558614407193981
4.40648e-07 0.03997114403831687 2.562798800599792
4.41086e-07 0.039971345669428816 2.5669763747402556
4.41524e-07 0.039971427499084944 2.571149104003172
4.41963e-07 0.0399718382070534 2.575313135882635
4.42403e-07 0.039972351730084024 2.5794704473792356
4.42844e-07 0.039972937139519285 2.583623005723467
4.43286e-07 0.03997365341786583 2.5877669703757276
4.43729e-07 0.039974439819464885 2.591906239785475
4.44173e-07 0.03997535496911267 2.596036985292179
4.44617e-07 0.03997636808020488 2.600161170005599
4.45063e-07 0.039977448751664195 2.60428074454516
4.45509e-07 0.03997865508064375 2.608391897867737
4.45956e-07 0.03997995659553254 2.6124965831421445
4.46405e-07 0.0399813232018714 2.6165967412279967
4.46854e-07 0.03998281247953448 2.620688578464403
4.47304e-07 0.03998436525266688 2.6247759427167607
4.47754e-07 0.03998603876186413 2.6288550517850666
4.48206e-07 0.03998780304424201 2.6329278426102576
4.48659e-07 0.039989628500702104 2.636996240116323
4.49113e-07 0.03999157187119522 2.641056479104665
4.49567e-07 0.0399936034887027 2.6451104869778144
4.50022e-07 0.03999569404231 2.6491601792911514
4.50479e-07 0.039997899780935826 2.653201807625437
4.50936e-07 0.040014625889454015 2.657303364368674
4.51394e-07 0.04026234294942642 2.66242578417874
4.51853e-07 0.04050944524799929 2.667538381196098
4.52314e-07 0.04075556410471198 2.672641205999319
4.52775e-07 0.041000893664670066 2.6777343171571935
4.53237e-07 0.041245626566403425 2.6828177727365037
4.53699e-07 0.04148939603808638 2.68789162169601
4.54163e-07 0.0417323949200245 2.6929559210625342
4.54628e-07 0.04197462929695499 2.6980107244977023
4.55094e-07 0.04221629011119424 2.7030560880512176
4.55561e-07 0.04245701309673632 2.708092058620071
4.56028e-07 0.04269698939927021 2.7131186912672582
4.56497e-07 0.04293622481790271 2.718136037692303
4.56966e-07 0.04317490864827785 2.7231441520302937
4.57437e-07 0.043412679086386664 2.7281430792217365
4.57909e-07 0.04364972563240637 2.7331328724648176
4.58381e-07 0.043886053817374655 2.7381135815958513
4.58855e-07 0.04412185133726365 2.74308525893116
4.59329e-07 0.04435675880711177 2.748047947553294
4.59804e-07 0.04459096412819928 2.753001698888303
4.60281e-07 0.04482465382615973 2.7579465639476477
4.60758e-07 0.04505744079763056 2.7628843937036582
4.61237e-07 0.04528957073750887 2.767811616641853
4.61716e-07 0.04552101928825547 2.772730092020686
4.62197e-07 0.045751971452382974 2.777639869186029
4.62678e-07 0.04598207197779441 2.7825409881874825
4.6316e-07 0.04621150607287027 2.7874334975553268
4.63644e-07 0.04644027861161231 2.792317442462
4.64128e-07 0.0466685731144524 2.7971928706681166
4.64614e-07 0.046896036634793095 2.802059820605558
4.651e-07 0.047122852898864406 2.8069183392584347
4.65587e-07 0.04734920434121192 2.8117684732480632
4.66076e-07 0.04757473971830773 2.8166102598441385
4.66565e-07 0.04779964167028294 2.8214437449192227
4.67056e-07 0.048023914706331765 2.826268970990504
4.67548e-07 0.048247739845933724 2.831085983222735
4.6804e-07 0.0484707680822959 2.835894817400407
4.68534e-07 0.04869318064000902 2.8406955179745754
4.69029e-07 0.048914981836029756 2.845488126042352
4.69524e-07 0.04913635131066616 2.8502726853794402
4.70021e-07 0.04935694225577125 2.855049230354678
4.70519e-07 0.049576934516096224 2.8598178040630513
4.71018e-07 0.04979633222713178 2.8645784462470694
4.71518e-07 0.04999985440004225 2.869348355539987
4.72019e-07 0.049996666962309394 2.8743416057781546
4.72521e-07 0.04999364087900311 2.8793261996738644
4.73024e-07 0.049990804545413936 2.8843004490758406
4.73528e-07 0.04998809616379263 2.889267867429062
4.74034e-07 0.049985401398173694 2.8942250327769847
4.7454e-07 0.049983004618197865 2.8991754518743194
4.75047e-07 0.04998076119401807 2.9041174350376284
4.75556e-07 0.04997869910688863 2.9090493069668684
4.76066e-07 0.04997675769505396 2.9139745497017833
4.76576e-07 0.04997499439959671 2.9188897718251097
4.77088e-07 0.049973348999849794 2.9237984430549004
4.77601e-07 0.04997184945214746 2.9286988895647275
4.78115e-07 0.04997052333539732 2.933589448645194
4.7863e-07 0.04996931107706188 2.9384735717800012
4.79147e-07 0.04996826922020266 2.9433478944781335
4.79664e-07 0.049967338615550735 2.948215856230395
4.80183e-07 0.04996657545534661 2.9530741031445067
4.80702e-07 0.04996592100676457 2.9579260628457322
4.81223e-07 0.04996540266337765 2.9627700790752076
4.81745e-07 0.04996504745962964 2.9676045063262126
4.82268e-07 0.04996479727497247 2.972432754658502
4.82792e-07 0.04996470744470328 2.977251496261281
4.83317e-07 0.049964720248360975 2.9820641296373047
4.83844e-07 0.04996486269127692 2.986869010770937
4.84371e-07 0.049965161431945654 2.9916645061498657
4.849e-07 0.049965559338372385 2.996453997163981
4.8543e-07 0.04996611091665957 3.001234181506024
4.85961e-07 0.049966759419492156 3.0060084293040306
4.86493e-07 0.04996753147496694 3.0107751085396104
4.87026e-07 0.04996845337603431 3.015532597458166
4.87561e-07 0.049969468941402945 3.02028424950803
4.88097e-07 0.049970631874482765 3.025026787327665
4.88634e-07 0.04997188636413228 3.029763553386104
4.89172e-07 0.04997325867184142 3.034492927423342
4.89711e-07 0.04997477473507952 3.0392132992124496
4.90251e-07 0.04997637928755217 3.043927994957616
4.90793e-07 0.04997812525530005 3.048633761704419
4.91336e-07 0.04997995772846075 3.053333914948468
4.9188e-07 0.04998190261217542 3.058026845956185
4.92425e-07 0.049983985498160306 3.0627109558047234
4.92972e-07 0.049986152001396326 3.0673895441224786
4.93519e-07 0.0499884542947626 3.072059381841891
4.94068e-07 0.049990838336707 3.0767237581423537
4.94618e-07 0.049993329685920705 3.0813810755914437
4.9517e-07 0.049995953597767644 3.0860297463530952
4.95722e-07 0.049998656536623234 3.0906730441208863
4.96276e-07 0.04999844740674232 3.095776129622923
4.96831e-07 0.0499953252852809 3.1013399575909735
4.97387e-07 0.04999237462468633 3.1068938246294504
4.97945e-07 0.0499897542271473 3.1124377866115958
4.98504e-07 0.04998714082074148 3.1179718911894367
4.99064e-07 0.04998469354138056 3.1234961933046157
4.99625e-07 0.04998257041141609 3.129010747400036
5.00188e-07 0.04998042450465998 3.1345171945346966
5.00751e-07 0.049978465117009443 3.140012395990731
5.01317e-07 0.04997682398188868 3.1454980023734427
5.01883e-07 0.04997518134559852 3.15097405872383
5.02451e-07 0.049973694780884884 3.1564406172412074
5.0302e-07 0.0499725207800945 3.161897729660641
5.0359e-07 0.049971291505111926 3.167348596219666
5.04161e-07 0.04997021390463108 3.172790100570423
5.04734e-07 0.04996969100350154 3.1782065650330193
5.05308e-07 0.04996891102581105 3.183629515516701
5.05884e-07 0.04996843490476194 3.1890432490775087
5.06461e-07 0.04996794739234917 3.19444780764479
5.07039e-07 0.04996760403585705 3.199843240137411
5.07618e-07 0.049967559343430834 3.2052295950503673
5.08199e-07 0.04996774202439862 3.2105913435445217
5.08781e-07 0.04996782144648966 3.2159596986249857
5.09364e-07 0.04996819452228432 3.2213191118645503
5.09949e-07 0.04996854925936974 3.2266696229882426
5.10535e-07 0.0499690397338169 3.2320112785898383
5.11122e-07 0.049970057353768985 3.237328683750221
5.11711e-07 0.04997081425534107 3.24265278472385
5.12301e-07 0.04997170291813614 3.247968160418531
5.12893e-07 0.04997287570186388 3.2532748559422267
5.13486e-07 0.04997402376724472 3.2585729089666673
5.1408e-07 0.04997553426717655 3.263847048197156
5.14676e-07 0.049977089091252015 3.269127973853889
5.15273e-07 0.04997861620597369 3.2744003820665952
5.15871e-07 0.04998026755021275 3.27966431622878
5.16471e-07 0.04998219409544343 3.2849198193755953
5.17072e-07 0.04998409005854852 3.290166927263567
5.17674e-07 0.04998633677705699 3.2953905131052967
5.18278e-07 0.04998862363553762 3.300620981344719
5.18884e-07 0.04999087716095732 3.305843173503444
5.19491e-07 0.04999324791152768 3.3110571310137105
5.20099e-07 0.04999588550454925 3.3162628949718966
5.20708e-07 0.04999871367594856 3.3214454491033343
5.2132e-07 0.05012573617011659 3.3272229545713636
5.21932e-07 0.050372317124561264 3.333547265351505
5.22546e-07 0.05061814563373347 3.3398596073289366
5.23161e-07 0.050863078174926114 3.346160045891623
5.23778e-07 0.05110764692401888 3.352433741563599
5.24397e-07 0.0513512535336197 3.358710608438821
5.25016e-07 0.05159413074587986 3.364975773215525
5.25638e-07 0.05183628415451512 3.371229301064368
5.2626e-07 0.05207757128281919 3.377471254271562
5.26885e-07 0.052318293875660095 3.38370170137293
5.2751e-07 0.052558309053466486 3.3899207034753127
5.28137e-07 0.052797622152635386 3.3961283233860544
5.28766e-07 0.05303632055239767 3.4023099287539544
5.29396e-07 0.05327424571680104 3.4084949971001417
5.30028e-07 0.05351148443864779 3.4146688681286252
5.30661e-07 0.053748041812653524 3.420831602402944
5.31296e-07 0.0539839228753867 3.426983259942922
5.31932e-07 0.054218987002515893 3.4331238979319663
5.3257e-07 0.05445353058391006 3.4392535799200754
5.33209e-07 0.054687412622220974 3.445372362038581
5.3385e-07 0.05492086838586736 3.4514658192982672
5.34492e-07 0.05515344188222093 3.4575630004602167
5.35136e-07 0.05538522378926635 3.4636494515199123
5.35781e-07 0.05561650765235051 3.4697252334908946
5.36428e-07 0.05584715349965613 3.475790399974373
5.37077e-07 0.056077165882336244 3.4818450063914956
5.37727e-07 0.05630640598569047 3.487889105369468
5.38379e-07 0.05653516514089093 3.493922756000411
5.39032e-07 0.056763304186433806 3.4999460099696056
5.39687e-07 0.05699105924347322 3.5059446631163036
5.40343e-07 0.057217971216555925 3.5119473082935255
5.41001e-07 0.057444133911330575 3.5179397135995414
5.41661e-07 0.05766983596668491 3.5239219358522154
5.42322e-07 0.057894939220079954 3.529894024469757
5.42985e-07 0.05811944779783252 3.535856030752995
5.4365e-07 0.05834322464983299 3.5418080032467234
5.44316e-07 0.05856655631687114 3.5477499970430295
5.44984e-07 0.058789538124416674 3.5536679937485554
5.45653e-07 0.05901170873104702 3.55959019857165
5.46324e-07 0.059233304643507956 3.5655025710801262
5.46997e-07 0.059454189771844974 3.5714051577329373
5.47671e-07 0.059674648102898124 3.577298011576084
5.48347e-07 0.059894543234793915 3.583181178270128
5.49025e-07 0.05987813350372415 3.5891482820958918
5.49704e-07 0.05964439984765978 3.5951992231910026
5.50385e-07 0.059411618866469396 3.60124002816479
5.51068e-07 0.05917978298141378 3.6072707476309187
5.51753e-07 0.05894888470006553 3.6132914317845137
5.52439e-07 0.05871905472686552 3.619302132647676
5.53127e-07 0.05849000928636234 3.625302895095294
5.53816e-07 0.05826187947869241 3.6312937703524333
5.54508e-07 0.05803465814419168 3.637274806987494
5.55201e-07 0.05780833820338128 3.6432460531737125
5.55895e-07 0.05758291265580689 3.6492075566936344
5.56592e-07 0.05735837457889869 3.6551593649435223
5.5729e-07 0.057134717126851434 3.6611015249377017
5.5799e-07 0.056911933529524124 3.667034083312844
5.58692e-07 0.05669001709135906 3.6729570863321856
5.59396e-07 0.05646896119031973 3.6788705798896912
5.60101e-07 0.056248759276847124 3.684774609514154
5.60808e-07 0.05602940487283433 3.690669220373238
5.61517e-07 0.055810891570618706 3.696554457277467
5.62227e-07 0.055593213031991495 3.702430364684152
5.6294e-07 0.05537636298722446 3.7082969867012663
5.63654e-07 0.05516033523411323 3.7141543670912682
5.6437e-07 0.054945123637036936 3.7200025492748643
5.65088e-07 0.054730722126033894 3.725841576334726
5.65808e-07 0.05451725865551607 3.7316714929762123
5.6653e-07 0.054304459156562554 3.7374923376890403
5.67253e-07 0.05409245191970891 3.743304154534425
5.67978e-07 0.05388123112868865 3.74910698527902
5.68705e-07 0.053670791028502106 3.7549008713692595
5.69435e-07 0.05346112592458168 3.760685853934775
5.70165e-07 0.05325223018197103 3.7664619737917646
5.70898e-07 0.05304409822451781 3.7722292714463226
5.71633e-07 0.052836724534079886 3.777987787097715
5.72369e-07 0.052630103649744554 3.7837375606416184
5.73108e-07 0.05242423016706076 3.7894786316733082
5.73848e-07 0.052219098737283746 3.7952110394908125
5.7459e-07 0.05201470406663213 3.800934823098015
5.75335e-07 0.0518110409155572 3.8066500212077226
5.76081e-07 0.051608104098023945 3.8123566722446878
5.76829e-07 0.05140588848080379 3.818054814348597
5.77579e-07 0.051204388982778855 3.8237444853770106
5.78331e-07 0.051003600574257305 3.8294257229082715
5.79085e-07 0.05080364862817086 3.835098565971145
5.7984e-07 0.05060426731992617 3.840763048128716
5.80598e-07 0.05040558231482756 3.846419207877438
5.81358e-07 0.050207588782252316 3.8520670817070837
5.8212e-07 0.05001028193974185 3.857706705842176
5.82884e-07 0.050233675978618955 3.8647281175009356
5.8365e-07 0.050479729194475687 3.8718016740349124
5.84417e-07 0.05072488506803895 3.8788752253669063
5.85187e-07 0.050969357330106796 3.885923040332457
5.85959e-07 0.051213071665854266 3.8929709450122347
5.86733e-07 0.05145611405415114 3.89999329892675
5.87509e-07 0.05169840834877289 3.907015833782325
5.88287e-07 0.05194004209356536 3.9140130004859057
5.89067e-07 0.05218093735438114 3.9210104374029897
5.89849e-07 0.05242101335741277 3.9279954127571757
5.90634e-07 0.05266069996426403 3.9349552919087563
5.9142e-07 0.05289940801332898 3.941915568269843
5.92209e-07 0.053137736532661684 3.9488509238820115
5.92999e-07 0.05337509647013842 3.955786761305922
5.93792e-07 0.05361208651406437 3.962697850684606
5.94587e-07 0.05384811774232473 3.969609504697457
5.95383e-07 0.054083788489792395 3.976496580682223
5.96182e-07 0.05431863548220106 3.9833843041013064
5.96984e-07 0.05455288019360533 3.9902476134617784
5.97787e-07 0.05478643558152848 3.9971116513707408
5.98593e-07 0.055019226973153555 4.003963925329089
5.994e-07 0.05525168048230231 4.010792035022026
6.0021e-07 0.05548320779443656 4.017620985900383
6.01022e-07 0.05571440590521083 4.024425933599148
6.01836e-07 0.05594468671348987 4.03123179784684
6.02653e-07 0.05617464680596468 4.038013817577124
6.03472e-07 0.056403698311602114 4.044796827676667
6.04293e-07 0.05663243739702854 4.051556149551123
6.05116e-07 0.05686027643739821 4.058316534110731
6.05941e-07 0.057087811168589186 4.065053384419941
6.06769e-07 0.05731457699918741 4.071791369991419
6.07599e-07 0.05754080090879148 4.078505969564005
6.08431e-07 0.057766386494002536 4.085221775547636
6.09265e-07 0.0579912655855683 4.091926561765768
6.10102e-07 0.058215859872777116 4.098608188927154
6.10941e-07 0.0584395827122948 4.105291120593957
6.11783e-07 0.05866302825237662 4.111951039456056
6.12626e-07 0.05888561016124014 4.118612328817081
6.13472e-07 0.05910792211311678 4.125250749524994
6.14321e-07 0.059329378100864937 4.131890605413681
6.15172e-07 0.05955057131606068 4.1385077347449855
6.16025e-07 0.059770916088809654 4.145126362658935
6.1688e-07 0.0599910051197338 4.151722404098723
6.17738e-07 0.0597742311960311 4.15908318727999
6.18598e-07 0.05953982852598449 4.166454726884825
6.19461e-07 0.05930631865832965 4.173813273187099
6.20326e-07 0.05907393285714821 4.1811588979065615
6.21193e-07 0.05884271042848373 4.188479731903996
6.22063e-07 0.05861218736017828 4.195799731696824
6.22935e-07 0.058382762882376794 4.203107011129003
6.2381e-07 0.058154309554279214 4.210401634490436
6.24687e-07 0.05792670085606577 4.217683665552938
6.25567e-07 0.05770016614412611 4.224953172423697
6.26449e-07 0.05747457888076873 4.232210217748821
6.27334e-07 0.05724981343228741 4.239454863675049
6.28221e-07 0.057026098210048816 4.246687176597431
6.29111e-07 0.05680330755724916 4.253907217576501
6.30003e-07 0.05658131670463122 4.26111504719129
6.30898e-07 0.05636035312490627 4.268310730184058
6.31795e-07 0.05614029202086873 4.2754943260853695
6.32695e-07 0.05592100946695075 4.282665893961354
6.33597e-07 0.0557027320037695 4.289825496958201
6.34502e-07 0.055485335673306956 4.296973193129645
6.3541e-07 0.055268697373779305 4.30410904008128
6.3632e-07 0.05505304272043884 4.311233099417471
6.37233e-07 0.05483824857487454 4.3183454277659115
6.38148e-07 0.05462419263998806 4.325446081321737
6.39066e-07 0.054411099612540835 4.332535120199379
6.39987e-07 0.054198991032180587 4.3396010796649165
6.4091e-07 0.053987456606795735 4.346667073226436
6.41837e-07 0.05377686503489985 4.353721620776067
6.42765e-07 0.053567094761241864 4.360764776233769
6.43697e-07 0.0533581395005219 4.367796594514328
6.44631e-07 0.053149878762776534 4.374817128705209
6.45568e-07 0.0529425351295103 4.381826435634568
6.46507e-07 0.05273598806228127 4.388824567516559
6.47449e-07 0.052530117817439784 4.395811576179979
6.48394e-07 0.05232514608169599 4.402787517120543
6.49342e-07 0.05212095305991398 4.409752441322287
6.50293e-07 0.051917419738680956 4.416706399396763
6.51246e-07 0.051714766917192366 4.42364944555028
6.52202e-07 0.051512875527764554 4.430581629576995
6.53161e-07 0.05131162727174721 4.437503000910904
6.54123e-07 0.05111124206815256 4.444413612510176
6.55088e-07 0.05091160156148303 4.451313513017652
6.56055e-07 0.05071258815294795 4.458202750727828
6.57025e-07 0.05051442088874696 4.465081377390307
6.57999e-07 0.05031698211086014 4.471949440533597
6.58975e-07 0.05012015490599645 4.478806987349176
6.59954e-07 0.04990144974431528 4.4863225647167395
6.60936e-07 0.04964778693097658 4.49489320259638
6.6192e-07 0.04939526822907669 4.5034475563198715
6.62908e-07 0.04914388339160648 4.511985718203772
6.63899e-07 0.04889362230337986 4.520507779697094
6.64893e-07 0.04864447497883994 4.529013831392654
6.65889e-07 0.04839654907712444 4.537492945004165
6.66889e-07 0.04814959879614354 4.545967266035275
6.67892e-07 0.04790373308896865 4.554425843906547
6.68897e-07 0.0476589424673617 4.562868765896857
6.69906e-07 0.047415217562395716 4.571296118482863
6.70918e-07 0.04717254912251329 4.579707987349272
6.71933e-07 0.046930928011623796 4.588104457398941
6.72951e-07 0.046690345207238255 4.596485612762818
6.73972e-07 0.046450791798641054 4.604851536809707
6.74996e-07 0.046212258985097746 4.613202312155896
6.76023e-07 0.0459747380740979 4.621538020674609
6.77053e-07 0.04573822047963238 4.629858743505318
6.78087e-07 0.045502697720504116 4.638164561062904
6.79123e-07 0.045268266247220676 4.64644479316488
6.80163e-07 0.04503470721492947 4.65472105768476
6.81206e-07 0.04480211819553023 4.662982653816632
6.82252e-07 0.04457049111071631 4.671229659166615
6.83302e-07 0.04433981797902585 4.679462150659882
6.84355e-07 0.04411009091433831 4.687680204548991
6.85411e-07 0.04388130212439967 4.695883896422071
6.8647e-07 0.04365344390937538 4.704073301210893
6.87532e-07 0.043426508660430796 4.712248493198808
6.88598e-07 0.04320048885833814 4.720409546028565
6.89667e-07 0.04297537707210966 4.728556532710007
6.90739e-07 0.04275116595765626 4.736689525627655
6.91815e-07 0.04252784825647115 4.74480859654816
6.92894e-07 0.042305416794337775 4.752913816627664
6.93977e-07 0.04208395730310467 4.760994755244148
6.95063e-07 0.041863276328092114 4.7690725024793785
6.96152e-07 0.041643460569942635 4.777136608660908
6.97244e-07 0.04142450317906235 4.785187142574847
6.98341e-07 0.04120639738403694 4.793224172431889
6.9944e-07 0.04098913649047537 4.801247765874017
7.00543e-07 0.04077271387987448 4.809257989981108
7.0165e-07 0.04055712300850407 4.817254911277452
7.0276e-07 0.040342357406312084 4.825238595738153
7.03873e-07 0.04012841067584937 4.833209108795456
7.0499e-07 0.03989857851545435 4.841889289994924
7.06111e-07 0.03964431279304137 4.851666896184942
7.07235e-07 0.039391312348187164 4.861414575562191
7.08363e-07 0.03913939854107848 4.871153035218475
7.09494e-07 0.03888872623222564 4.880861843263745
7.10629e-07 0.03863912053328717 4.890561622312471
7.11768e-07 0.03839073318116828 4.900232019853161
7.1291e-07 0.03814347206282293 4.909883392144971
7.14056e-07 0.03789735016006191 4.919526014683646
7.15206e-07 0.03765231118416041 4.929139650744084
7.16359e-07 0.03740829109105146 4.938744717055373
7.17516e-07 0.037165434080138615 4.948321055619811
7.18677e-07 0.0369235777458618 4.957889001439378
7.19841e-07 0.03668286337638751 4.967428472808188
7.2101e-07 0.03644313195819677 4.9769597247583715
7.22182e-07 0.03620452192543021 4.9864627510298165
7.23358e-07 0.03596687758308549 4.995957727631718
7.24538e-07 0.03573033456703447 5.005424722918953
7.25721e-07 0.03549481099479129 5.014873864974827
7.26909e-07 0.03526022806211439 5.024315205446707
7.281e-07 0.03502671730931399 5.033728923067418
7.29296e-07 0.03479413102931328 5.043135000330061
7.30495e-07 0.03456259809746789 5.052513688570002
7.31698e-07 0.03433207265703022 5.061884895097174
7.32905e-07 0.03410248324171708 5.071228941722436
7.34117e-07 0.03387378719040236 5.080565660776231
7.35332e-07 0.03364610820068463 5.089875446471854
7.36551e-07 0.033419371866908805 5.0991682512362715
7.37774e-07 0.03319350658702258 5.108453954855572
7.39002e-07 0.03296863230327376 5.1177130566998335
7.40233e-07 0.03274461465964827 5.126965204659498
7.41469e-07 0.032521571153293204 5.136190967301574
7.42708e-07 0.03229937022897684 5.145409920435609
7.43952e-07 0.032078126984370486 5.154602701104211
7.452e-07 0.03185771260810591 5.163788813831625
7.46452e-07 0.03163823984290309 5.172948963426989
7.47709e-07 0.03141958256587496 5.182102583910185
7.4897e-07 0.031201851208246756 5.191230447159789
7.50234e-07 0.030985075710794063 5.20034230362933
7.51504e-07 0.030768999924542566 5.209447833634228
7.52777e-07 0.030553827206123197 5.218527908937245
7.54055e-07 0.030339437920463615 5.2276017906391195
7.55337e-07 0.03012593690406308 5.236650415301211
7.56624e-07 0.0300946528668958 5.246446958478774
7.57915e-07 0.030325713957544156 5.257320576960001
7.5921e-07 0.030555991223979086 5.2681812486473625
7.6051e-07 0.030785411774807203 5.279010110009087
7.61814e-07 0.031014022967701324 5.289816808701473
7.63123e-07 0.031241831821940423 5.300601480214825
7.64436e-07 0.031468939399096105 5.311364259222569
7.65754e-07 0.03169516407674482 5.322105277371526
7.67076e-07 0.031920550809044844 5.332834042192196
7.68403e-07 0.03214531189277725 5.343531914480972
7.69734e-07 0.0323692106326138 5.354208416357825
7.7107e-07 0.032592347273453164 5.364863675910208
7.72411e-07 0.03281472822170092 5.375497819401312
7.73756e-07 0.033036452629960474 5.386110972418074
7.75107e-07 0.03325728381171825 5.396712522168151
7.76461e-07 0.03347743497621684 5.407284044569194
7.77821e-07 0.033696855274182536 5.417834943781083
7.79185e-07 0.033915642822277915 5.428365340581642
7.80554e-07 0.03413361916859298 5.438875352860879
7.81928e-07 0.03435088245994579 5.44936509908501
7.83307e-07 0.034567472082837225 5.459843854005919
7.84691e-07 0.03478332624851677 5.470293399789897
7.86079e-07 0.034998484519336036 5.480723026564894
7.87473e-07 0.03521295247446095 5.491132847784869
7.88871e-07 0.03542682650522344 5.501522976416279
7.90275e-07 0.03563993012457275 5.51189352261265
7.91683e-07 0.03585230098209435 5.522253651136075
7.93096e-07 0.036064061826974414 5.532585346522497
7.94515e-07 0.0362752494583753 5.54289778849685
7.95939e-07 0.036485688492957746 5.553191083103912
7.97367e-07 0.036695474426018254 5.563465337165619
7.98801e-07 0.03690470202502964 5.57372065653021
8.0024e-07 0.03711313721438448 5.583966098120036
8.01684e-07 0.03732099371450672 5.594183841863963
8.03134e-07 0.03752821701965724 5.604382960422376
8.04588e-07 0.037734901010960636 5.614563555856707
8.06048e-07 0.03794087220217844 5.624725727516272
8.07514e-07 0.038146224524758514 5.6348695756375315
8.08984e-07 0.0383509910411204 5.6450040565542405
8.1046e-07 0.0385551193056018 5.655111537116193
8.11941e-07 0.0387586425392791 5.665200987817775
8.13428e-07 0.03896156524881857 5.675272504784826
8.1492e-07 0.03916397983120447 5.685326183898002
8.16418e-07 0.03936571465340471 5.695362118381076
8.17921e-07 0.03956680139511449 5.705389165672456
8.1943e-07 0.0397673658142112 5.715389876761147
8.20944e-07 0.039967438818206136 5.725373122877293
8.22464e-07 0.03999604749553525 5.738954581090119
8.2399e-07 0.039991542589178884 5.7532164328728905
8.25521e-07 0.03998727787809412 5.767434350072144
8.27058e-07 0.03998336240157835 5.781617305673987
8.28601e-07 0.03997970548884314 5.795765555718328
8.30149e-07 0.039976158171902344 5.809887958749479
8.31704e-07 0.039973007855256884 5.823967534366671
8.33264e-07 0.03997010519945006 5.838013155972643
8.3483e-07 0.03996736126461042 5.852025067441736
8.36402e-07 0.03996488561741207 5.866012034771359
8.37979e-07 0.03996262062146871 5.879957228674962
8.39563e-07 0.03996067486822072 5.89386942980042
8.41153e-07 0.039958902620008244 5.907757333701055
8.42749e-07 0.03995733099355636 5.921604224219998
8.4435e-07 0.03995606838642865 5.9354188131420775
8.45958e-07 0.03995502707315209 5.949201324899705
8.47572e-07 0.039954063984049326 5.962960366062217
8.49193e-07 0.0399534566371996 5.9766793689052164
8.50819e-07 0.039953061611413695 5.990366954296884
8.52452e-07 0.03995279274488389 6.004023336534271
8.54091e-07 0.039952758772270384 6.0176570376628735
8.55736e-07 0.039952984011905855 6.031251631372335
8.57388e-07 0.039953327594763534 6.044815652142413
8.59046e-07 0.03995389800593989 6.058357559105097
8.6071e-07 0.03995463644240038 6.0718610304397815
8.62381e-07 0.03995565049606605 6.085334539202144
8.64059e-07 0.03995685507417802 6.098778283416067
8.65743e-07 0.039958112376702666 6.112200638947049
8.67433e-07 0.039959690884893345 6.125585423197983
8.6913e-07 0.03996145246726433 6.138941025753814
8.70834e-07 0.039963313454800586 6.152267636117783
8.72545e-07 0.039965381630822625 6.165573552535799
8.74262e-07 0.03996767857787222 6.178842724599074
8.75986e-07 0.03997006847525513 6.192083462484491
8.77717e-07 0.03997265883170089 6.205304006529742
8.79454e-07 0.03997547053650394 6.2184884046080375
8.81199e-07 0.039978369057293864 6.231644908849708
8.8295e-07 0.03998151288286668 6.24477369656999
8.84709e-07 0.039984768450836455 6.25788293128819
8.86474e-07 0.03998815626187552 6.270956789250045
8.88247e-07 0.0399917826356195 6.284003448652648
8.90027e-07 0.03999548626378304 6.297023077528101
8.91813e-07 0.03999937389917523 6.310023767777133
8.93607e-07 0.03999586014258019 6.325029618019867
8.95409e-07 0.039991245230065114 6.340362710420836
8.97217e-07 0.039986835810701275 6.355666679982372
8.99033e-07 0.0399826782774538 6.370933888729519
9.00856e-07 0.03997881811370268 6.386156771165092
9.02687e-07 0.03997523169760824 6.401351265096244
9.04525e-07 0.03997185702101821 6.4165019870139295
9.0637e-07 0.039968671715368415 6.431624794304989
9.08223e-07 0.03996576934883187 6.446704372213732
9.10084e-07 0.039963050303976094 6.461756498459965
9.11952e-07 0.03996060734448407 6.476765925223741
9.13828e-07 0.03995834187097672 6.491748352261128
9.15712e-07 0.039956345856991544 6.506688597864065
9.17604e-07 0.0399545216976895 6.52160228500666
9.19503e-07 0.039952960590466206 6.5364742972844265
9.2141e-07 0.03995156590231831 6.5513201820410245
9.23325e-07 0.03995050421376689 6.566124887845717
9.25249e-07 0.03994952737953043 6.580903886605384
9.2718e-07 0.0399487554894677 6.5956497711040685
9.29119e-07 0.03994823153029475 6.6103551993219245
9.31066e-07 0.03994786120423716 6.625035534366196
9.33022e-07 0.03994773309777512 6.639675882253565
9.34986e-07 0.03994775381136504 6.654291534268285
9.36958e-07 0.039948011214375974 6.668867658276027
9.38938e-07 0.03994841278600726 6.6834194747662
9.40927e-07 0.03994904569079859 6.697932212724432
9.42924e-07 0.039949818267835585 6.712421022848584
9.4493e-07 0.03995089131496285 6.7268711949699815
9.46944e-07 0.03995202520157223 6.741297810089516
9.48967e-07 0.039953380204537245 6.755686217742042
9.50999e-07 0.03995486632836517 6.770051431957022
9.53039e-07 0.03995652529087188 6.78438623044954
9.55088e-07 0.039958398113154624 6.798683451491161
9.57146e-07 0.03996039600388835 6.812958009062494
9.59213e-07 0.03996260310037829 6.8271953985254115
9.61289e-07 0.03996493139345419 6.841410468298279
9.63373e-07 0.039967464378218166 6.855588771083694
9.65467e-07 0.03997011481182562 6.869745090618579
9.6757e-07 0.039973038188891356 6.883865036720437
9.69682e-07 0.039976002606779186 6.897963328460396
9.71803e-07 0.03997916308817956 6.912025631714717
9.73934e-07 0.03998243387714961 6.926066603420642
9.76074e-07 0.039985896604671126 6.940071964463141
9.78223e-07 0.039989466236443096 6.954056309623174
9.80382e-07 0.0399931826184116 6.968012590018473
9.82551e-07 0.03999708497474492 6.981933812834843
9.84729e-07 0.039998287801416815 6.997449525579091
9.86917e-07 0.03999247557830382 7.017157501303707
9.89114e-07 0.03998693849829167 7.036810282738228
9.91321e-07 0.0399817423750554 7.0564083314192745
9.93539e-07 0.039976952345465486 7.0759521024890235
9.95766e-07 0.03997242148637049 7.095442043627689
9.98003e-07 0.03996821535323192 7.114878597575543
1.00025e-06 0.039964398835590276 7.134262201039032
