1000.25 -50.8961 0.570233
998.003 -50.6199 0.568738
995.766 -50.3437 0.567244
993.539 -50.0675 0.56575
991.321 -49.7913 0.564255
989.114 -49.5151 0.562761
986.917 -49.2389 0.561267
984.729 -48.9627 0.559772
982.551 -48.7458 0.558514
980.382 -48.5516 0.557346
978.223 -48.3573 0.556178
976.074 -48.163 0.55501
973.934 -47.9688 0.553842
971.803 -47.7745 0.552674
969.682 -47.5803 0.551506
967.57 -47.386 0.550338
965.467 -47.1918 0.549169
963.373 -46.9975 0.548001
961.289 -46.8033 0.546833
959.213 -46.609 0.545665
957.146 -46.4148 0.544497
955.088 -46.2205 0.543329
953.039 -46.0263 0.542161
950.999 -45.832 0.540993
948.967 -45.6377 0.539825
946.944 -45.4435 0.538657
944.93 -45.2492 0.537489
942.924 -45.055 0.53632
940.927 -44.8607 0.535152
938.938 -44.6665 0.533984
936.958 -44.4722 0.532816
934.986 -44.278 0.531648
933.022 -44.0837 0.53048
931.066 -43.8895 0.529312
929.119 -43.6952 0.528144
927.18 -43.501 0.526976
925.249 -43.3067 0.525808
923.325 -43.1124 0.52464
921.41 -42.9182 0.523471
919.503 -42.7239 0.522303
917.604 -42.5297 0.521135
915.712 -42.3354 0.519967
913.828 -42.1412 0.518799
911.952 -41.9469 0.517631
910.084 -41.7527 0.516463
908.223 -41.5584 0.515295
906.37 -41.3642 0.514127
904.525 -41.1699 0.512959
902.687 -40.9757 0.511791
900.856 -40.7814 0.510622
899.033 -40.5872 0.509454
897.217 -40.3929 0.508286
895.409 -40.1986 0.507118
893.607 -40.0044 0.50595
891.813 -39.8148 0.504794
890.027 -39.6509 0.503705
888.247 -39.4871 0.502617
886.474 -39.3233 0.501528
884.709 -39.1595 0.50044
882.95 -38.9956 0.499351
881.199 -38.8318 0.498262
879.454 -38.668 0.497174
877.717 -38.5042 0.496085
875.986 -38.3403 0.494996
874.262 -38.1765 0.493908
872.545 -38.0127 0.492819
870.834 -37.8488 0.49173
869.13 -37.685 0.490642
867.433 -37.5212 0.489553
865.743 -37.3574 0.488464
864.059 -37.1935 0.487376
862.381 -37.0297 0.486287
860.71 -36.8659 0.485198
859.046 -36.7021 0.48411
857.388 -36.5382 0.483021
855.736 -36.3744 0.481933
854.091 -36.2106 0.480844
852.452 -36.0467 0.479755
850.819 -35.8829 0.478667
849.193 -35.7191 0.477578
847.572 -35.5553 0.476489
845.958 -35.3914 0.475401
844.35 -35.2276 0.474312
842.749 -35.0638 0.473223
841.153 -34.9 0.472135
839.563 -34.7361 0.471046
837.979 -34.5723 0.469957
836.402 -34.4085 0.468869
834.83 -34.2446 0.46778
833.264 -34.0808 0.466692
831.704 -33.917 0.465603
830.149 -33.7532 0.464514
828.601 -33.5893 0.463426
827.058 -33.4255 0.462337
825.521 -33.2617 0.461248
823.99 -33.0979 0.46016
822.464 -32.934 0.459071
820.944 -32.7783 0.457657
819.43 -32.6641 0.454572
817.921 -32.5499 0.451488
816.418 -32.4356 0.448404
814.92 -32.3214 0.44532
813.428 -32.2072 0.442235
811.941 -32.093 0.439151
810.46 -31.9788 0.436067
808.984 -31.8646 0.432983
807.514 -31.7503 0.429898
806.048 -31.6361 0.426814
804.588 -31.5219 0.42373
803.134 -31.4077 0.420645
801.684 -31.2935 0.417561
800.24 -31.1793 0.414477
798.801 -31.065 0.411393
797.367 -30.9508 0.408308
795.939 -30.8366 0.405224
794.515 -30.7224 0.40214
793.096 -30.6082 0.399055
791.683 -30.494 0.395971
790.275 -30.3797 0.392887
788.871 -30.2655 0.389803
787.473 -30.1513 0.386718
786.079 -30.0371 0.383634
784.691 -29.9229 0.38055
783.307 -29.8087 0.377466
781.928 -29.6944 0.374381
780.554 -29.5802 0.371297
779.185 -29.466 0.368213
777.821 -29.3518 0.365128
776.461 -29.2376 0.362044
775.107 -29.1234 0.35896
773.756 -29.0091 0.355876
772.411 -28.8949 0.352791
771.07 -28.7807 0.349707
769.734 -28.6665 0.346623
768.403 -28.5523 0.343539
767.076 -28.4381 0.340454
765.754 -28.3238 0.33737
764.436 -28.2096 0.334286
763.123 -28.0954 0.331201
761.814 -27.9812 0.328117
760.51 -27.867 0.325033
759.21 -27.7528 0.321949
757.915 -27.6385 0.318864
756.624 -27.5243 0.31578
755.337 -27.4216 0.315518
754.055 -27.3269 0.317205
752.777 -27.2321 0.318892
751.504 -27.1374 0.320579
750.234 -27.0426 0.322266
748.97 -26.9479 0.323952
747.709 -26.8532 0.325639
746.452 -26.7584 0.327326
745.2 -26.6637 0.329013
743.952 -26.5689 0.3307
742.708 -26.4742 0.332387
741.469 -26.3794 0.334074
740.233 -26.2847 0.335761
739.002 -26.1899 0.337448
737.774 -26.0952 0.339135
736.551 -26.0004 0.340822
735.332 -25.9057 0.342509
734.117 -25.811 0.344196
732.905 -25.7162 0.345883
731.698 -25.6215 0.34757
730.495 -25.5267 0.349256
729.296 -25.432 0.350943
728.1 -25.3372 0.35263
726.909 -25.2425 0.354317
725.721 -25.1477 0.356004
724.538 -25.053 0.357691
723.358 -24.9583 0.359378
722.182 -24.8635 0.361065
721.01 -24.7688 0.362752
719.841 -24.674 0.364439
718.677 -24.5793 0.366126
717.516 -24.4845 0.367813
716.359 -24.3898 0.3695
715.206 -24.295 0.371187
714.056 -24.2003 0.372874
712.91 -24.1055 0.37456
711.768 -24.0108 0.376247
710.629 -23.9161 0.377934
709.494 -23.8213 0.379621
708.363 -23.7266 0.381308
707.235 -23.6318 0.382995
706.111 -23.5371 0.384682
704.99 -23.4423 0.386369
703.873 -23.3583 0.387898
702.76 -23.2813 0.389323
701.65 -23.2043 0.390748
700.543 -23.1273 0.392173
699.44 -23.0503 0.393598
698.341 -22.9733 0.395023
697.244 -22.8963 0.396448
696.152 -22.8193 0.397873
695.063 -22.7423 0.399298
693.977 -22.6653 0.400723
692.894 -22.5884 0.402148
691.815 -22.5114 0.403573
690.739 -22.4344 0.404998
689.667 -22.3574 0.406423
688.598 -22.2804 0.407848
687.532 -22.2034 0.409273
686.47 -22.1264 0.410698
685.411 -22.0494 0.412123
684.355 -21.9724 0.413548
683.302 -21.8954 0.414973
682.252 -21.8184 0.416398
681.206 -21.7414 0.417823
680.163 -21.6644 0.419248
679.123 -21.5874 0.420673
678.087 -21.5105 0.422098
677.053 -21.4335 0.423523
676.023 -21.3565 0.424948
674.996 -21.2795 0.426373
673.972 -21.2025 0.427798
672.951 -21.1255 0.429223
671.933 -21.0485 0.430648
670.918 -20.9715 0.432073
669.906 -20.8945 0.433498
668.897 -20.8175 0.434923
667.892 -20.7405 0.436348
666.889 -20.6635 0.437773
665.889 -20.5865 0.439198
664.893 -20.5096 0.440623
663.899 -20.4326 0.442048
662.908 -20.3556 0.443473
661.92 -20.2786 0.444898
660.936 -20.2016 0.446323
659.954 -20.1246 0.447748
658.975 -20.0572 0.448957
657.999 -19.9958 0.45003
657.025 -19.9344 0.451102
656.055 -19.873 0.452174
655.088 -19.8116 0.453247
654.123 -19.7502 0.454319
653.161 -19.6888 0.455391
652.202 -19.6274 0.456464
651.246 -19.566 0.457536
650.293 -19.5046 0.458608
649.342 -19.4432 0.459681
648.394 -19.3818 0.460753
647.449 -19.3204 0.461825
646.507 -19.259 0.462898
645.568 -19.1976 0.46397
644.631 -19.1362 0.465042
643.697 -19.0748 0.466115
642.765 -19.0134 0.467187
641.837 -18.952 0.468259
640.91 -18.8906 0.469331
639.987 -18.8292 0.470404
639.066 -18.7679 0.471476
638.148 -18.7065 0.472548
637.233 -18.6451 0.473621
636.32 -18.5837 0.474693
635.41 -18.5223 0.475765
634.502 -18.4609 0.476838
633.597 -18.3995 0.47791
632.695 -18.3381 0.478982
631.795 -18.2767 0.480055
630.898 -18.2153 0.481127
630.003 -18.1539 0.482199
629.111 -18.0925 0.483272
628.221 -18.0311 0.484344
627.334 -17.9697 0.485416
626.449 -17.9083 0.486489
625.567 -17.8469 0.487561
624.687 -17.7855 0.488633
623.81 -17.7241 0.489706
622.935 -17.6627 0.490778
622.063 -17.6013 0.49185
621.193 -17.5399 0.492923
620.326 -17.4786 0.493995
619.461 -17.4172 0.495067
618.598 -17.3558 0.49614
617.738 -17.2944 0.497212
616.88 -17.2332 0.498132
616.025 -17.1785 0.495516
615.172 -17.1237 0.492901
614.321 -17.069 0.490285
613.472 -17.0142 0.48767
612.626 -16.9595 0.485054
611.783 -16.9047 0.482439
610.941 -16.85 0.479823
610.102 -16.7952 0.477208
609.265 -16.7405 0.474592
608.431 -16.6857 0.471977
607.599 -16.6309 0.469361
606.769 -16.5762 0.466746
605.941 -16.5214 0.46413
605.116 -16.4667 0.461514
604.293 -16.4119 0.458899
603.472 -16.3572 0.456283
602.653 -16.3024 0.453668
601.836 -16.2477 0.451052
601.022 -16.1929 0.448437
600.21 -16.1382 0.445821
599.4 -16.0834 0.443206
598.593 -16.0287 0.44059
597.787 -15.9739 0.437975
596.984 -15.9191 0.435359
596.182 -15.8644 0.432744
595.383 -15.8096 0.430128
594.587 -15.7549 0.427512
593.792 -15.7001 0.424897
592.999 -15.6454 0.422281
592.209 -15.5906 0.419666
591.42 -15.5359 0.41705
590.634 -15.4811 0.414435
589.849 -15.4264 0.411819
589.067 -15.3716 0.409204
588.287 -15.3168 0.406588
587.509 -15.2621 0.403973
586.733 -15.2073 0.401357
585.959 -15.1526 0.398742
585.187 -15.0978 0.396126
584.417 -15.0431 0.393511
583.65 -14.9883 0.390895
582.884 -14.9336 0.388279
582.12 -14.8794 0.38585
581.358 -14.8359 0.386806
580.598 -14.7924 0.387762
579.84 -14.7489 0.388718
579.085 -14.7054 0.389674
578.331 -14.6619 0.390629
577.579 -14.6184 0.391585
576.829 -14.5749 0.392541
576.081 -14.5314 0.393497
575.335 -14.4879 0.394453
574.59 -14.4444 0.395409
573.848 -14.4009 0.396365
573.108 -14.3574 0.397321
572.369 -14.3139 0.398277
571.633 -14.2704 0.399233
570.898 -14.2269 0.400189
570.165 -14.1834 0.401145
569.435 -14.1399 0.402101
568.705 -14.0964 0.403057
567.978 -14.0529 0.404013
567.253 -14.0094 0.404969
566.53 -13.9659 0.405925
565.808 -13.9224 0.406881
565.088 -13.8789 0.407836
564.37 -13.8354 0.408792
563.654 -13.7919 0.409748
562.94 -13.7484 0.410704
562.227 -13.7049 0.41166
561.517 -13.6614 0.412616
560.808 -13.6179 0.413572
560.101 -13.5744 0.414528
559.396 -13.5309 0.415484
558.692 -13.4874 0.41644
557.99 -13.4439 0.417396
557.29 -13.4004 0.418352
556.592 -13.3569 0.419308
555.895 -13.3134 0.420264
555.201 -13.2699 0.42122
554.508 -13.2264 0.422176
553.816 -13.1829 0.423132
553.127 -13.1394 0.424088
552.439 -13.0959 0.425044
551.753 -13.0524 0.425999
551.068 -13.0089 0.426955
550.385 -12.9654 0.427911
549.704 -12.9219 0.428867
549.025 -12.8784 0.429823
548.347 -12.8356 0.429226
547.671 -12.7935 0.426948
546.997 -12.7514 0.42467
546.324 -12.7093 0.422393
545.653 -12.6672 0.420115
544.984 -12.6251 0.417837
544.316 -12.5831 0.415559
543.65 -12.541 0.413281
542.985 -12.4989 0.411004
542.322 -12.4568 0.408726
541.661 -12.4147 0.406448
541.001 -12.3726 0.40417
540.343 -12.3305 0.401893
539.687 -12.2884 0.399615
539.032 -12.2464 0.397337
538.379 -12.2043 0.395059
537.727 -12.1622 0.392781
537.077 -12.1201 0.390504
536.428 -12.078 0.388226
535.781 -12.0359 0.385948
535.136 -11.9938 0.38367
534.492 -11.9517 0.381393
533.85 -11.9096 0.379115
533.209 -11.8676 0.376837
532.57 -11.8255 0.374559
531.932 -11.7834 0.372281
531.296 -11.7413 0.370004
530.661 -11.6992 0.367726
530.028 -11.6571 0.365448
529.396 -11.615 0.36317
528.766 -11.5729 0.360892
528.137 -11.5309 0.358615
527.51 -11.4888 0.356337
526.885 -11.4467 0.354059
526.26 -11.4046 0.351781
525.638 -11.3625 0.349504
525.016 -11.3204 0.347226
524.397 -11.2783 0.344948
523.778 -11.2362 0.34267
523.161 -11.1942 0.340392
522.546 -11.1521 0.338115
521.932 -11.11 0.335837
521.32 -11.0679 0.333559
520.708 -11.0295 0.332136
520.099 -10.9951 0.331599
519.491 -10.9606 0.331061
518.884 -10.9261 0.330524
518.278 -10.8916 0.329987
517.674 -10.8571 0.329449
517.072 -10.8227 0.328912
516.471 -10.7882 0.328375
515.871 -10.7537 0.327837
515.273 -10.7192 0.3273
514.676 -10.6847 0.326763
514.08 -10.6502 0.326225
513.486 -10.6158 0.325688
512.893 -10.5813 0.325151
512.301 -10.5468 0.324613
511.711 -10.5123 0.324076
511.122 -10.4778 0.323539
510.535 -10.4434 0.323001
509.949 -10.4089 0.322464
509.364 -10.3744 0.321927
508.781 -10.3399 0.321389
508.199 -10.3054 0.320852
507.618 -10.271 0.320315
507.039 -10.2365 0.319777
506.461 -10.202 0.31924
505.884 -10.1675 0.318703
505.308 -10.133 0.318165
504.734 -10.0985 0.317628
504.161 -10.0641 0.31709
503.59 -10.0296 0.316553
503.02 -9.9951 0.316016
502.451 -9.96062 0.315478
501.883 -9.92614 0.314941
501.317 -9.89166 0.314404
500.751 -9.85718 0.313866
500.188 -9.8227 0.313329
499.625 -9.78821 0.312792
499.064 -9.75373 0.312254
498.504 -9.71925 0.311717
497.945 -9.68477 0.31118
497.387 -9.65029 0.310642
496.831 -9.61581 0.310105
496.276 -9.58133 0.309568
495.722 -9.54976 0.309059
495.17 -9.52108 0.308578
494.618 -9.49241 0.308097
494.068 -9.46373 0.307616
493.519 -9.43505 0.307135
492.972 -9.40638 0.306654
492.425 -9.3777 0.306173
491.88 -9.34903 0.305692
491.336 -9.32035 0.305211
490.793 -9.29167 0.30473
490.251 -9.263 0.304249
489.711 -9.23432 0.303768
489.172 -9.20565 0.303287
488.634 -9.17697 0.302806
488.097 -9.14829 0.302325
487.561 -9.11962 0.301844
487.026 -9.09094 0.301363
486.493 -9.06227 0.300882
485.961 -9.03359 0.300401
485.43 -9.00491 0.29992
484.9 -8.97624 0.299439
484.371 -8.94756 0.298958
483.844 -8.91889 0.298477
483.317 -8.89021 0.297996
482.792 -8.86153 0.297515
482.268 -8.83286 0.297034
481.745 -8.80418 0.296553
481.223 -8.77551 0.296072
480.702 -8.74683 0.295591
480.183 -8.71815 0.29511
479.664 -8.68948 0.294629
479.147 -8.6608 0.294148
478.63 -8.63213 0.293667
478.115 -8.60345 0.293186
477.601 -8.57478 0.292705
477.088 -8.5461 0.292224
476.576 -8.51742 0.291743
476.066 -8.48875 0.291262
475.556 -8.46007 0.290781
475.047 -8.4314 0.2903
474.54 -8.40272 0.289819
474.034 -8.37404 0.289338
473.528 -8.34537 0.288858
473.024 -8.31669 0.288377
472.521 -8.28802 0.287896
472.019 -8.25934 0.287415
471.518 -8.23066 0.286934
471.018 -8.20333 0.285291
470.519 -8.1761 0.283562
470.021 -8.14887 0.281833
469.524 -8.12164 0.280104
469.029 -8.09441 0.278374
468.534 -8.06718 0.276645
468.04 -8.03995 0.274916
467.548 -8.01272 0.273187
467.056 -7.98549 0.271457
466.565 -7.95826 0.269728
466.076 -7.93103 0.267999
465.587 -7.9038 0.26627
465.1 -7.87657 0.26454
464.614 -7.84934 0.262811
464.128 -7.82211 0.261082
463.644 -7.79488 0.259352
463.16 -7.76765 0.257623
462.678 -7.74042 0.255894
462.197 -7.71319 0.254165
461.716 -7.68596 0.252435
461.237 -7.65873 0.250706
460.758 -7.6315 0.248977
460.281 -7.60426 0.247248
459.804 -7.57703 0.245518
459.329 -7.5498 0.243789
458.855 -7.52257 0.24206
458.381 -7.49534 0.24033
457.909 -7.46811 0.238601
457.437 -7.44088 0.236872
456.966 -7.41365 0.235143
456.497 -7.38642 0.233413
456.028 -7.35919 0.231684
455.561 -7.33196 0.229955
455.094 -7.30473 0.228226
454.628 -7.2775 0.226496
454.163 -7.25027 0.224767
453.699 -7.22304 0.223038
453.237 -7.19581 0.221309
452.775 -7.16858 0.219579
452.314 -7.14135 0.21785
451.853 -7.11412 0.216121
451.394 -7.08689 0.214391
450.936 -7.05966 0.212662
450.479 -7.03788 0.212245
450.022 -7.01645 0.21191
449.567 -6.99501 0.211575
449.113 -6.97358 0.21124
448.659 -6.95215 0.210905
448.206 -6.93071 0.21057
447.754 -6.90928 0.210235
447.304 -6.88785 0.2099
446.854 -6.86641 0.209565
446.405 -6.84498 0.20923
445.956 -6.82354 0.208895
445.509 -6.80211 0.20856
445.063 -6.78068 0.208225
444.617 -6.75924 0.20789
444.173 -6.73781 0.207555
443.729 -6.71638 0.20722
443.286 -6.69494 0.206885
442.844 -6.67351 0.20655
442.403 -6.65207 0.206215
441.963 -6.63064 0.20588
441.524 -6.60921 0.205545
441.086 -6.58777 0.205211
440.648 -6.56634 0.204876
440.211 -6.54491 0.204541
439.776 -6.52347 0.204206
439.341 -6.50204 0.203871
438.907 -6.4806 0.203536
438.473 -6.45917 0.203201
438.041 -6.43774 0.202866
437.609 -6.4163 0.202531
437.179 -6.39487 0.202196
436.749 -6.37344 0.201861
436.32 -6.352 0.201526
435.892 -6.33057 0.201191
435.465 -6.30913 0.200856
435.038 -6.2877 0.200521
434.612 -6.26627 0.200186
434.188 -6.24483 0.199851
433.764 -6.2234 0.199516
433.341 -6.20197 0.199181
432.918 -6.18053 0.198846
432.497 -6.1591 0.198511
432.076 -6.13766 0.198176
431.656 -6.11623 0.197841
431.237 -6.0948 0.197506
430.819 -6.07336 0.197171
430.402 -6.05223 0.197222
429.985 -6.0316 0.197933
429.569 -6.01097 0.198643
429.154 -5.99035 0.199354
428.74 -5.96972 0.200064
428.327 -5.9491 0.200774
427.914 -5.92847 0.201485
427.502 -5.90784 0.202195
427.091 -5.88722 0.202906
426.681 -5.86659 0.203616
426.271 -5.84596 0.204326
425.863 -5.82534 0.205037
425.455 -5.80471 0.205747
425.048 -5.78408 0.206458
424.642 -5.76346 0.207168
424.236 -5.74283 0.207878
423.831 -5.7222 0.208589
423.427 -5.70158 0.209299
423.024 -5.68095 0.21001
422.622 -5.66032 0.21072
422.22 -5.6397 0.211431
421.819 -5.61907 0.212141
421.419 -5.59844 0.212851
421.019 -5.57782 0.213562
420.621 -5.55719 0.214272
420.223 -5.53656 0.214983
419.826 -5.51594 0.215693
419.429 -5.49531 0.216403
419.034 -5.47469 0.217114
418.639 -5.45406 0.217824
418.245 -5.43343 0.218535
417.851 -5.41281 0.219245
417.458 -5.39218 0.219955
417.067 -5.37155 0.220666
416.675 -5.35093 0.221376
416.285 -5.3303 0.222087
415.895 -5.30967 0.222797
415.506 -5.28905 0.223507
415.118 -5.26842 0.224218
414.73 -5.24779 0.224928
414.343 -5.22717 0.225639
413.957 -5.20654 0.226349
413.572 -5.18591 0.22706
413.187 -5.16525 0.227319
412.803 -5.14453 0.226842
412.42 -5.12381 0.226365
412.037 -5.10309 0.225888
411.656 -5.08237 0.225411
411.275 -5.06165 0.224934
410.894 -5.04093 0.224458
410.514 -5.02021 0.223981
410.135 -4.99949 0.223504
409.757 -4.97877 0.223027
409.379 -4.95805 0.22255
409.003 -4.93734 0.222073
408.626 -4.91662 0.221596
408.251 -4.8959 0.22112
407.876 -4.87518 0.220643
407.502 -4.85446 0.220166
407.128 -4.83374 0.219689
406.755 -4.81302 0.219212
406.383 -4.7923 0.218735
406.012 -4.77158 0.218258
405.641 -4.75086 0.217782
405.271 -4.73014 0.217305
404.902 -4.70942 0.216828
404.533 -4.6887 0.216351
404.165 -4.66798 0.215874
403.798 -4.64726 0.215397
403.431 -4.62654 0.21492
403.065 -4.60582 0.214443
402.699 -4.5851 0.213967
402.335 -4.56438 0.21349
401.971 -4.54366 0.213013
401.607 -4.52294 0.212536
401.244 -4.50222 0.212059
400.882 -4.4815 0.211582
400.521 -4.46078 0.211105
400.16 -4.44006 0.210629
399.8 -4.41934 0.210152
399.44 -4.39862 0.209675
399.082 -4.3779 0.209198
398.723 -4.35718 0.208721
398.366 -4.33646 0.208244
398.009 -4.31574 0.207767
397.653 -4.29502 0.207291
397.297 -4.2756 0.206827
396.942 -4.2582 0.206385
396.588 -4.2408 0.205943
396.234 -4.2234 0.2055
395.881 -4.206 0.205058
395.528 -4.18859 0.204616
395.176 -4.17119 0.204173
394.825 -4.15379 0.203731
394.475 -4.13639 0.203289
394.125 -4.11899 0.202846
393.775 -4.10159 0.202404
393.426 -4.08419 0.201962
393.078 -4.06679 0.201519
392.731 -4.04938 0.201077
392.384 -4.03198 0.200635
392.038 -4.01458 0.200192
391.692 -3.99718 0.19975
391.347 -3.97978 0.199308
391.002 -3.96238 0.198865
390.659 -3.94498 0.198423
390.315 -3.92758 0.197981
389.973 -3.91018 0.197538
389.631 -3.89277 0.197096
389.289 -3.87537 0.196654
388.948 -3.85797 0.196211
388.608 -3.84057 0.195769
388.268 -3.82317 0.195327
387.929 -3.80577 0.194884
387.591 -3.78837 0.194442
387.253 -3.77097 0.194
386.916 -3.75356 0.193557
386.579 -3.73616 0.193115
386.243 -3.71876 0.192673
385.907 -3.70136 0.19223
385.572 -3.68396 0.191788
385.238 -3.66656 0.191346
384.904 -3.64916 0.190903
384.571 -3.63176 0.190461
384.238 -3.61435 0.190019
383.906 -3.59695 0.189576
383.575 -3.57955 0.189134
383.244 -3.56215 0.188692
382.913 -3.54475 0.188249
382.584 -3.52735 0.187807
382.255 -3.50995 0.187365
381.926 -3.49255 0.186922
381.598 -3.47514 0.18648
381.27 -3.45806 0.187268
380.943 -3.44105 0.188329
380.617 -3.42404 0.189389
380.291 -3.40703 0.190449
379.966 -3.39002 0.191509
379.641 -3.37301 0.19257
379.317 -3.356 0.19363
378.993 -3.33899 0.19469
378.67 -3.32198 0.195751
378.348 -3.30497 0.196811
378.026 -3.28796 0.197871
377.704 -3.27095 0.198931
377.383 -3.25394 0.199992
377.063 -3.23693 0.201052
376.743 -3.21992 0.202112
376.424 -3.20291 0.203172
376.105 -3.1859 0.204233
375.787 -3.16889 0.205293
375.47 -3.15188 0.206353
375.152 -3.13487 0.207413
374.836 -3.11786 0.208474
374.52 -3.10085 0.209534
374.204 -3.08384 0.210594
373.889 -3.06683 0.211655
373.575 -3.04982 0.212715
373.261 -3.03281 0.213775
372.948 -3.0158 0.214835
372.635 -2.99879 0.215896
372.323 -2.98178 0.216956
372.011 -2.96477 0.218016
371.7 -2.94776 0.219076
371.389 -2.93075 0.220137
371.079 -2.91374 0.221197
370.769 -2.89673 0.222257
370.46 -2.87972 0.223317
370.151 -2.86271 0.224378
369.843 -2.8457 0.225438
369.535 -2.82869 0.226498
369.228 -2.81168 0.227558
368.921 -2.79467 0.228619
368.615 -2.77766 0.229679
368.31 -2.76065 0.230739
368.004 -2.74364 0.2318
367.7 -2.72761 0.232903
367.396 -2.71178 0.234016
367.092 -2.69596 0.235129
366.789 -2.68013 0.236241
366.486 -2.6643 0.237354
366.184 -2.64847 0.238467
365.883 -2.63264 0.239579
365.582 -2.61681 0.240692
365.281 -2.60098 0.241805
364.981 -2.58515 0.242918
364.681 -2.56932 0.24403
364.382 -2.55349 0.245143
364.083 -2.53766 0.246256
363.785 -2.52184 0.247368
363.488 -2.50601 0.248481
363.19 -2.49018 0.249594
362.894 -2.47435 0.250706
362.597 -2.45852 0.251819
362.302 -2.44269 0.252932
362.007 -2.42686 0.254044
361.712 -2.41103 0.255157
361.417 -2.3952 0.25627
361.124 -2.37937 0.257383
360.83 -2.36354 0.258495
360.537 -2.34772 0.259608
360.245 -2.33189 0.260721
359.953 -2.31606 0.261833
359.662 -2.30023 0.262946
359.371 -2.2844 0.264059
359.08 -2.26857 0.265171
358.79 -2.25274 0.266284
358.501 -2.23691 0.267397
358.212 -2.22108 0.268509
357.923 -2.20525 0.269622
357.635 -2.18942 0.270735
357.347 -2.1736 0.271848
357.06 -2.15777 0.27296
356.773 -2.14194 0.274073
356.487 -2.12611 0.275186
356.201 -2.11028 0.276298
355.916 -2.09445 0.277411
355.631 -2.07862 0.278524
355.346 -2.06279 0.279636
355.062 -2.04696 0.280749
354.779 -2.03113 0.281862
354.495 -2.0153 0.282975
354.213 -1.99924 0.284016
353.931 -1.98252 0.284852
353.649 -1.96579 0.285689
353.367 -1.94907 0.286525
353.087 -1.93234 0.287362
352.806 -1.91562 0.288198
352.526 -1.89889 0.289035
352.247 -1.88217 0.289871
351.968 -1.86544 0.290708
351.689 -1.84872 0.291544
351.411 -1.83199 0.292381
351.133 -1.81527 0.293217
350.856 -1.79854 0.294054
350.579 -1.78182 0.29489
350.302 -1.76509 0.295727
350.026 -1.74837 0.296563
349.751 -1.73164 0.2974
349.476 -1.71492 0.298236
349.201 -1.69819 0.299073
348.927 -1.68147 0.299909
348.653 -1.66474 0.300746
348.379 -1.64802 0.301582
348.106 -1.63129 0.302419
347.834 -1.61457 0.303255
347.561 -1.59784 0.304092
347.29 -1.58112 0.304928
347.018 -1.56439 0.305765
346.748 -1.54767 0.306601
346.477 -1.53094 0.307438
346.207 -1.51422 0.308274
345.938 -1.49749 0.309111
345.668 -1.48077 0.309947
345.4 -1.46404 0.310784
345.131 -1.44732 0.31162
344.863 -1.43059 0.312457
344.596 -1.41387 0.313293
344.329 -1.39714 0.314129
344.062 -1.38042 0.314966
343.796 -1.36369 0.315802
343.53 -1.34697 0.316639
343.264 -1.33024 0.317475
342.999 -1.31352 0.318312
342.735 -1.29679 0.319148
342.47 -1.28065 0.319523
342.207 -1.26608 0.318641
341.943 -1.25151 0.31776
341.68 -1.23695 0.316878
341.418 -1.22238 0.315997
341.155 -1.20781 0.315115
340.894 -1.19325 0.314233
340.632 -1.17868 0.313352
340.371 -1.16411 0.31247
340.111 -1.14954 0.311588
339.85 -1.13498 0.310707
339.591 -1.12041 0.309825
339.331 -1.10584 0.308944
339.072 -1.09128 0.308062
338.814 -1.07671 0.30718
338.555 -1.06214 0.306299
338.298 -1.04758 0.305417
338.04 -1.03301 0.304536
337.783 -1.01844 0.303654
337.526 -1.00388 0.302772
337.27 -0.989308 0.301891
337.014 -0.974741 0.301009
336.759 -0.960174 0.300127
336.504 -0.945607 0.299246
336.249 -0.93104 0.298364
335.995 -0.916473 0.297483
335.741 -0.901906 0.296601
335.487 -0.887339 0.295719
335.234 -0.872772 0.294838
334.981 -0.858205 0.293956
334.729 -0.843638 0.293074
334.477 -0.829072 0.292193
334.225 -0.814505 0.291311
333.974 -0.799938 0.29043
333.723 -0.785371 0.289548
333.472 -0.770804 0.288666
333.222 -0.756237 0.287785
332.972 -0.74167 0.286903
332.723 -0.727103 0.286022
332.474 -0.712536 0.28514
332.225 -0.697969 0.284258
331.977 -0.683402 0.283377
331.729 -0.668835 0.282495
331.482 -0.651372 0.28398
331.234 -0.626447 0.291564
330.988 -0.601523 0.299148
330.741 -0.576598 0.306731
330.495 -0.551674 0.314315
330.249 -0.526749 0.321898
330.004 -0.501825 0.329482
329.759 -0.4769 0.337065
329.515 -0.451976 0.344649
329.27 -0.427051 0.352233
329.026 -0.402127 0.359816
328.783 -0.377202 0.3674
328.54 -0.352278 0.374983
328.297 -0.327353 0.382567
328.054 -0.302429 0.390151
327.812 -0.277504 0.397734
327.571 -0.252579 0.405318
327.329 -0.227655 0.412901
327.088 -0.20273 0.420485
326.848 -0.177806 0.428068
326.607 -0.152881 0.435652
326.367 -0.127957 0.443236
326.128 -0.103032 0.450819
325.888 -0.0781078 0.458403
325.65 -0.0531833 0.465986
325.411 -0.0282588 0.47357
325.173 -0.00333427 0.481153
324.935 0.0215903 0.488737
324.697 0.0465148 0.496321
324.46 0.0714393 0.503904
324.223 0.0963638 0.511488
323.987 0.121288 0.519071
323.751 0.146213 0.526655
323.515 0.171137 0.534239
323.28 0.196062 0.541822
323.045 0.220986 0.549406
322.81 0.245911 0.556989
322.575 0.270835 0.564573
322.341 0.29576 0.572156
322.108 0.320685 0.57974
321.874 0.345609 0.587324
321.641 0.370534 0.594907
321.408 0.395458 0.602491
321.176 0.420383 0.610074
320.944 0.445307 0.617658
320.712 0.470232 0.625241
320.481 0.495156 0.632825
320.25 0.508941 0.647508
320.019 0.518129 0.66512
319.789 0.527318 0.682732
319.559 0.536506 0.700343
319.329 0.545695 0.717955
319.1 0.554883 0.735567
318.871 0.564072 0.753179
318.642 0.57326 0.770791
318.413 0.582449 0.788403
318.185 0.591638 0.806014
317.958 0.600826 0.823626
317.73 0.610015 0.841238
317.503 0.619203 0.85885
317.276 0.628392 0.876462
317.05 0.63758 0.894074
316.824 0.646769 0.911686
316.598 0.655957 0.929297
316.373 0.665146 0.946909
316.147 0.674334 0.964521
315.923 0.683523 0.982133
315.698 0.692711 0.999745
315.474 0.7019 1.01736
315.25 0.711088 1.03497
315.026 0.720277 1.05258
314.803 0.729466 1.07019
314.58 0.738654 1.0878
314.358 0.747843 1.10542
314.135 0.757031 1.12303
313.913 0.76622 1.14064
313.692 0.775408 1.15825
313.47 0.784597 1.17586
313.249 0.793785 1.19348
313.028 0.802974 1.21109
312.808 0.812162 1.2287
312.588 0.821351 1.24631
312.368 0.830539 1.26392
312.149 0.839728 1.28153
311.929 0.848916 1.29915
311.711 0.858105 1.31676
311.492 0.867293 1.33437
311.274 0.876482 1.35198
311.056 0.885671 1.36959
310.838 0.894859 1.38721
310.621 0.896963 1.41054
310.404 0.896295 1.43613
310.187 0.895626 1.46171
309.971 0.894958 1.48729
309.754 0.894289 1.51287
309.539 0.89362 1.53845
309.323 0.892952 1.56403
309.108 0.892283 1.58961
308.893 0.891614 1.61519
308.678 0.890946 1.64078
308.464 0.890277 1.66636
308.25 0.889608 1.69194
308.036 0.88894 1.71752
307.823 0.888271 1.7431
307.609 0.887602 1.76868
307.397 0.886934 1.79426
307.184 0.886265 1.81984
306.972 0.885596 1.84543
306.76 0.884928 1.87101
306.548 0.884259 1.89659
306.337 0.883591 1.92217
306.126 0.882922 1.94775
305.915 0.882253 1.97333
305.704 0.881585 1.99891
305.494 0.880916 2.02449
305.284 0.880247 2.05007
305.074 0.879579 2.07566
304.865 0.87891 2.10124
304.656 0.878241 2.12682
304.447 0.877573 2.1524
304.239 0.876904 2.17798
304.03 0.876235 2.20356
303.822 0.875567 2.22914
303.615 0.874898 2.25472
303.407 0.874229 2.28031
303.2 0.873561 2.30589
302.994 0.872892 2.33147
302.787 0.872224 2.35705
302.581 0.871555 2.38263
302.375 0.870886 2.40821
302.169 0.870218 2.43379
301.964 0.869549 2.45937
301.759 0.86888 2.48496
301.554 0.868212 2.51054
301.349 0.867543 2.53612
301.145 0.866874 2.5617
300.941 0.865339 2.58572
300.737 0.858777 2.6007
300.534 0.852214 2.61569
300.331 0.845651 2.63067
300.128 0.839089 2.64565
299.925 0.832526 2.66063
299.723 0.825963 2.67561
299.521 0.819401 2.6906
299.319 0.812838 2.70558
299.117 0.806275 2.72056
298.916 0.799712 2.73554
298.715 0.79315 2.75052
298.514 0.786587 2.7655
298.314 0.780024 2.78049
298.113 0.773462 2.79547
297.914 0.766899 2.81045
297.714 0.760336 2.82543
297.515 0.753774 2.84041
297.315 0.747211 2.8554
297.117 0.740648 2.87038
296.918 0.734086 2.88536
296.72 0.727523 2.90034
296.522 0.72096 2.91532
296.324 0.714398 2.93031
296.126 0.707835 2.94529
295.929 0.701272 2.96027
295.732 0.694709 2.97525
295.535 0.688147 2.99023
295.339 0.681584 3.00521
295.142 0.675021 3.0202
294.947 0.668459 3.03518
294.751 0.661896 3.05016
294.555 0.655333 3.06514
294.36 0.648771 3.08012
294.165 0.642208 3.09511
293.971 0.635645 3.11009
293.776 0.629083 3.12507
293.582 0.62252 3.14005
293.388 0.615957 3.15503
293.194 0.609395 3.17002
293.001 0.602832 3.185
292.808 0.596269 3.19998
292.615 0.589706 3.21496
292.422 0.583468 3.22882
292.23 0.57896 3.23665
292.038 0.574453 3.24449
291.846 0.569945 3.25233
291.655 0.565438 3.26016
291.463 0.56093 3.268
291.272 0.556423 3.27584
291.081 0.551915 3.28367
290.891 0.547408 3.29151
290.7 0.5429 3.29935
290.51 0.538393 3.30718
290.32 0.533885 3.31502
290.131 0.529378 3.32286
289.941 0.52487 3.3307
289.752 0.520363 3.33853
289.563 0.515855 3.34637
289.375 0.511348 3.35421
289.186 0.50684 3.36204
288.998 0.502333 3.36988
288.81 0.497825 3.37772
288.623 0.493318 3.38555
288.435 0.48881 3.39339
288.248 0.484302 3.40123
288.061 0.479795 3.40906
287.874 0.475287 3.4169
287.688 0.47078 3.42474
287.502 0.466272 3.43257
287.316 0.461765 3.44041
287.13 0.457257 3.44825
286.945 0.45275 3.45608
286.759 0.448242 3.46392
286.574 0.443735 3.47176
286.39 0.439227 3.4796
286.205 0.43472 3.48743
286.021 0.430212 3.49527
285.837 0.425705 3.50311
285.653 0.421197 3.51094
285.469 0.41669 3.51878
285.286 0.412182 3.52662
285.103 0.407675 3.53445
284.92 0.403167 3.54229
284.738 0.39866 3.55013
284.555 0.394152 3.55796
284.373 0.389775 3.56516
284.191 0.386042 3.56922
284.009 0.382308 3.57328
283.828 0.378575 3.57733
283.647 0.374842 3.58139
283.466 0.371109 3.58545
283.285 0.367375 3.58951
283.104 0.363642 3.59356
282.924 0.359909 3.59762
282.744 0.356175 3.60168
282.564 0.352442 3.60573
282.385 0.348709 3.60979
282.205 0.344976 3.61385
282.026 0.341242 3.6179
281.847 0.337509 3.62196
281.668 0.333776 3.62602
281.49 0.330043 3.63008
281.312 0.326309 3.63413
281.134 0.322576 3.63819
280.956 0.318843 3.64225
280.778 0.315109 3.6463
280.601 0.311376 3.65036
280.424 0.307643 3.65442
280.247 0.30391 3.65847
280.07 0.300176 3.66253
279.894 0.296443 3.66659
279.717 0.29271 3.67064
279.541 0.288977 3.6747
279.366 0.285243 3.67876
279.19 0.28151 3.68282
279.015 0.277777 3.68687
278.839 0.274043 3.69093
278.665 0.27031 3.69499
278.49 0.266577 3.69904
278.315 0.262844 3.7031
278.141 0.25911 3.70716
277.967 0.255377 3.71121
277.793 0.251644 3.71527
277.62 0.24791 3.71933
277.446 0.244177 3.72339
277.273 0.240444 3.72744
277.1 0.236711 3.7315
276.927 0.232977 3.73556
276.755 0.229244 3.73961
276.582 0.225511 3.74367
276.41 0.221778 3.74773
276.239 0.218044 3.75178
276.067 0.213839 3.75388
275.895 0.209314 3.75466
275.724 0.204789 3.75543
275.553 0.200264 3.75621
275.382 0.195739 3.75698
275.212 0.191214 3.75776
275.041 0.186689 3.75853
274.871 0.182164 3.7593
274.701 0.177639 3.76008
274.531 0.173114 3.76085
274.362 0.168589 3.76163
274.192 0.164064 3.7624
274.023 0.159539 3.76318
273.854 0.155015 3.76395
273.686 0.15049 3.76473
273.517 0.145965 3.7655
273.349 0.14144 3.76628
273.181 0.136915 3.76705
273.013 0.13239 3.76783
272.845 0.127865 3.7686
272.678 0.12334 3.76937
272.51 0.118815 3.77015
272.343 0.11429 3.77092
272.176 0.109765 3.7717
272.01 0.10524 3.77247
271.843 0.100715 3.77325
271.677 0.0961905 3.77402
271.511 0.0916656 3.7748
271.345 0.0871407 3.77557
271.18 0.0826158 3.77635
271.014 0.0780909 3.77712
270.849 0.0735659 3.7779
270.684 0.069041 3.77867
270.519 0.0645161 3.77944
270.354 0.0599912 3.78022
270.19 0.0554662 3.78099
270.026 0.0509413 3.78177
269.862 0.0464164 3.78254
269.698 0.0418915 3.78332
269.534 0.0373666 3.78409
269.371 0.0328416 3.78487
269.207 0.0283167 3.78564
269.044 0.0237918 3.78642
268.882 0.0204077 3.78617
268.719 0.0177605 3.78528
268.556 0.0151133 3.78438
268.394 0.0124661 3.78348
268.232 0.00981884 3.78258
268.07 0.00717163 3.78168
267.909 0.00452442 3.78079
267.747 0.00187721 3.77989
267.586 -0.000769995 3.77899
267.425 -0.0034172 3.77809
267.264 -0.00606441 3.77719
267.103 -0.00871162 3.7763
266.943 -0.0113588 3.7754
266.782 -0.014006 3.7745
266.622 -0.0166533 3.7736
266.462 -0.0193005 3.7727
266.303 -0.0219477 3.77181
266.143 -0.0245949 3.77091
265.984 -0.0272421 3.77001
265.824 -0.0298893 3.76911
265.665 -0.0325365 3.76822
265.507 -0.0351837 3.76732
265.348 -0.0378309 3.76642
265.19 -0.0404781 3.76552
265.031 -0.0431253 3.76462
264.873 -0.0457726 3.76373
264.716 -0.0484198 3.76283
264.558 -0.051067 3.76193
264.4 -0.0537142 3.76103
264.243 -0.0563614 3.76013
264.086 -0.0590086 3.75924
263.929 -0.0616558 3.75834
263.773 -0.064303 3.75744
263.616 -0.0669502 3.75654
263.46 -0.0695974 3.75564
263.303 -0.0722446 3.75475
263.147 -0.0748919 3.75385
262.992 -0.0775391 3.75295
262.836 -0.0801863 3.75205
262.681 -0.0828335 3.75115
262.525 -0.0854807 3.75026
262.37 -0.0881279 3.74936
262.216 -0.0907751 3.74846
262.061 -0.0934223 3.74756
261.906 -0.0960695 3.74666
261.752 -0.0987167 3.74577
261.598 -0.101328 3.74487
261.444 -0.102962 3.74395
261.29 -0.104597 3.74303
261.137 -0.106232 3.74211
260.983 -0.107867 3.74119
260.83 -0.109502 3.74027
260.677 -0.111137 3.73935
260.524 -0.112771 3.73843
260.371 -0.114406 3.73751
260.219 -0.116041 3.73659
260.066 -0.117676 3.73567
259.914 -0.119311 3.73475
259.762 -0.120946 3.73384
259.61 -0.12258 3.73292
259.459 -0.124215 3.732
259.307 -0.12585 3.73108
259.156 -0.127485 3.73016
259.005 -0.12912 3.72924
258.854 -0.130755 3.72832
258.703 -0.132389 3.7274
258.553 -0.134024 3.72648
258.402 -0.135659 3.72556
258.252 -0.137294 3.72464
258.102 -0.138929 3.72372
257.952 -0.140563 3.7228
257.802 -0.142198 3.72188
257.653 -0.143833 3.72097
257.504 -0.145468 3.72005
257.354 -0.147103 3.71913
257.205 -0.148738 3.71821
257.057 -0.150372 3.71729
256.908 -0.152007 3.71637
256.759 -0.153642 3.71545
256.611 -0.155277 3.71453
256.463 -0.156912 3.71361
256.315 -0.158547 3.71269
256.167 -0.160181 3.71177
256.019 -0.161816 3.71085
255.872 -0.163451 3.70993
255.725 -0.165086 3.70901
255.578 -0.166721 3.7081
255.431 -0.168356 3.70718
255.284 -0.16999 3.70626
255.137 -0.171594 3.70531
254.991 -0.172564 3.70377
254.844 -0.173533 3.70223
254.698 -0.174502 3.70069
254.552 -0.175472 3.69915
254.407 -0.176441 3.69761
254.261 -0.17741 3.69607
254.116 -0.17838 3.69453
253.97 -0.179349 3.69299
253.825 -0.180318 3.69145
253.68 -0.181288 3.68991
253.535 -0.182257 3.68837
253.391 -0.183226 3.68683
253.246 -0.184196 3.68529
253.102 -0.185165 3.68375
252.958 -0.186135 3.68221
252.814 -0.187104 3.68067
252.67 -0.188073 3.67913
252.527 -0.189043 3.67759
252.383 -0.190012 3.67605
252.24 -0.190981 3.67451
252.097 -0.191951 3.67297
251.954 -0.19292 3.67143
251.811 -0.193889 3.66989
251.668 -0.194859 3.66835
251.526 -0.195828 3.66681
251.383 -0.196798 3.66527
251.241 -0.197767 3.66373
251.099 -0.198736 3.66219
250.957 -0.199706 3.66065
250.816 -0.200675 3.65911
250.674 -0.201644 3.65757
250.533 -0.202614 3.65603
250.391 -0.203583 3.65449
250.25 -0.204552 3.65295
250.109 -0.205522 3.65141
249.969 -0.206491 3.64987
249.828 -0.20746 3.64833
249.688 -0.20843 3.64679
249.547 -0.209399 3.64525
249.407 -0.210369 3.64371
249.267 -0.211338 3.64217
249.128 -0.212307 3.64063
248.988 -0.213216 3.63911
248.848 -0.213123 3.6379
248.709 -0.213029 3.63669
248.57 -0.212936 3.63548
248.431 -0.212843 3.63427
248.292 -0.21275 3.63306
248.153 -0.212657 3.63185
248.015 -0.212564 3.63064
247.876 -0.212471 3.62943
247.738 -0.212378 3.62822
247.6 -0.212284 3.627
247.462 -0.212191 3.62579
247.324 -0.212098 3.62458
247.187 -0.212005 3.62337
247.049 -0.211912 3.62216
246.912 -0.211819 3.62095
246.775 -0.211726 3.61974
246.638 -0.211633 3.61853
246.501 -0.211539 3.61732
246.364 -0.211446 3.61611
246.228 -0.211353 3.6149
246.091 -0.21126 3.61369
245.955 -0.211167 3.61248
245.819 -0.211074 3.61127
245.683 -0.210981 3.61006
245.547 -0.210888 3.60885
245.412 -0.210794 3.60763
245.276 -0.210701 3.60642
245.141 -0.210608 3.60521
245.006 -0.210515 3.604
244.87 -0.210422 3.60279
244.736 -0.210329 3.60158
244.601 -0.210236 3.60037
244.466 -0.210143 3.59916
244.332 -0.210049 3.59795
244.197 -0.209956 3.59674
244.063 -0.209863 3.59553
243.929 -0.20977 3.59432
243.795 -0.209677 3.59311
243.662 -0.209584 3.5919
243.528 -0.209491 3.59069
243.395 -0.209398 3.58948
243.261 -0.209304 3.58827
243.128 -0.209211 3.58705
242.995 -0.209118 3.58584
242.862 -0.209025 3.58463
242.73 -0.208932 3.58342
242.597 -0.209126 3.58186
242.465 -0.209624 3.57992
242.332 -0.210122 3.57798
242.2 -0.21062 3.57605
242.068 -0.211117 3.57411
241.936 -0.211615 3.57217
241.805 -0.212113 3.57024
241.673 -0.212611 3.5683
241.542 -0.213109 3.56636
241.411 -0.213607 3.56442
241.279 -0.214105 3.56249
241.148 -0.214603 3.56055
241.018 -0.215101 3.55861
240.887 -0.215599 3.55668
240.756 -0.216097 3.55474
240.626 -0.216595 3.5528
240.496 -0.217092 3.55086
240.366 -0.21759 3.54893
240.236 -0.218088 3.54699
240.106 -0.218586 3.54505
239.976 -0.219084 3.54311
239.846 -0.219582 3.54118
239.717 -0.22008 3.53924
239.588 -0.220578 3.5373
239.459 -0.221076 3.53537
239.33 -0.221574 3.53343
239.201 -0.222072 3.53149
239.072 -0.22257 3.52955
238.943 -0.223067 3.52762
238.815 -0.223565 3.52568
238.687 -0.224063 3.52374
238.558 -0.224561 3.52181
238.43 -0.225059 3.51987
238.302 -0.225557 3.51793
238.175 -0.226055 3.51599
238.047 -0.226553 3.51406
237.92 -0.227051 3.51212
237.792 -0.227549 3.51018
237.665 -0.228047 3.50824
237.538 -0.228545 3.50631
237.411 -0.229042 3.50437
237.284 -0.22954 3.50243
237.157 -0.230038 3.5005
237.031 -0.229999 3.49925
236.904 -0.229414 3.4987
236.778 -0.228829 3.49815
236.652 -0.228244 3.4976
236.526 -0.227659 3.49705
236.4 -0.227074 3.4965
236.274 -0.226489 3.49595
236.149 -0.225904 3.4954
236.023 -0.225319 3.49485
235.898 -0.224734 3.4943
235.773 -0.22415 3.49375
235.648 -0.223565 3.4932
235.523 -0.22298 3.49265
235.398 -0.222395 3.4921
235.273 -0.22181 3.49155
235.149 -0.221225 3.491
235.024 -0.22064 3.49045
234.9 -0.220055 3.4899
234.776 -0.21947 3.48935
234.652 -0.218885 3.4888
234.528 -0.218301 3.48825
234.404 -0.217716 3.4877
234.281 -0.217131 3.48715
234.157 -0.216546 3.4866
234.034 -0.215961 3.48605
233.911 -0.215376 3.4855
233.787 -0.214791 3.48496
233.665 -0.214206 3.48441
233.542 -0.213621 3.48386
233.419 -0.213036 3.48331
233.296 -0.212451 3.48276
233.174 -0.211867 3.48221
233.052 -0.211282 3.48166
232.929 -0.210697 3.48111
232.807 -0.210112 3.48056
232.685 -0.209527 3.48001
232.564 -0.208942 3.47946
232.442 -0.208357 3.47891
232.32 -0.207772 3.47836
232.199 -0.207187 3.47781
232.078 -0.206602 3.47726
231.956 -0.206018 3.47671
231.835 -0.205433 3.47616
231.714 -0.204848 3.47561
231.594 -0.204263 3.47506
231.473 -0.203678 3.47451
231.352 -0.203093 3.47396
231.232 -0.203386 3.47205
231.112 -0.203751 3.47002
230.991 -0.204116 3.468
230.871 -0.204481 3.46597
230.751 -0.204846 3.46395
230.632 -0.205211 3.46192
230.512 -0.205576 3.4599
230.392 -0.205941 3.45787
230.273 -0.206306 3.45585
230.154 -0.206671 3.45383
230.035 -0.207035 3.4518
229.915 -0.2074 3.44978
229.797 -0.207765 3.44775
229.678 -0.20813 3.44573
229.559 -0.208495 3.4437
229.44 -0.20886 3.44168
229.322 -0.209225 3.43965
229.204 -0.20959 3.43763
229.085 -0.209955 3.4356
228.967 -0.21032 3.43358
228.849 -0.210685 3.43155
228.732 -0.211049 3.42953
228.614 -0.211414 3.4275
228.496 -0.211779 3.42548
228.379 -0.212144 3.42346
228.261 -0.212509 3.42143
228.144 -0.212874 3.41941
228.027 -0.213239 3.41738
227.91 -0.213604 3.41536
227.793 -0.213969 3.41333
227.677 -0.214334 3.41131
227.56 -0.214699 3.40928
227.443 -0.215063 3.40726
227.327 -0.215428 3.40523
227.211 -0.215793 3.40321
227.095 -0.216158 3.40118
226.979 -0.216523 3.39916
226.863 -0.216888 3.39713
226.747 -0.217253 3.39511
226.631 -0.217618 3.39308
226.516 -0.217983 3.39106
226.4 -0.218348 3.38904
226.285 -0.218712 3.38701
226.17 -0.219165 3.38619
226.055 -0.219624 3.38544
225.94 -0.220083 3.3847
225.825 -0.220542 3.38396
225.71 -0.221001 3.38322
225.595 -0.22146 3.38248
225.481 -0.221919 3.38174
225.366 -0.222378 3.381
225.252 -0.222837 3.38025
225.138 -0.223295 3.37951
225.024 -0.223754 3.37877
224.91 -0.224213 3.37803
224.796 -0.224672 3.37729
224.682 -0.225131 3.37655
224.569 -0.22559 3.3758
224.455 -0.226049 3.37506
224.342 -0.226508 3.37432
224.229 -0.226967 3.37358
224.116 -0.227426 3.37284
224.003 -0.227885 3.3721
223.89 -0.228343 3.37135
223.777 -0.228802 3.37061
223.664 -0.229261 3.36987
223.552 -0.22972 3.36913
223.439 -0.230179 3.36839
223.327 -0.230638 3.36765
223.215 -0.231097 3.36691
223.103 -0.231556 3.36616
222.991 -0.232015 3.36542
222.879 -0.232474 3.36468
222.767 -0.232932 3.36394
222.655 -0.233391 3.3632
222.544 -0.23385 3.36246
222.432 -0.234309 3.36171
222.321 -0.234768 3.36097
222.21 -0.235227 3.36023
222.099 -0.235686 3.35949
221.988 -0.236145 3.35875
221.877 -0.236604 3.35801
221.766 -0.237063 3.35726
221.655 -0.237522 3.35652
221.545 -0.23798 3.35578
221.435 -0.238439 3.35504
221.324 -0.239643 3.35307
221.214 -0.240889 3.35102
221.104 -0.242135 3.34898
220.994 -0.243381 3.34694
220.884 -0.244627 3.34489
220.774 -0.245873 3.34285
220.665 -0.24712 3.34081
220.555 -0.248366 3.33876
220.446 -0.249612 3.33672
220.336 -0.250858 3.33468
220.227 -0.252104 3.33263
220.118 -0.25335 3.33059
220.009 -0.254596 3.32855
219.9 -0.255842 3.3265
219.791 -0.257088 3.32446
219.682 -0.258334 3.32242
219.574 -0.25958 3.32037
219.465 -0.260826 3.31833
219.357 -0.262073 3.31629
219.249 -0.263319 3.31424
219.141 -0.264565 3.3122
219.032 -0.265811 3.31016
218.925 -0.267057 3.30811
218.817 -0.268303 3.30607
218.709 -0.269549 3.30403
218.601 -0.270795 3.30198
218.494 -0.272041 3.29994
218.386 -0.273287 3.2979
218.279 -0.274533 3.29585
218.172 -0.275779 3.29381
218.065 -0.277025 3.29177
217.958 -0.278272 3.28972
217.851 -0.279518 3.28768
217.744 -0.280764 3.28564
217.637 -0.28201 3.28359
217.531 -0.283256 3.28155
217.424 -0.284502 3.27951
217.318 -0.285748 3.27746
217.212 -0.286994 3.27542
217.106 -0.28824 3.27338
217 -0.289486 3.27133
216.894 -0.290732 3.26929
216.788 -0.291978 3.26725
216.682 -0.293224 3.2652
216.576 -0.294471 3.26316
216.471 -0.295717 3.26112
216.365 -0.296663 3.25914
216.26 -0.297108 3.25729
216.155 -0.297553 3.25543
216.05 -0.297998 3.25357
215.945 -0.298443 3.25172
215.84 -0.298888 3.24986
215.735 -0.299332 3.248
215.63 -0.299777 3.24614
215.526 -0.300222 3.24429
215.421 -0.300667 3.24243
215.317 -0.301112 3.24057
215.212 -0.301557 3.23872
215.108 -0.302002 3.23686
215.004 -0.302447 3.235
214.9 -0.302892 3.23314
214.796 -0.303337 3.23129
214.692 -0.303782 3.22943
214.589 -0.304227 3.22757
214.485 -0.304672 3.22571
214.381 -0.305117 3.22386
214.278 -0.305562 3.222
214.175 -0.306007 3.22014
214.072 -0.306452 3.21829
213.968 -0.306897 3.21643
213.865 -0.307342 3.21457
213.762 -0.307787 3.21271
213.66 -0.308232 3.21086
213.557 -0.308677 3.209
213.454 -0.309122 3.20714
213.352 -0.309567 3.20529
213.249 -0.310012 3.20343
213.147 -0.310457 3.20157
213.045 -0.310902 3.19971
212.943 -0.311347 3.19786
212.841 -0.311792 3.196
212.739 -0.312237 3.19414
212.637 -0.312682 3.19228
212.535 -0.313127 3.19043
212.434 -0.313572 3.18857
212.332 -0.314017 3.18671
212.231 -0.314462 3.18486
212.129 -0.314907 3.183
212.028 -0.315351 3.18114
211.927 -0.315735 3.17931
211.826 -0.316021 3.17751
211.725 -0.316307 3.17571
211.624 -0.316593 3.17392
211.523 -0.316879 3.17212
211.423 -0.317165 3.17032
211.322 -0.317451 3.16853
211.221 -0.317737 3.16673
211.121 -0.318023 3.16493
211.021 -0.318309 3.16314
210.921 -0.318595 3.16134
210.821 -0.318881 3.15954
210.72 -0.319167 3.15775
210.621 -0.319453 3.15595
210.521 -0.319739 3.15415
210.421 -0.320025 3.15236
210.321 -0.320311 3.15056
210.222 -0.320597 3.14876
210.122 -0.320883 3.14697
210.023 -0.321169 3.14517
209.924 -0.321455 3.14337
209.825 -0.321741 3.14157
209.726 -0.322027 3.13978
209.627 -0.322313 3.13798
209.528 -0.322599 3.13618
209.429 -0.322885 3.13439
209.33 -0.323171 3.13259
209.232 -0.323457 3.13079
209.133 -0.323743 3.129
209.035 -0.324029 3.1272
208.937 -0.324315 3.1254
208.838 -0.324601 3.12361
208.74 -0.324887 3.12181
208.642 -0.325173 3.12001
208.544 -0.325459 3.11822
208.446 -0.325745 3.11642
208.349 -0.326031 3.11462
208.251 -0.326317 3.11283
208.153 -0.326603 3.11103
208.056 -0.326889 3.10923
207.958 -0.327175 3.10744
207.861 -0.327461 3.10564
207.764 -0.327747 3.10384
207.667 -0.328033 3.10205
207.57 -0.328319 3.10025
207.473 -0.328605 3.09845
207.376 -0.328891 3.09665
207.279 -0.329477 3.09413
207.182 -0.330133 3.09145
207.086 -0.330788 3.08876
206.989 -0.331443 3.08607
206.893 -0.332098 3.08338
206.797 -0.332754 3.0807
206.7 -0.333409 3.07801
206.604 -0.334064 3.07532
206.508 -0.33472 3.07264
206.412 -0.335375 3.06995
206.316 -0.33603 3.06726
206.221 -0.336686 3.06457
206.125 -0.337341 3.06189
206.029 -0.337996 3.0592
205.934 -0.338652 3.05651
205.838 -0.339307 3.05383
205.743 -0.339962 3.05114
205.648 -0.340618 3.04845
205.553 -0.341273 3.04576
205.458 -0.341928 3.04308
205.363 -0.342584 3.04039
205.268 -0.343239 3.0377
205.173 -0.343894 3.03502
205.078 -0.34455 3.03233
204.984 -0.345205 3.02964
204.889 -0.34586 3.02695
204.795 -0.346516 3.02427
204.7 -0.347171 3.02158
204.606 -0.347826 3.01889
204.512 -0.348482 3.01621
204.418 -0.349137 3.01352
204.324 -0.349792 3.01083
204.23 -0.350448 3.00814
204.136 -0.351103 3.00546
204.042 -0.351758 3.00277
203.948 -0.352414 3.00008
203.855 -0.353069 2.9974
203.761 -0.353724 2.99471
203.668 -0.35438 2.99202
203.575 -0.355035 2.98933
203.481 -0.35569 2.98665
203.388 -0.356346 2.98396
203.295 -0.357001 2.98127
203.202 -0.356618 2.97947
203.109 -0.356013 2.97786
203.016 -0.355409 2.97625
202.924 -0.354804 2.97464
202.831 -0.3542 2.97303
202.738 -0.353595 2.97142
202.646 -0.352991 2.96981
202.553 -0.352386 2.9682
202.461 -0.351782 2.96659
202.369 -0.351177 2.96498
202.277 -0.350573 2.96337
202.185 -0.349968 2.96176
202.093 -0.349364 2.96014
202.001 -0.348759 2.95853
201.909 -0.348155 2.95692
201.817 -0.34755 2.95531
201.726 -0.346946 2.9537
201.634 -0.346341 2.95209
201.543 -0.345737 2.95048
201.451 -0.345132 2.94887
201.36 -0.344528 2.94726
201.269 -0.343923 2.94565
201.177 -0.343319 2.94404
201.086 -0.342714 2.94243
200.995 -0.34211 2.94082
200.905 -0.341505 2.93921
200.814 -0.340901 2.9376
200.723 -0.340296 2.93599
200.632 -0.339692 2.93437
200.542 -0.339087 2.93276
200.451 -0.338483 2.93115
200.361 -0.337878 2.92954
200.271 -0.337274 2.92793
200.18 -0.336669 2.92632
200.09 -0.336065 2.92471
200 -0.33546 2.9231
