0.2700000	1.3640000	1.3180000
0.2800000	1.4770000	1.2400000
0.2900000	1.5310000	1.1680000
0.3000000	1.6090000	0.9126000
0.3100000	1.3730000	0.5192000
0.3200000	0.8191000	0.3334000
0.3300000	0.2207000	0.6779000
0.3400000	0.1109000	1.0840000
0.3500000	0.0844300	1.3410000
0.3600000	0.0733900	1.5360000
0.3699000	0.0672700	1.6990000
0.3799000	0.0632500	1.8410000
0.3899000	0.0603500	1.9710000
0.3999000	0.0581700	2.0900000
0.4099000	0.0564700	2.2030000
0.4199000	0.0551500	2.3100000
0.4299000	0.0541100	2.4130000
0.4399000	0.0533200	2.5130000
0.4499000	0.0527100	2.6090000
0.4599000	0.0522700	2.7030000
0.4699000	0.0519800	2.7950000
0.4799000	0.0518100	2.8860000
0.4899000	0.0517500	2.9740000
0.4999000	0.0518000	3.0620000
0.5099000	0.0519300	3.1480000
0.5199000	0.0521500	3.2330000
0.5299000	0.0524500	3.3180000
0.5399000	0.0528200	3.4010000
0.5499000	0.0532600	3.4840000
0.5599000	0.0537600	3.5660000
0.5699000	0.0543100	3.6480000
0.5799000	0.0549300	3.7280000
0.5899000	0.0556000	3.8090000
0.5999000	0.0563200	3.8890000
0.6099000	0.0570900	3.9680000
0.6199000	0.0579000	4.0480000
0.6299000	0.0587600	4.1260000
0.6399000	0.0596600	4.2050000
0.6499000	0.0606100	4.2830000
0.6599000	0.0615900	4.3610000
0.6699000	0.0626200	4.4380000
0.6799000	0.0636800	4.5160000
0.6899000	0.0647800	4.5930000
0.6999000	0.0659100	4.6690000
0.7099000	0.0670800	4.7460000
0.7199000	0.0682900	4.8230000
0.7299000	0.0695300	4.8990000
0.7399000	0.0708000	4.9750000
0.7499000	0.0721000	5.0510000
0.7599000	0.0734400	5.1260000
0.7699000	0.0748000	5.2020000
0.7799000	0.0762000	5.2780000
0.7899000	0.0776200	5.3530000
0.7999000	0.0790800	5.4280000
0.8099000	0.0805700	5.5030000
0.8199000	0.0820800	5.5780000
0.8299000	0.0836200	5.6530000
0.8399000	0.0851900	5.7280000
0.8499000	0.0867900	5.8020000
0.8599000	0.0884100	5.8770000
0.8699000	0.0900700	5.9510000
0.8799000	0.0917400	6.0260000
0.8899000	0.0934500	6.1000000
0.8999000	0.0951800	6.1740000
0.9099000	0.0969400	6.2480000
0.9199000	0.0987200	6.3220000
0.9299000	0.1005000	6.3960000
0.9399000	0.1024000	6.4700000
0.9499000	0.1042000	6.5440000
0.9599000	0.1061000	6.6180000
0.9698000	0.1080000	6.6910000
0.9799000	0.1100000	6.7650000
0.9899000	0.1119000	6.8380000
0.9999000	0.1139000	6.9120000
1.0100000	0.1159000	6.9850000
1.0200000	0.1179000	7.0590000
1.0300000	0.1200000	7.1320000
1.0400000	0.1221000	7.2060000
1.0500000	0.1242000	7.2790000
1.0600000	0.1263000	7.3520000
1.0700000	0.1285000	7.4250000
1.0800000	0.1306000	7.4980000
1.0900000	0.1328000	7.5710000
1.1000000	0.1351000	7.6450000
1.1100000	0.1373000	7.7180000
1.1200000	0.1396000	7.7910000
1.1300000	0.1419000	7.8630000
1.1400000	0.1442000	7.9360000
1.1500000	0.1465000	8.0090000
1.1600000	0.1489000	8.0820000
1.1700000	0.1513000	8.1550000
1.1800000	0.1537000	8.2280000
1.1900000	0.1561000	8.3000000
1.2000000	0.1585000	8.3730000
1.2100000	0.1610000	8.4460000
1.2200000	0.1635000	8.5180000
1.2300000	0.1660000	8.5910000
1.2400000	0.1686000	8.6640000
1.2500000	0.1711000	8.7360000
1.2600000	0.1737000	8.8090000
1.2680000	0.1759000	8.8690000
1.2700000	0.1763000	8.8810000
1.2780000	0.1785000	8.9420000
1.2800000	0.1790000	8.9540000
1.2880000	0.1812000	9.0150000
1.2900000	0.1816000	9.0260000
1.2990000	0.1840000	9.0900000
1.3000000	0.1843000	9.0990000
1.3090000	0.1868000	9.1660000
1.3100000	0.1870000	9.1710000
1.3200000	0.1897000	9.2430000
1.3280000	0.1919000	9.3020000
1.3300000	0.1924000	9.3160000
1.3390000	0.1949000	9.3810000
1.3400000	0.1952000	9.3880000
1.3470000	0.1973000	9.4420000
1.3500000	0.1980000	9.4600000
1.3590000	0.2004000	9.5240000
1.3670000	0.2029000	9.5860000
1.3790000	0.2062000	9.6700000
1.3880000	0.2087000	9.7340000
1.4000000	0.2122000	9.8200000
1.4090000	0.2148000	9.8860000
1.4180000	0.2176000	9.9530000
1.4270000	0.2203000	10.0200000
1.4300000	0.2210000	10.0400000
1.4370000	0.2231000	10.0900000
1.4400000	0.2240000	10.1100000
1.4500000	0.2270000	10.1800000
1.4600000	0.2300000	10.2500000
1.4690000	0.2330000	10.3200000
1.4700000	0.2331000	10.3300000
1.4800000	0.2361000	10.4000000
1.4900000	0.2392000	10.4700000
1.4970000	0.2414000	10.5200000
1.5000000	0.2424000	10.5400000
1.5070000	0.2446000	10.6000000
1.5100000	0.2455000	10.6200000
1.5180000	0.2480000	10.6700000
1.5200000	0.2487000	10.6900000
1.5280000	0.2514000	10.7500000
1.5300000	0.2518000	10.7600000
1.5390000	0.2549000	10.8300000
1.5400000	0.2550000	10.8300000
1.5470000	0.2572000	10.8800000
1.5500000	0.2582000	10.9000000
1.5580000	0.2608000	10.9600000
1.5600000	0.2615000	10.9800000
1.5690000	0.2645000	11.0400000
1.5700000	0.2647000	11.0500000
1.5770000	0.2670000	11.1000000
1.5800000	0.2680000	11.1200000
1.5880000	0.2708000	11.1800000
1.5900000	0.2713000	11.1900000
1.5960000	0.2734000	11.2400000
1.6000000	0.2747000	11.2600000
1.6080000	0.2774000	11.3200000
1.6100000	0.2780000	11.3400000
1.6160000	0.2801000	11.3800000
1.6200000	0.2814000	11.4100000
1.6280000	0.2842000	11.4700000
1.6300000	0.2848000	11.4800000
1.6360000	0.2870000	11.5300000
1.6400000	0.2882000	11.5500000
1.6490000	0.2913000	11.6200000
1.6500000	0.2916000	11.6200000
1.6570000	0.2942000	11.6800000
1.6600000	0.2951000	11.6900000
1.6660000	0.2972000	11.7400000
1.6700000	0.2985000	11.7700000
1.6790000	0.3017000	11.8300000
1.6800000	0.3020000	11.8400000
1.6880000	0.3048000	11.8900000
1.6900000	0.3056000	11.9100000
1.6960000	0.3079000	11.9600000
1.7000000	0.3091000	11.9800000
1.7050000	0.3111000	12.0200000
1.7100000	0.3127000	12.0500000
1.7190000	0.3159000	12.1200000
1.7200000	0.3162000	12.1300000
1.7280000	0.3192000	12.1800000
1.7300000	0.3198000	12.2000000
1.7370000	0.3226000	12.2500000
1.7400000	0.3235000	12.2700000
1.7470000	0.3260000	12.3200000
1.7500000	0.3271000	12.3400000
1.7560000	0.3295000	12.3900000
1.7600000	0.3308000	12.4100000
1.7660000	0.3330000	12.4600000
1.7700000	0.3345000	12.4800000
1.7750000	0.3366000	12.5200000
1.7800000	0.3382000	12.5600000
1.7850000	0.3402000	12.5900000
1.7900000	0.3419000	12.6300000
1.7950000	0.3439000	12.6700000
1.8000000	0.3457000	12.7000000
1.8050000	0.3477000	12.7400000
1.8100000	0.3494000	12.7700000
1.8150000	0.3515000	12.8100000
1.8200000	0.3532000	12.8400000
1.8250000	0.3554000	12.8800000
1.8300000	0.3570000	12.9100000
1.8360000	0.3593000	12.9600000
1.8400000	0.3609000	12.9900000
1.8460000	0.3634000	13.0300000
1.8500000	0.3647000	13.0600000
1.8570000	0.3675000	13.1100000
1.8600000	0.3686000	13.1300000
1.8680000	0.3716000	13.1800000
1.8700000	0.3725000	13.2000000
1.8780000	0.3759000	13.2600000
1.8800000	0.3764000	13.2700000
1.8890000	0.3802000	13.3400000
1.8900000	0.3804000	13.3400000
1.8950000	0.3824000	13.3800000
1.9000000	0.3843000	13.4200000
1.9060000	0.3868000	13.4600000
1.9100000	0.3883000	13.4900000
1.9170000	0.3913000	13.5400000
1.9200000	0.3923000	13.5600000
1.9290000	0.3959000	13.6200000
1.9300000	0.3964000	13.6300000
1.9340000	0.3982000	13.6600000
1.9400000	0.4004000	13.7000000
1.9460000	0.4030000	13.7500000
1.9500000	0.4045000	13.7700000
1.9580000	0.4078000	13.8300000
1.9600000	0.4086000	13.8400000
1.9700000	0.4127000	13.9200000
1.9760000	0.4151000	13.9600000
1.9800000	0.4168000	13.9900000
1.9880000	0.4202000	14.0500000
1.9900000	0.4210000	14.0600000
1.9940000	0.4227000	14.0900000
2.0000000	0.4251000	14.1300000
2.0060000	0.4279000	14.1800000
2.0190000	0.4331000	14.2700000
2.0250000	0.4358000	14.3100000
2.0380000	0.4412000	14.4000000
2.0440000	0.4440000	14.4500000
2.0570000	0.4495000	14.5400000
2.0640000	0.4524000	14.5900000
2.0770000	0.4581000	14.6800000
2.0840000	0.4610000	14.7300000
2.0970000	0.4669000	14.8300000
2.1040000	0.4699000	14.8800000
2.1180000	0.4760000	14.9700000
2.1250000	0.4791000	15.0200000
2.1390000	0.4853000	15.1200000
2.1460000	0.4885000	15.1700000
2.1530000	0.4917000	15.2300000
2.1670000	0.4982000	15.3300000
2.1750000	0.5015000	15.3800000
2.1890000	0.5082000	15.4800000
2.1970000	0.5116000	15.5400000
2.2040000	0.5151000	15.5900000
2.2190000	0.5221000	15.7000000
2.2270000	0.5256000	15.7500000
2.2350000	0.5292000	15.8100000
2.2420000	0.5328000	15.8600000
2.2580000	0.5402000	15.9700000
2.2660000	0.5439000	16.0300000
2.2740000	0.5477000	16.0900000
2.2820000	0.5515000	16.1400000
2.2980000	0.5593000	16.2600000
2.3060000	0.5632000	16.3200000
2.3140000	0.5672000	16.3800000
2.3230000	0.5712000	16.4400000
2.3390000	0.5794000	16.5600000
2.3480000	0.5835000	16.6200000
2.3560000	0.5877000	16.6800000
2.3650000	0.5920000	16.7400000
2.3740000	0.5963000	16.8000000
2.3820000	0.6006000	16.8600000
2.3910000	0.6050000	16.9200000
2.4090000	0.6139000	17.0500000
2.4180000	0.6185000	17.1200000
2.4270000	0.6231000	17.1800000
2.4360000	0.6277000	17.2400000
2.4450000	0.6324000	17.3100000
2.4550000	0.6372000	17.3800000
2.4640000	0.6420000	17.4400000
2.4730000	0.6468000	17.5100000
2.4830000	0.6517000	17.5800000
2.4920000	0.6567000	17.6500000
2.5020000	0.6617000	17.7100000
2.5120000	0.6668000	17.7800000
2.5220000	0.6720000	17.8500000
2.5310000	0.6772000	17.9200000
2.5410000	0.6824000	17.9900000
2.5510000	0.6878000	18.0600000
2.5610000	0.6931000	18.1400000
2.5720000	0.6986000	18.2100000
2.5820000	0.7041000	18.2800000
2.5920000	0.7097000	18.3500000
2.6030000	0.7154000	18.4300000
2.6130000	0.7211000	18.5000000
2.6240000	0.7269000	18.5800000
2.6340000	0.7327000	18.6500000
2.6450000	0.7387000	18.7300000
2.6560000	0.7447000	18.8100000
2.6670000	0.7508000	18.8900000
2.6780000	0.7569000	18.9600000
2.6890000	0.7631000	19.0400000
2.7000000	0.7695000	19.1200000
2.7110000	0.7758000	19.2000000
2.7230000	0.7823000	19.2800000
2.7340000	0.7889000	19.3600000
2.7460000	0.7955000	19.4500000
2.7580000	0.8022000	19.5300000
2.7690000	0.8090000	19.6100000
2.7810000	0.8159000	19.7000000
2.7930000	0.8229000	19.7800000
2.8050000	0.8300000	19.8700000
2.8170000	0.8371000	19.9600000
2.8300000	0.8444000	20.0400000
2.8420000	0.8517000	20.1300000
2.8550000	0.8592000	20.2200000
2.8670000	0.8667000	20.3100000
2.8800000	0.8744000	20.4000000
2.8930000	0.8821000	20.4900000
2.9060000	0.8900000	20.5800000
2.9190000	0.8979000	20.6800000
2.9320000	0.9060000	20.7700000
2.9460000	0.9142000	20.8600000
2.9590000	0.9225000	20.9600000
2.9730000	0.9309000	21.0600000
2.9860000	0.9394000	21.1500000
3.0000000	0.9480000	21.2500000
3.0140000	0.9568000	21.3500000
3.0280000	0.9657000	21.4500000
3.0420000	0.9747000	21.5500000
3.0570000	0.9838000	21.6500000
3.0710000	0.9931000	21.7500000
3.0860000	1.0030000	21.8600000
3.1010000	1.0120000	21.9600000
3.1160000	1.0220000	22.0700000
3.1310000	1.0310000	22.1700000
3.1460000	1.0410000	22.2800000
3.1610000	1.0520000	22.3900000
3.1770000	1.0620000	22.5000000
3.1920000	1.0720000	22.6100000
3.2080000	1.0830000	22.7200000
3.2240000	1.0930000	22.8400000
3.2400000	1.1040000	22.9500000
3.2560000	1.1150000	23.0700000
3.2730000	1.1260000	23.1800000
3.2890000	1.1380000	23.3000000
3.3060000	1.1490000	23.4200000
3.3230000	1.1610000	23.5400000
3.3400000	1.1730000	23.6600000
3.3580000	1.1850000	23.7800000
3.3750000	1.1970000	23.9000000
3.3930000	1.2100000	24.0300000
3.4110000	1.2220000	24.1600000
3.4290000	1.2350000	24.2800000
3.4470000	1.2480000	24.4100000
3.4650000	1.2620000	24.5400000
3.4840000	1.2750000	24.6700000
3.5030000	1.2890000	24.8100000
3.5220000	1.3030000	24.9400000
3.5410000	1.3170000	25.0800000
3.5610000	1.3310000	25.2100000
3.5800000	1.3460000	25.3500000
3.6000000	1.3610000	25.4900000
3.6200000	1.3760000	25.6300000
3.6410000	1.3910000	25.7800000
3.6610000	1.4070000	25.9200000
3.6820000	1.4220000	26.0700000
3.7030000	1.4390000	26.2200000
3.7240000	1.4550000	26.3700000
3.7460000	1.4720000	26.5200000
3.7680000	1.4890000	26.6700000
3.7900000	1.5060000	26.8300000
3.8120000	1.5240000	26.9800000
3.8340000	1.5410000	27.1400000
3.8570000	1.5600000	27.3000000
3.8800000	1.5780000	27.4700000
3.9040000	1.5970000	27.6300000
3.9270000	1.6160000	27.8000000
3.9510000	1.6360000	27.9700000
3.9760000	1.6560000	28.1400000
4.0000000	1.6760000	28.3100000
4.0250000	1.6970000	28.4800000
4.0500000	1.7180000	28.6600000
4.0760000	1.7390000	28.8400000
4.1010000	1.7610000	29.0200000
4.1280000	1.7830000	29.2000000
4.1540000	1.8060000	29.3900000
4.1810000	1.8290000	29.5800000
4.2080000	1.8530000	29.7700000
4.2350000	1.8770000	29.9600000
4.2630000	1.9010000	30.1600000
4.2920000	1.9260000	30.3500000
4.3200000	1.9510000	30.5600000
4.3490000	1.9770000	30.7600000
4.3790000	2.0040000	30.9600000
4.4080000	2.0310000	31.1700000
4.4390000	2.0590000	31.3800000
4.4690000	2.0870000	31.6000000
4.5000000	2.1150000	31.8200000
4.5320000	2.1450000	32.0400000
4.5640000	2.1750000	32.2600000
4.5960000	2.2050000	32.4900000
4.6290000	2.2360000	32.7200000
4.6620000	2.2680000	32.9500000
4.6960000	2.3010000	33.1800000
4.7300000	2.3340000	33.4200000
4.7650000	2.3680000	33.6700000
4.8000000	2.4030000	33.9100000
4.8360000	2.4380000	34.1600000
4.8720000	2.4740000	34.4200000
4.9090000	2.5120000	34.6700000
4.9470000	2.5500000	34.9300000
4.9850000	2.5880000	35.2000000
5.0230000	2.6280000	35.4700000
5.0630000	2.6690000	35.7400000
5.1030000	2.7100000	36.0200000
5.1430000	2.7530000	36.3000000
5.1840000	2.7960000	36.5900000
5.2260000	2.8410000	36.8800000
5.2690000	2.8860000	37.1700000
5.3120000	2.9330000	37.4700000
5.3560000	2.9810000	37.7800000
5.4000000	3.0300000	38.0900000
5.4460000	3.0800000	38.4000000
5.4920000	3.1320000	38.7200000
5.5390000	3.1850000	39.0500000
5.5860000	3.2390000	39.3800000
5.6350000	3.2940000	39.7100000
5.6840000	3.3510000	40.0500000
5.7350000	3.4100000	40.4000000
5.7860000	3.4700000	40.7600000
5.8380000	3.5320000	41.1200000
5.8910000	3.5950000	41.4800000
5.9450000	3.6600000	41.8500000
6.0000000	3.7260000	42.2300000
6.0560000	3.7950000	42.6200000
6.1140000	3.8650000	43.0100000
6.1720000	3.9380000	43.4100000
6.2310000	4.0120000	43.8200000
6.2920000	4.0890000	44.2400000
6.3530000	4.1680000	44.6600000
6.4160000	4.2490000	45.0900000
6.4800000	4.3320000	45.5300000
6.5460000	4.4180000	45.9800000
6.6120000	4.5070000	46.4400000
6.6810000	4.5980000	46.9000000
6.7500000	4.6920000	47.3800000
6.8210000	4.7880000	47.8600000
6.8940000	4.8880000	48.3600000
6.9680000	4.9910000	48.8600000
7.0440000	5.0970000	49.3800000
7.1210000	5.2070000	49.9000000
7.2000000	5.3200000	50.4400000
7.2810000	5.4370000	50.9900000
7.3640000	5.5570000	51.5500000
7.4490000	5.6820000	52.1200000
7.5350000	5.8110000	52.7100000
7.6240000	5.9440000	53.3100000
7.7150000	6.0820000	53.9200000
7.8080000	6.2250000	54.5400000
7.9030000	6.3730000	55.1800000
8.0010000	6.5260000	55.8400000
8.1000000	6.6840000	56.5100000
8.2030000	6.8480000	57.2000000
8.3080000	7.0190000	57.9000000
8.4160000	7.1950000	58.6200000
8.5270000	7.3790000	59.3600000
8.6410000	7.5690000	60.1100000
8.7570000	7.7670000	60.8900000
8.8770000	7.9720000	61.6800000
9.0010000	8.1860000	62.5000000
9.1270000	8.4080000	63.3300000
9.2570000	8.6390000	64.1900000
9.3920000	8.8800000	65.0700000
9.5300000	9.1310000	65.9800000
9.6720000	9.3930000	66.9100000
9.8190000	9.6650000	67.8700000
9.9700000	9.9500000	68.8500000
10.1300000	10.2500000	69.8600000
10.2900000	10.5600000	70.9000000
10.4500000	10.8800000	71.9700000
10.6200000	11.2200000	73.0700000
10.8000000	11.5800000	74.2100000
10.9800000	11.9500000	75.3800000
11.1700000	12.3400000	76.5800000
11.3700000	12.7500000	77.8300000
11.5700000	13.1800000	79.1100000
11.7800000	13.6300000	80.4300000
12.0000000	14.1000000	81.8000000
12.2300000	14.6000000	83.2100000
12.4600000	15.1200000	84.6700000
12.7100000	15.6700000	86.1800000
12.9600000	16.2500000	87.7400000
13.2300000	16.8700000	89.3600000
13.5000000	17.5200000	91.0300000
13.7900000	18.2000000	92.7700000
14.0900000	18.9300000	94.5700000
14.4000000	19.7000000	96.4300000
14.7300000	20.5100000	98.3700000
15.0700000	21.3700000	100.4000000
15.4300000	22.2900000	102.5000000
15.8100000	23.2700000	104.6000000
16.2000000	24.3100000	106.9000000
16.6200000	25.4100000	109.3000000
17.0500000	26.5900000	111.7000000
17.5100000	27.8500000	114.3000000
18.0000000	29.2000000	116.9000000
18.5200000	30.6500000	119.7000000
19.0600000	32.2000000	122.6000000
19.6400000	33.8600000	125.6000000
20.2500000	35.6500000	128.8000000
20.9000000	37.5700000	132.1000000
21.6000000	39.6500000	135.6000000
22.3500000	41.8900000	139.3000000
23.1400000	44.3100000	143.1000000
24.0000000	46.9400000	147.1000000
24.9200000	49.7900000	151.4000000
