2.7e-07 1.3640000 1.3180000
2.8e-07 1.4770000 1.2400000
2.9e-07 1.5310000 1.1680000
3e-07 1.6090000 0.9126000
3.1e-07 1.3730000 0.5192000
3.2e-07 0.8191000 0.3334000
3.3e-07 0.2207000 0.6779000
3.4e-07 0.1109000 1.0840000
3.5e-07 0.0844300 1.3410000
3.6e-07 0.0733900 1.5360000
3.699e-07 0.0672700 1.6990000
3.799e-07 0.0632500 1.8410000
3.899e-07 0.0603500 1.9710000
3.999e-07 0.0581700 2.0900000
4.099e-07 0.0564700 2.2030000
4.199e-07 0.0551500 2.3100000
4.299e-07 0.0541100 2.4130000
4.399e-07 0.0533200 2.5130000
4.499e-07 0.0527100 2.6090000
4.599e-07 0.0522700 2.7030000
4.699e-07 0.0519800 2.7950000
4.799e-07 0.0518100 2.8860000
4.899e-07 0.0517500 2.9740000
4.999e-07 0.0518000 3.0620000
5.099e-07 0.0519300 3.1480000
5.199e-07 0.0521500 3.2330000
5.299e-07 0.0524500 3.3180000
5.399e-07 0.0528200 3.4010000
5.499e-07 0.0532600 3.4840000
5.599e-07 0.0537600 3.5660000
5.699e-07 0.0543100 3.6480000
5.799e-07 0.0549300 3.7280000
5.899e-07 0.0556000 3.8090000
5.999e-07 0.0563200 3.8890000
6.099e-07 0.0570900 3.9680000
6.199e-07 0.0579000 4.0480000
6.299e-07 0.0587600 4.1260000
6.399e-07 0.0596600 4.2050000
6.499e-07 0.0606100 4.2830000
6.599e-07 0.0615900 4.3610000
6.699e-07 0.0626200 4.4380000
6.799e-07 0.0636800 4.5160000
6.899e-07 0.0647800 4.5930000
6.999e-07 0.0659100 4.6690000
7.099e-07 0.0670800 4.7460000
7.199e-07 0.0682900 4.8230000
7.299e-07 0.0695300 4.8990000
7.399e-07 0.0708000 4.9750000
7.499e-07 0.0721000 5.0510000
7.599e-07 0.0734400 5.1260000
7.699e-07 0.0748000 5.2020000
7.799e-07 0.0762000 5.2780000
7.899e-07 0.0776200 5.3530000
7.999e-07 0.0790800 5.4280000
8.099e-07 0.0805700 5.5030000
8.199e-07 0.0820800 5.5780000
8.299e-07 0.0836200 5.6530000
8.399e-07 0.0851900 5.7280000
8.499e-07 0.0867900 5.8020000
8.599e-07 0.0884100 5.8770000
8.699e-07 0.0900700 5.9510000
8.799e-07 0.0917400 6.0260000
8.899e-07 0.0934500 6.1000000
8.999e-07 0.0951800 6.1740000
9.099e-07 0.0969400 6.2480000
9.199e-07 0.0987200 6.3220000
9.299e-07 0.1005000 6.3960000
9.399e-07 0.1024000 6.4700000
9.499e-07 0.1042000 6.5440000
9.599e-07 0.1061000 6.6180000
9.698e-07 0.1080000 6.6910000
9.799e-07 0.1100000 6.7650000
9.899e-07 0.1119000 6.8380000
9.999e-07 0.1139000 6.9120000
1.01e-06 0.1159000 6.9850000
1.02e-06 0.1179000 7.0590000
1.03e-06 0.1200000 7.1320000
1.04e-06 0.1221000 7.2060000
1.05e-06 0.1242000 7.2790000
1.06e-06 0.1263000 7.3520000
1.07e-06 0.1285000 7.4250000
1.08e-06 0.1306000 7.4980000
1.09e-06 0.1328000 7.5710000
1.1e-06 0.1351000 7.6450000
1.11e-06 0.1373000 7.7180000
1.12e-06 0.1396000 7.7910000
1.13e-06 0.1419000 7.8630000
1.14e-06 0.1442000 7.9360000
1.15e-06 0.1465000 8.0090000
1.16e-06 0.1489000 8.0820000
1.17e-06 0.1513000 8.1550000
1.18e-06 0.1537000 8.2280000
1.19e-06 0.1561000 8.3000000
1.2e-06 0.1585000 8.3730000
1.21e-06 0.1610000 8.4460000
1.22e-06 0.1635000 8.5180000
1.23e-06 0.1660000 8.5910000
1.24e-06 0.1686000 8.6640000
1.25e-06 0.1711000 8.7360000
1.26e-06 0.1737000 8.8090000
1.268e-06 0.1759000 8.8690000
1.27e-06 0.1763000 8.8810000
1.278e-06 0.1785000 8.9420000
1.28e-06 0.1790000 8.9540000
1.288e-06 0.1812000 9.0150000
1.29e-06 0.1816000 9.0260000
1.299e-06 0.1840000 9.0900000
1.3e-06 0.1843000 9.0990000
1.309e-06 0.1868000 9.1660000
1.31e-06 0.1870000 9.1710000
1.32e-06 0.1897000 9.2430000
1.328e-06 0.1919000 9.3020000
1.33e-06 0.1924000 9.3160000
1.339e-06 0.1949000 9.3810000
1.34e-06 0.1952000 9.3880000
1.347e-06 0.1973000 9.4420000
1.35e-06 0.1980000 9.4600000
1.359e-06 0.2004000 9.5240000
1.367e-06 0.2029000 9.5860000
1.379e-06 0.2062000 9.6700000
1.388e-06 0.2087000 9.7340000
1.4e-06 0.2122000 9.8200000
1.409e-06 0.2148000 9.8860000
1.418e-06 0.2176000 9.9530000
1.427e-06 0.2203000 10.0200000
1.43e-06 0.2210000 10.0400000
1.437e-06 0.2231000 10.0900000
1.44e-06 0.2240000 10.1100000
1.45e-06 0.2270000 10.1800000
1.46e-06 0.2300000 10.2500000
1.469e-06 0.2330000 10.3200000
1.47e-06 0.2331000 10.3300000
1.48e-06 0.2361000 10.4000000
1.49e-06 0.2392000 10.4700000
1.497e-06 0.2414000 10.5200000
1.5e-06 0.2424000 10.5400000
1.507e-06 0.2446000 10.6000000
1.51e-06 0.2455000 10.6200000
1.518e-06 0.2480000 10.6700000
1.52e-06 0.2487000 10.6900000
1.528e-06 0.2514000 10.7500000
1.53e-06 0.2518000 10.7600000
1.539e-06 0.2549000 10.8300000
1.54e-06 0.2550000 10.8300000
1.547e-06 0.2572000 10.8800000
1.55e-06 0.2582000 10.9000000
1.558e-06 0.2608000 10.9600000
1.56e-06 0.2615000 10.9800000
1.569e-06 0.2645000 11.0400000
1.57e-06 0.2647000 11.0500000
1.577e-06 0.2670000 11.1000000
1.58e-06 0.2680000 11.1200000
1.588e-06 0.2708000 11.1800000
1.59e-06 0.2713000 11.1900000
1.596e-06 0.2734000 11.2400000
1.6e-06 0.2747000 11.2600000
1.608e-06 0.2774000 11.3200000
1.61e-06 0.2780000 11.3400000
1.616e-06 0.2801000 11.3800000
1.62e-06 0.2814000 11.4100000
1.628e-06 0.2842000 11.4700000
1.63e-06 0.2848000 11.4800000
1.636e-06 0.2870000 11.5300000
1.64e-06 0.2882000 11.5500000
1.649e-06 0.2913000 11.6200000
1.65e-06 0.2916000 11.6200000
1.657e-06 0.2942000 11.6800000
1.66e-06 0.2951000 11.6900000
1.666e-06 0.2972000 11.7400000
1.67e-06 0.2985000 11.7700000
1.679e-06 0.3017000 11.8300000
1.68e-06 0.3020000 11.8400000
1.688e-06 0.3048000 11.8900000
1.69e-06 0.3056000 11.9100000
1.696e-06 0.3079000 11.9600000
1.7e-06 0.3091000 11.9800000
1.705e-06 0.3111000 12.0200000
1.71e-06 0.3127000 12.0500000
1.719e-06 0.3159000 12.1200000
1.72e-06 0.3162000 12.1300000
1.728e-06 0.3192000 12.1800000
1.73e-06 0.3198000 12.2000000
1.737e-06 0.3226000 12.2500000
1.74e-06 0.3235000 12.2700000
1.747e-06 0.3260000 12.3200000
1.75e-06 0.3271000 12.3400000
1.756e-06 0.3295000 12.3900000
1.76e-06 0.3308000 12.4100000
1.766e-06 0.3330000 12.4600000
1.77e-06 0.3345000 12.4800000
1.775e-06 0.3366000 12.5200000
1.78e-06 0.3382000 12.5600000
1.785e-06 0.3402000 12.5900000
1.79e-06 0.3419000 12.6300000
1.795e-06 0.3439000 12.6700000
1.8e-06 0.3457000 12.7000000
1.805e-06 0.3477000 12.7400000
1.81e-06 0.3494000 12.7700000
1.815e-06 0.3515000 12.8100000
1.82e-06 0.3532000 12.8400000
1.825e-06 0.3554000 12.8800000
1.83e-06 0.3570000 12.9100000
1.836e-06 0.3593000 12.9600000
1.84e-06 0.3609000 12.9900000
1.846e-06 0.3634000 13.0300000
1.85e-06 0.3647000 13.0600000
1.857e-06 0.3675000 13.1100000
1.86e-06 0.3686000 13.1300000
1.868e-06 0.3716000 13.1800000
1.87e-06 0.3725000 13.2000000
1.878e-06 0.3759000 13.2600000
1.88e-06 0.3764000 13.2700000
1.889e-06 0.3802000 13.3400000
1.89e-06 0.3804000 13.3400000
1.895e-06 0.3824000 13.3800000
1.9e-06 0.3843000 13.4200000
1.906e-06 0.3868000 13.4600000
1.91e-06 0.3883000 13.4900000
1.917e-06 0.3913000 13.5400000
1.92e-06 0.3923000 13.5600000
1.929e-06 0.3959000 13.6200000
1.93e-06 0.3964000 13.6300000
1.934e-06 0.3982000 13.6600000
1.94e-06 0.4004000 13.7000000
1.946e-06 0.4030000 13.7500000
1.95e-06 0.4045000 13.7700000
1.958e-06 0.4078000 13.8300000
1.96e-06 0.4086000 13.8400000
1.97e-06 0.4127000 13.9200000
1.976e-06 0.4151000 13.9600000
1.98e-06 0.4168000 13.9900000
1.988e-06 0.4202000 14.0500000
1.99e-06 0.4210000 14.0600000
1.994e-06 0.4227000 14.0900000
2e-06 0.4251000 14.1300000
2.006e-06 0.4279000 14.1800000
2.019e-06 0.4331000 14.2700000
2.025e-06 0.4358000 14.3100000
2.038e-06 0.4412000 14.4000000
2.044e-06 0.4440000 14.4500000
2.057e-06 0.4495000 14.5400000
2.064e-06 0.4524000 14.5900000
2.077e-06 0.4581000 14.6800000
2.084e-06 0.4610000 14.7300000
2.097e-06 0.4669000 14.8300000
2.104e-06 0.4699000 14.8800000
2.118e-06 0.4760000 14.9700000
2.125e-06 0.4791000 15.0200000
2.139e-06 0.4853000 15.1200000
2.146e-06 0.4885000 15.1700000
2.153e-06 0.4917000 15.2300000
2.167e-06 0.4982000 15.3300000
2.175e-06 0.5015000 15.3800000
2.189e-06 0.5082000 15.4800000
2.197e-06 0.5116000 15.5400000
2.204e-06 0.5151000 15.5900000
2.219e-06 0.5221000 15.7000000
2.227e-06 0.5256000 15.7500000
2.235e-06 0.5292000 15.8100000
2.242e-06 0.5328000 15.8600000
2.258e-06 0.5402000 15.9700000
2.266e-06 0.5439000 16.0300000
2.274e-06 0.5477000 16.0900000
2.282e-06 0.5515000 16.1400000
2.298e-06 0.5593000 16.2600000
2.306e-06 0.5632000 16.3200000
2.314e-06 0.5672000 16.3800000
2.323e-06 0.5712000 16.4400000
2.339e-06 0.5794000 16.5600000
2.348e-06 0.5835000 16.6200000
2.356e-06 0.5877000 16.6800000
2.365e-06 0.5920000 16.7400000
2.374e-06 0.5963000 16.8000000
2.382e-06 0.6006000 16.8600000
2.391e-06 0.6050000 16.9200000
2.409e-06 0.6139000 17.0500000
2.418e-06 0.6185000 17.1200000
2.427e-06 0.6231000 17.1800000
2.436e-06 0.6277000 17.2400000
2.445e-06 0.6324000 17.3100000
2.455e-06 0.6372000 17.3800000
2.464e-06 0.6420000 17.4400000
2.473e-06 0.6468000 17.5100000
2.483e-06 0.6517000 17.5800000
2.492e-06 0.6567000 17.6500000
2.502e-06 0.6617000 17.7100000
2.512e-06 0.6668000 17.7800000
2.522e-06 0.6720000 17.8500000
2.531e-06 0.6772000 17.9200000
2.541e-06 0.6824000 17.9900000
2.551e-06 0.6878000 18.0600000
2.561e-06 0.6931000 18.1400000
2.572e-06 0.6986000 18.2100000
2.582e-06 0.7041000 18.2800000
2.592e-06 0.7097000 18.3500000
2.603e-06 0.7154000 18.4300000
2.613e-06 0.7211000 18.5000000
2.624e-06 0.7269000 18.5800000
2.634e-06 0.7327000 18.6500000
2.645e-06 0.7387000 18.7300000
2.656e-06 0.7447000 18.8100000
2.667e-06 0.7508000 18.8900000
2.678e-06 0.7569000 18.9600000
2.689e-06 0.7631000 19.0400000
2.7e-06 0.7695000 19.1200000
2.711e-06 0.7758000 19.2000000
2.723e-06 0.7823000 19.2800000
2.734e-06 0.7889000 19.3600000
2.746e-06 0.7955000 19.4500000
2.758e-06 0.8022000 19.5300000
2.769e-06 0.8090000 19.6100000
2.781e-06 0.8159000 19.7000000
2.793e-06 0.8229000 19.7800000
2.805e-06 0.8300000 19.8700000
2.817e-06 0.8371000 19.9600000
2.83e-06 0.8444000 20.0400000
2.842e-06 0.8517000 20.1300000
2.855e-06 0.8592000 20.2200000
2.867e-06 0.8667000 20.3100000
2.88e-06 0.8744000 20.4000000
2.893e-06 0.8821000 20.4900000
2.906e-06 0.8900000 20.5800000
2.919e-06 0.8979000 20.6800000
2.932e-06 0.9060000 20.7700000
2.946e-06 0.9142000 20.8600000
2.959e-06 0.9225000 20.9600000
2.973e-06 0.9309000 21.0600000
2.986e-06 0.9394000 21.1500000
3e-06 0.9480000 21.2500000
3.014e-06 0.9568000 21.3500000
3.028e-06 0.9657000 21.4500000
3.042e-06 0.9747000 21.5500000
3.057e-06 0.9838000 21.6500000
3.071e-06 0.9931000 21.7500000
3.086e-06 1.0030000 21.8600000
3.101e-06 1.0120000 21.9600000
3.116e-06 1.0220000 22.0700000
3.131e-06 1.0310000 22.1700000
3.146e-06 1.0410000 22.2800000
3.161e-06 1.0520000 22.3900000
3.177e-06 1.0620000 22.5000000
3.192e-06 1.0720000 22.6100000
3.208e-06 1.0830000 22.7200000
3.224e-06 1.0930000 22.8400000
3.24e-06 1.1040000 22.9500000
3.256e-06 1.1150000 23.0700000
3.273e-06 1.1260000 23.1800000
3.289e-06 1.1380000 23.3000000
3.306e-06 1.1490000 23.4200000
3.323e-06 1.1610000 23.5400000
3.34e-06 1.1730000 23.6600000
3.358e-06 1.1850000 23.7800000
3.375e-06 1.1970000 23.9000000
3.393e-06 1.2100000 24.0300000
3.411e-06 1.2220000 24.1600000
3.429e-06 1.2350000 24.2800000
3.447e-06 1.2480000 24.4100000
3.465e-06 1.2620000 24.5400000
3.484e-06 1.2750000 24.6700000
3.503e-06 1.2890000 24.8100000
3.522e-06 1.3030000 24.9400000
3.541e-06 1.3170000 25.0800000
3.561e-06 1.3310000 25.2100000
3.58e-06 1.3460000 25.3500000
3.6e-06 1.3610000 25.4900000
3.62e-06 1.3760000 25.6300000
3.641e-06 1.3910000 25.7800000
3.661e-06 1.4070000 25.9200000
3.682e-06 1.4220000 26.0700000
3.703e-06 1.4390000 26.2200000
3.724e-06 1.4550000 26.3700000
3.746e-06 1.4720000 26.5200000
3.768e-06 1.4890000 26.6700000
3.79e-06 1.5060000 26.8300000
3.812e-06 1.5240000 26.9800000
3.834e-06 1.5410000 27.1400000
3.857e-06 1.5600000 27.3000000
3.88e-06 1.5780000 27.4700000
3.904e-06 1.5970000 27.6300000
3.927e-06 1.6160000 27.8000000
3.951e-06 1.6360000 27.9700000
3.976e-06 1.6560000 28.1400000
4e-06 1.6760000 28.3100000
4.025e-06 1.6970000 28.4800000
4.05e-06 1.7180000 28.6600000
4.076e-06 1.7390000 28.8400000
4.101e-06 1.7610000 29.0200000
4.128e-06 1.7830000 29.2000000
4.154e-06 1.8060000 29.3900000
4.181e-06 1.8290000 29.5800000
4.208e-06 1.8530000 29.7700000
4.235e-06 1.8770000 29.9600000
4.263e-06 1.9010000 30.1600000
4.292e-06 1.9260000 30.3500000
4.32e-06 1.9510000 30.5600000
4.349e-06 1.9770000 30.7600000
4.379e-06 2.0040000 30.9600000
4.408e-06 2.0310000 31.1700000
4.439e-06 2.0590000 31.3800000
4.469e-06 2.0870000 31.6000000
4.5e-06 2.1150000 31.8200000
4.532e-06 2.1450000 32.0400000
4.564e-06 2.1750000 32.2600000
4.596e-06 2.2050000 32.4900000
4.629e-06 2.2360000 32.7200000
4.662e-06 2.2680000 32.9500000
4.696e-06 2.3010000 33.1800000
4.73e-06 2.3340000 33.4200000
4.765e-06 2.3680000 33.6700000
4.8e-06 2.4030000 33.9100000
4.836e-06 2.4380000 34.1600000
4.872e-06 2.4740000 34.4200000
4.909e-06 2.5120000 34.6700000
4.947e-06 2.5500000 34.9300000
4.985e-06 2.5880000 35.2000000
5.023e-06 2.6280000 35.4700000
5.063e-06 2.6690000 35.7400000
5.103e-06 2.7100000 36.0200000
5.143e-06 2.7530000 36.3000000
5.184e-06 2.7960000 36.5900000
5.226e-06 2.8410000 36.8800000
5.269e-06 2.8860000 37.1700000
5.312e-06 2.9330000 37.4700000
5.356e-06 2.9810000 37.7800000
5.4e-06 3.0300000 38.0900000
5.446e-06 3.0800000 38.4000000
5.492e-06 3.1320000 38.7200000
5.539e-06 3.1850000 39.0500000
5.586e-06 3.2390000 39.3800000
5.635e-06 3.2940000 39.7100000
5.684e-06 3.3510000 40.0500000
5.735e-06 3.4100000 40.4000000
5.786e-06 3.4700000 40.7600000
5.838e-06 3.5320000 41.1200000
5.891e-06 3.5950000 41.4800000
5.945e-06 3.6600000 41.8500000
6e-06 3.7260000 42.2300000
6.056e-06 3.7950000 42.6200000
6.114e-06 3.8650000 43.0100000
6.172e-06 3.9380000 43.4100000
6.231e-06 4.0120000 43.8200000
6.292e-06 4.0890000 44.2400000
6.353e-06 4.1680000 44.6600000
6.416e-06 4.2490000 45.0900000
6.48e-06 4.3320000 45.5300000
6.546e-06 4.4180000 45.9800000
6.612e-06 4.5070000 46.4400000
6.681e-06 4.5980000 46.9000000
6.75e-06 4.6920000 47.3800000
6.821e-06 4.7880000 47.8600000
6.894e-06 4.8880000 48.3600000
6.968e-06 4.9910000 48.8600000
7.044e-06 5.0970000 49.3800000
7.121e-06 5.2070000 49.9000000
7.2e-06 5.3200000 50.4400000
7.281e-06 5.4370000 50.9900000
7.364e-06 5.5570000 51.5500000
7.449e-06 5.6820000 52.1200000
7.535e-06 5.8110000 52.7100000
7.624e-06 5.9440000 53.3100000
7.715e-06 6.0820000 53.9200000
7.808e-06 6.2250000 54.5400000
7.903e-06 6.3730000 55.1800000
8.001e-06 6.5260000 55.8400000
8.1e-06 6.6840000 56.5100000
8.203e-06 6.8480000 57.2000000
8.308e-06 7.0190000 57.9000000
8.416e-06 7.1950000 58.6200000
8.527e-06 7.3790000 59.3600000
8.641e-06 7.5690000 60.1100000
8.757e-06 7.7670000 60.8900000
8.877e-06 7.9720000 61.6800000
9.001e-06 8.1860000 62.5000000
9.127e-06 8.4080000 63.3300000
9.257e-06 8.6390000 64.1900000
9.392e-06 8.8800000 65.0700000
9.53e-06 9.1310000 65.9800000
9.672e-06 9.3930000 66.9100000
9.819e-06 9.6650000 67.8700000
9.97e-06 9.9500000 68.8500000
1.013e-05 10.2500000 69.8600000
1.029e-05 10.5600000 70.9000000
1.045e-05 10.8800000 71.9700000
1.062e-05 11.2200000 73.0700000
1.08e-05 11.5800000 74.2100000
1.098e-05 11.9500000 75.3800000
1.117e-05 12.3400000 76.5800000
1.137e-05 12.7500000 77.8300000
1.157e-05 13.1800000 79.1100000
1.178e-05 13.6300000 80.4300000
1.2e-05 14.1000000 81.8000000
1.223e-05 14.6000000 83.2100000
1.246e-05 15.1200000 84.6700000
1.271e-05 15.6700000 86.1800000
1.296e-05 16.2500000 87.7400000
1.323e-05 16.8700000 89.3600000
1.35e-05 17.5200000 91.0300000
1.379e-05 18.2000000 92.7700000
1.409e-05 18.9300000 94.5700000
1.44e-05 19.7000000 96.4300000
1.473e-05 20.5100000 98.3700000
1.507e-05 21.3700000 100.4000000
1.543e-05 22.2900000 102.5000000
1.581e-05 23.2700000 104.6000000
1.62e-05 24.3100000 106.9000000
1.662e-05 25.4100000 109.3000000
1.705e-05 26.5900000 111.7000000
1.751e-05 27.8500000 114.3000000
1.8e-05 29.2000000 116.9000000
1.852e-05 30.6500000 119.7000000
1.906e-05 32.2000000 122.6000000
1.964e-05 33.8600000 125.6000000
2.025e-05 35.6500000 128.8000000
2.09e-05 37.5700000 132.1000000
2.16e-05 39.6500000 135.6000000
2.235e-05 41.8900000 139.3000000
2.314e-05 44.3100000 143.1000000
2.4e-05 46.9400000 147.1000000
2.492e-05 49.7900000 151.4000000
