1.2399000E-10	9.999946E-01	8.241000E-08
1.3051000E-10	9.999940E-01	1.272000E-07
1.3776000E-10	9.999930E-01	1.248800E-07
1.5498000E-10	9.999910E-01	1.917300E-07
1.7712000E-10	9.999890E-01	3.146300E-07
2.0664000E-10	9.999840E-01	5.510200E-07
2.4797000E-10	9.999800E-01	1.072600E-06
3.0996000E-10	9.999700E-01	2.484300E-06
3.5424000E-10	9.999500E-01	4.048400E-06
4.1328000E-10	9.999400E-01	7.140800E-06
4.9594000E-10	9.999100E-01	1.364200E-05
6.1993000E-10	9.998700E-01	3.207900E-05
6.5255000E-10	9.998600E-01	3.849700E-05
6.8881000E-10	9.998500E-01	4.713800E-05
7.2932000E-10	9.998400E-01	5.797400E-05
7.4021000E-10	9.998400E-01	6.163300E-05
7.7734000E-10	9.998600E-01	7.486200E-05
7.8472000E-10	9.998700E-01	7.848000E-05
7.9274000E-10	9.999000E-01	8.541800E-05
7.9376000E-10	9.999200E-01	7.184700E-05
7.9478000E-10	9.999300E-01	4.999800E-05
7.9529000E-10	9.999200E-01	4.113100E-05
7.9580000E-10	9.999200E-01	3.291100E-05
7.9785000E-10	9.999100E-01	2.368700E-05
7.9887000E-10	9.999100E-01	1.102600E-05
7.9990000E-10	9.998900E-01	6.048400E-06
8.0510000E-10	9.998700E-01	6.190100E-06
8.1569000E-10	9.998500E-01	6.481800E-06
8.2657000E-10	9.998300E-01	6.804900E-06
8.5507000E-10	9.998100E-01	7.842200E-06
8.8561000E-10	9.997900E-01	8.940000E-06
9.5373000E-10	9.997400E-01	1.163600E-05
1.0332000E-09	9.996800E-01	1.562800E-05
1.1271000E-09	9.996100E-01	2.158600E-05
1.2399000E-09	9.995300E-01	3.111500E-05
1.3776000E-09	9.994000E-01	4.677100E-05
1.5498000E-09	9.992400E-01	7.299200E-05
1.7712000E-09	9.989800E-01	1.181100E-04
2.0664000E-09	9.986000E-01	2.200100E-04
2.4797000E-09	9.979700E-01	4.350300E-04
3.0996000E-09	9.969400E-01	9.688700E-04
4.1328000E-09	9.948000E-01	2.349200E-03
4.9594000E-09	9.931300E-01	4.186300E-03
6.1993000E-09	9.911100E-01	7.509900E-03
6.5255000E-09	9.905400E-01	8.471600E-03
6.8881000E-09	9.900700E-01	9.651700E-03
7.2932000E-09	9.890900E-01	1.098700E-02
7.7491000E-09	9.891200E-01	1.372800E-02
8.2657000E-09	9.896600E-01	1.477300E-02
8.5507000E-09	9.893400E-01	1.543700E-02
8.8561000E-09	9.888300E-01	1.630400E-02
9.1841000E-09	9.879300E-01	1.776500E-02
9.5373000E-09	9.876100E-01	2.060600E-02
9.9188000E-09	9.894100E-01	2.342100E-02
1.0332000E-08	9.913900E-01	2.406300E-02
1.0781000E-08	9.923300E-01	2.492800E-02
1.1271000E-08	9.941500E-01	2.545200E-02
1.1808000E-08	9.928500E-01	2.441500E-02
1.2399000E-08	9.912300E-01	2.992000E-02
1.2652000E-08	9.926500E-01	3.306100E-02
1.2915000E-08	9.965200E-01	3.588300E-02
1.3190000E-08	1.001200E+00	3.531100E-02
1.3477000E-08	1.004100E+00	3.339200E-02
1.3776000E-08	1.005800E+00	3.091800E-02
1.4089000E-08	1.006000E+00	2.895600E-02
1.4417000E-08	1.006500E+00	2.823200E-02
1.4760000E-08	1.007400E+00	2.682600E-02
1.5120000E-08	1.007700E+00	2.546000E-02
1.5498000E-08	1.007500E+00	2.447600E-02
1.5694000E-08	1.007500E+00	2.450100E-02
1.5896000E-08	1.007800E+00	2.475700E-02
1.6102000E-08	1.009500E+00	2.518000E-02
1.6314000E-08	1.010600E+00	2.385300E-02
1.6422000E-08	1.011000E+00	2.395500E-02
1.6531000E-08	1.011800E+00	2.402000E-02
1.6642000E-08	1.013200E+00	2.434300E-02
1.6755000E-08	1.015100E+00	2.418400E-02
1.6777000E-08	1.015600E+00	2.422800E-02
1.6800000E-08	1.016100E+00	2.428200E-02
1.6823000E-08	1.016700E+00	2.437500E-02
1.6846000E-08	1.017300E+00	2.449900E-02
1.6869000E-08	1.018100E+00	2.483100E-02
1.6892000E-08	1.019400E+00	2.543200E-02
1.6915000E-08	1.021900E+00	2.601800E-02
1.6938000E-08	1.025900E+00	2.422700E-02
1.6961000E-08	1.026200E+00	1.956400E-02
1.6984000E-08	1.024600E+00	1.914500E-02
1.7008000E-08	1.025500E+00	2.001200E-02
1.7031000E-08	1.030500E+00	2.007200E-02
1.7054000E-08	1.034900E+00	1.247600E-02
1.7078000E-08	1.030500E+00	4.116400E-03
1.7101000E-08	1.024900E+00	3.621800E-03
1.7125000E-08	1.022600E+00	3.414100E-03
1.7149000E-08	1.020600E+00	3.440000E-03
1.7172000E-08	1.019200E+00	3.476700E-03
1.7196000E-08	1.017900E+00	3.487700E-03
1.7208000E-08	1.017400E+00	3.510800E-03
1.7220000E-08	1.016900E+00	3.524900E-03
1.7463000E-08	1.010800E+00	3.495700E-03
1.7712000E-08	1.007000E+00	3.542500E-03
1.8233000E-08	1.001900E+00	3.673000E-03
1.8786000E-08	9.979100E-01	3.892600E-03
1.9373000E-08	9.945700E-01	4.109200E-03
1.9998000E-08	9.914300E-01	4.239700E-03
2.0664000E-08	9.882700E-01	4.369600E-03
2.2543000E-08	9.799800E-01	5.000400E-03
2.4797000E-08	9.704800E-01	5.746900E-03
2.7552000E-08	9.583400E-01	6.619100E-03
3.0996000E-08	9.418900E-01	7.846600E-03
3.5424000E-08	9.180200E-01	9.312100E-03
4.1328000E-08	8.801300E-01	1.165100E-02
4.9594000E-08	8.151200E-01	1.589400E-02
6.1993000E-08	6.791200E-01	2.234000E-02
6.5255000E-08	6.324200E-01	2.477000E-02
6.8881000E-08	5.725100E-01	2.768100E-02
7.2932000E-08	4.913100E-01	3.240900E-02
7.7491000E-08	3.719700E-01	4.420200E-02
7.8472000E-08	3.403100E-01	4.832000E-02
7.9478000E-08	3.037300E-01	5.334900E-02
7.9990000E-08	2.827100E-01	5.669700E-02
8.0510000E-08	2.593600E-01	6.140700E-02
8.1036000E-08	2.334400E-01	6.834800E-02
8.1569000E-08	2.056900E-01	7.995900E-02
8.2109000E-08	1.794300E-01	9.422300E-02
8.2657000E-08	1.506500E-01	1.104100E-01
8.3774000E-08	9.451700E-02	1.658900E-01
8.4921000E-08	6.704100E-02	2.342000E-01
8.6101000E-08	5.486300E-02	2.929300E-01
8.8561000E-08	4.416800E-02	3.911500E-01
9.5373000E-08	3.643700E-02	5.908600E-01
1.0332000E-07	3.575300E-02	7.716300E-01
1.1271000E-07	3.846800E-02	9.567700E-01
1.2399000E-07	4.630400E-02	1.155500E+00
1.3776000E-07	5.716700E-02	1.377500E+00
1.5498000E-07	7.250500E-02	1.636600E+00
1.7712000E-07	9.423600E-02	1.951900E+00
2.0664000E-07	1.267700E-01	2.356300E+00
2.4797000E-07	1.813700E-01	2.902900E+00
3.0996000E-07	2.800300E-01	3.708100E+00
3.2628000E-07	3.147400E-01	3.916500E+00
3.6466000E-07	3.987700E-01	4.395700E+00
4.1328000E-07	5.213500E-01	5.000800E+00
4.4280000E-07	6.079000E-01	5.367600E+00
4.7687000E-07	7.278000E-01	5.778100E+00
5.1660000E-07	8.734000E-01	6.241800E+00
5.6357000E-07	1.072800E+00	6.783900E+00
6.1993000E-07	1.366000E+00	7.405200E+00
6.5225000E-07	1.572400E+00	7.735400E+00
6.8881000E-07	1.830100E+00	8.060100E+00
7.2932000E-07	2.160600E+00	8.356500E+00
7.7491000E-07	2.615400E+00	8.491400E+00
7.9478000E-07	2.767500E+00	8.386600E+00
8.1569000E-07	2.766800E+00	8.257300E+00
8.3774000E-07	2.694500E+00	8.187800E+00
8.8561000E-07	2.280200E+00	8.113400E+00
9.1166000E-07	1.973900E+00	8.305800E+00
9.3928000E-07	1.678400E+00	8.597000E+00
9.6863000E-07	1.486700E+00	9.065500E+00
9.9988000E-07	1.435900E+00	9.493900E+00
1.0332000E-06	1.399800E+00	9.891400E+00
1.1271000E-06	1.328100E+00	1.096900E+01
1.2399000E-06	1.315700E+00	1.224500E+01
1.3776000E-06	1.389900E+00	1.378400E+01
1.5498000E-06	1.578200E+00	1.565600E+01
1.7712000E-06	1.920500E+00	1.799100E+01
2.0664000E-06	2.473800E+00	2.098200E+01
2.4797000E-06	3.337200E+00	2.500400E+01
2.7552000E-06	3.938000E+00	2.758000E+01
3.0996000E-06	4.709700E+00	3.073700E+01
3.2628000E-06	5.073500E+00	3.218300E+01
3.4440000E-06	5.490300E+00	3.381400E+01
3.6466000E-06	5.956400E+00	3.560800E+01
3.8745000E-06	6.480800E+00	3.759500E+01
4.1328000E-06	7.079600E+00	3.982600E+01
4.4280000E-06	7.775700E+00	4.236700E+01
4.7687000E-06	8.588100E+00	4.525700E+01
5.1660000E-06	9.558000E+00	4.859300E+01
5.6357000E-06	1.074200E+01	5.251800E+01
6.1993000E-06	1.219500E+01	5.715600E+01
6.8881000E-06	1.408800E+01	6.284100E+01
7.7491000E-06	1.675500E+01	6.985700E+01
8.8561000E-06	2.083700E+01	7.827400E+01
1.0332000E-05	2.621600E+01	8.819700E+01
1.2399000E-05	3.351900E+01	1.012800E+02
1.3776000E-05	3.846100E+01	1.089600E+02
1.5498000E-05	4.377500E+01	1.183900E+02
1.7712000E-05	5.095100E+01	1.294900E+02
1.9075000E-05	5.441300E+01	1.360900E+02
2.0664000E-05	5.858000E+01	1.442300E+02
2.2543000E-05	6.355400E+01	1.534500E+02
2.4797000E-05	6.853500E+01	1.648100E+02
2.7552000E-05	7.574800E+01	1.817800E+02
3.0996000E-05	9.195500E+01	1.999900E+02
3.3333000E-05	1.021000E+02	2.081000E+02
4.0000000E-05	1.251400E+02	2.301900E+02
4.4444000E-05	1.400500E+02	2.434300E+02
5.0000000E-05	1.573000E+02	2.582600E+02
5.7144000E-05	1.779300E+02	2.753400E+02
6.6666000E-05	2.026300E+02	2.954200E+02
8.0001000E-05	2.335600E+02	3.210800E+02
9.9996000E-05	2.743800E+02	3.543500E+02
1.2500000E-04	3.188100E+02	3.917100E+02
1.3776000E-04	3.396200E+02	4.089200E+02
1.5385000E-04	3.640400E+02	4.296200E+02
1.7712000E-04	3.979300E+02	4.585000E+02
2.0000000E-04	4.239600E+02	4.837000E+02
