1.53846E-06	2.02942	0.00002
1.53941E-06	2.02941	0.00002
1.54036E-06	2.0294	0.00002
1.54131E-06	2.02939	0.00002
1.54226E-06	2.02938	0.00002
1.54321E-06	2.02937	0.00002
1.54416E-06	2.02936	0.00002
1.54512E-06	2.02935	0.00002
1.54607E-06	2.02934	0.00002
1.54703E-06	2.02933	0.00002
1.54799E-06	2.02932	0.00002
1.54895E-06	2.02931	0.00002
1.54991E-06	2.0293	0.00002
1.55087E-06	2.02929	0.00002
1.55183E-06	2.02928	0.00002
1.5528E-06	2.02927	0.00002
1.55376E-06	2.02926	0.00002
1.55473E-06	2.02925	0.00002
1.55569E-06	2.02924	0.00002
1.55666E-06	2.02923	0.00002
1.55763E-06	2.02922	0.00002
1.5586E-06	2.02921	0.00002
1.55958E-06	2.0292	0.00002
1.56055E-06	2.02919	0.00003
1.56152E-06	2.02918	0.00003
1.5625E-06	2.02917	0.00003
1.56348E-06	2.02916	0.00003
1.56446E-06	2.02915	0.00003
1.56544E-06	2.02914	0.00003
1.56642E-06	2.02913	0.00003
1.5674E-06	2.02912	0.00003
1.56838E-06	2.02911	0.00003
1.56937E-06	2.0291	0.00003
1.57035E-06	2.02909	0.00003
1.57134E-06	2.02908	0.00003
1.57233E-06	2.02907	0.00003
1.57332E-06	2.02906	0.00003
1.57431E-06	2.02905	0.00003
1.5753E-06	2.02904	0.00003
1.57629E-06	2.02903	0.00003
1.57729E-06	2.02902	0.00003
1.57828E-06	2.02901	0.00003
1.57928E-06	2.029	0.00003
1.58028E-06	2.02899	0.00003
1.58128E-06	2.02898	0.00003
1.58228E-06	2.02897	0.00003
1.58328E-06	2.02896	0.00003
1.58428E-06	2.02895	0.00003
1.58529E-06	2.02894	0.00003
1.58629E-06	2.02893	0.00003
1.5873E-06	2.02892	0.00003
1.58831E-06	2.0289	0.00003
1.58932E-06	2.02889	0.00003
1.59033E-06	2.02888	0.00003
1.59134E-06	2.02887	0.00003
1.59236E-06	2.02886	0.00003
1.59337E-06	2.02885	0.00003
1.59439E-06	2.02884	0.00003
1.59541E-06	2.02883	0.00003
1.59642E-06	2.02882	0.00003
1.59744E-06	2.02881	0.00003
1.59847E-06	2.0288	0.00003
1.59949E-06	2.02879	0.00003
1.60051E-06	2.02878	0.00003
1.60154E-06	2.02876	0.00003
1.60256E-06	2.02875	0.00003
1.60359E-06	2.02874	0.00003
1.60462E-06	2.02873	0.00003
1.60565E-06	2.02872	0.00003
1.60668E-06	2.02871	0.00003
1.60772E-06	2.0287	0.00003
1.60875E-06	2.02869	0.00003
1.60979E-06	2.02868	0.00003
1.61082E-06	2.02867	0.00003
1.61186E-06	2.02865	0.00003
1.6129E-06	2.02864	0.00003
1.61394E-06	2.02863	0.00003
1.61499E-06	2.02862	0.00003
1.61603E-06	2.02861	0.00003
1.61708E-06	2.0286	0.00003
1.61812E-06	2.02859	0.00003
1.61917E-06	2.02858	0.00003
1.62022E-06	2.02857	0.00003
1.62127E-06	2.02855	0.00003
1.62232E-06	2.02854	0.00003
1.62338E-06	2.02853	0.00003
1.62443E-06	2.02852	0.00003
1.62549E-06	2.02851	0.00003
1.62655E-06	2.0285	0.00003
1.6276E-06	2.02849	0.00003
1.62866E-06	2.02847	0.00003
1.62973E-06	2.02846	0.00003
1.63079E-06	2.02845	0.00003
1.63185E-06	2.02844	0.00003
1.63292E-06	2.02843	0.00003
1.63399E-06	2.02842	0.00003
1.63506E-06	2.02841	0.00003
1.63613E-06	2.02839	0.00003
1.6372E-06	2.02838	0.00003
1.63827E-06	2.02837	0.00003
1.63934E-06	2.02836	0.00003
1.64042E-06	2.02835	0.00003
1.6415E-06	2.02833	0.00003
1.64258E-06	2.02832	0.00003
1.64366E-06	2.02831	0.00003
1.64474E-06	2.0283	0.00003
1.64582E-06	2.02829	0.00003
1.6469E-06	2.02828	0.00003
1.64799E-06	2.02826	0.00003
1.64908E-06	2.02825	0.00003
1.65017E-06	2.02824	0.00003
1.65125E-06	2.02823	0.00003
1.65235E-06	2.02822	0.00003
1.65344E-06	2.0282	0.00003
1.65453E-06	2.02819	0.00003
1.65563E-06	2.02818	0.00003
1.65673E-06	2.02817	0.00003
1.65782E-06	2.02816	0.00003
1.65893E-06	2.02814	0.00003
1.66003E-06	2.02813	0.00003
1.66113E-06	2.02812	0.00003
1.66223E-06	2.02811	0.00003
1.66334E-06	2.0281	0.00003
1.66445E-06	2.02808	0.00003
1.66556E-06	2.02807	0.00003
1.66667E-06	2.02806	0.00003
1.66778E-06	2.02805	0.00003
1.66889E-06	2.02803	0.00003
1.67001E-06	2.02802	0.00003
1.67112E-06	2.02801	0.00003
1.67224E-06	2.028	0.00003
1.67336E-06	2.02798	0.00003
1.67448E-06	2.02797	0.00003
1.6756E-06	2.02796	0.00003
1.67673E-06	2.02795	0.00003
1.67785E-06	2.02793	0.00003
1.67898E-06	2.02792	0.00003
1.68011E-06	2.02791	0.00003
1.68124E-06	2.0279	0.00003
1.68237E-06	2.02788	0.00003
1.6835E-06	2.02787	0.00003
1.68464E-06	2.02786	0.00003
1.68577E-06	2.02785	0.00003
1.68691E-06	2.02783	0.00003
1.68805E-06	2.02782	0.00003
1.68919E-06	2.02781	0.00003
1.69033E-06	2.02779	0.00003
1.69147E-06	2.02778	0.00003
1.69262E-06	2.02777	0.00003
1.69377E-06	2.02776	0.00003
1.69492E-06	2.02774	0.00003
1.69607E-06	2.02773	0.00003
1.69722E-06	2.02772	0.00003
1.69837E-06	2.0277	0.00003
1.69952E-06	2.02769	0.00003
1.70068E-06	2.02768	0.00003
1.70184E-06	2.02766	0.00003
0.000001703	2.02765	0.00003
1.70416E-06	2.02764	0.00003
1.70532E-06	2.02762	0.00003
1.70648E-06	2.02761	0.00003
1.70765E-06	2.0276	0.00003
1.70882E-06	2.02759	0.00003
1.70999E-06	2.02757	0.00003
1.71116E-06	2.02756	0.00003
1.71233E-06	2.02755	0.00003
1.7135E-06	2.02753	0.00003
1.71468E-06	2.02752	0.00003
1.71585E-06	2.0275	0.00003
1.71703E-06	2.02749	0.00003
1.71821E-06	2.02748	0.00003
1.71939E-06	2.02746	0.00003
1.72058E-06	2.02745	0.00003
1.72176E-06	2.02744	0.00003
1.72295E-06	2.02742	0.00003
1.72414E-06	2.02741	0.00003
1.72533E-06	2.0274	0.00003
1.72652E-06	2.02738	0.00003
1.72771E-06	2.02737	0.00003
1.72891E-06	2.02736	0.00003
1.7301E-06	2.02734	0.00003
1.7313E-06	2.02733	0.00003
1.7325E-06	2.02731	0.00003
1.7337E-06	2.0273	0.00003
1.73491E-06	2.02729	0.00003
1.73611E-06	2.02727	0.00003
1.73732E-06	2.02726	0.00003
1.73853E-06	2.02724	0.00003
1.73974E-06	2.02723	0.00003
1.74095E-06	2.02722	0.00003
1.74216E-06	2.0272	0.00004
1.74338E-06	2.02719	0.00004
1.74459E-06	2.02717	0.00004
1.74581E-06	2.02716	0.00004
1.74703E-06	2.02715	0.00004
1.74825E-06	2.02713	0.00004
1.74948E-06	2.02712	0.00004
1.7507E-06	2.0271	0.00004
1.75193E-06	2.02709	0.00004
1.75316E-06	2.02707	0.00004
1.75439E-06	2.02706	0.00004
1.75562E-06	2.02705	0.00004
1.75685E-06	2.02703	0.00004
1.75809E-06	2.02702	0.00004
1.75932E-06	2.027	0.00004
1.76056E-06	2.02699	0.00004
1.7618E-06	2.02697	0.00004
1.76305E-06	2.02696	0.00004
1.76429E-06	2.02694	0.00004
1.76554E-06	2.02693	0.00004
1.76678E-06	2.02691	0.00004
1.76803E-06	2.0269	0.00004
1.76929E-06	2.02688	0.00004
1.77054E-06	2.02687	0.00004
1.77179E-06	2.02685	0.00004
1.77305E-06	2.02684	0.00004
1.77431E-06	2.02682	0.00004
1.77557E-06	2.02681	0.00004
1.77683E-06	2.0268	0.00004
1.77809E-06	2.02678	0.00004
1.77936E-06	2.02677	0.00004
1.78063E-06	2.02675	0.00004
1.7819E-06	2.02673	0.00004
1.78317E-06	2.02672	0.00004
1.78444E-06	2.0267	0.00004
1.78571E-06	2.02669	0.00004
1.78699E-06	2.02667	0.00004
1.78827E-06	2.02666	0.00004
1.78955E-06	2.02664	0.00004
1.79083E-06	2.02663	0.00004
1.79211E-06	2.02661	0.00004
1.7934E-06	2.0266	0.00004
1.79469E-06	2.02658	0.00004
1.79598E-06	2.02657	0.00004
1.79727E-06	2.02655	0.00004
1.79856E-06	2.02654	0.00004
1.79986E-06	2.02652	0.00004
1.80115E-06	2.0265	0.00004
1.80245E-06	2.02649	0.00004
1.80375E-06	2.02647	0.00004
1.80505E-06	2.02646	0.00004
1.80636E-06	2.02644	0.00004
1.80766E-06	2.02643	0.00004
1.80897E-06	2.02641	0.00004
1.81028E-06	2.02639	0.00004
1.81159E-06	2.02638	0.00004
1.81291E-06	2.02636	0.00004
1.81422E-06	2.02635	0.00004
1.81554E-06	2.02633	0.00004
1.81686E-06	2.02631	0.00004
1.81818E-06	2.0263	0.00004
1.81951E-06	2.02628	0.00004
1.82083E-06	2.02627	0.00004
1.82216E-06	2.02625	0.00004
1.82349E-06	2.02623	0.00004
1.82482E-06	2.02622	0.00004
1.82615E-06	2.0262	0.00004
1.82749E-06	2.02619	0.00004
1.82882E-06	2.02617	0.00004
1.83016E-06	2.02615	0.00004
1.8315E-06	2.02614	0.00004
1.83284E-06	2.02612	0.00004
1.83419E-06	2.0261	0.00004
1.83554E-06	2.02609	0.00004
1.83688E-06	2.02607	0.00004
1.83824E-06	2.02605	0.00004
1.83959E-06	2.02604	0.00004
1.84094E-06	2.02602	0.00004
1.8423E-06	2.026	0.00004
1.84366E-06	2.02599	0.00004
1.84502E-06	2.02597	0.00004
1.84638E-06	2.02595	0.00004
1.84775E-06	2.02594	0.00004
1.84911E-06	2.02592	0.00004
1.85048E-06	2.0259	0.00004
1.85185E-06	2.02589	0.00004
1.85322E-06	2.02587	0.00004
1.8546E-06	2.02585	0.00004
1.85598E-06	2.02583	0.00004
1.85736E-06	2.02582	0.00004
1.85874E-06	2.0258	0.00004
1.86012E-06	2.02578	0.00004
1.8615E-06	2.02577	0.00004
1.86289E-06	2.02575	0.00004
1.86428E-06	2.02573	0.00004
1.86567E-06	2.02571	0.00004
1.86706E-06	2.0257	0.00004
1.86846E-06	2.02568	0.00004
1.86986E-06	2.02566	0.00004
1.87126E-06	2.02564	0.00004
1.87266E-06	2.02563	0.00004
1.87406E-06	2.02561	0.00004
1.87547E-06	2.02559	0.00004
1.87688E-06	2.02557	0.00004
1.87829E-06	2.02556	0.00004
1.8797E-06	2.02554	0.00004
1.88111E-06	2.02552	0.00004
1.88253E-06	2.0255	0.00004
1.88395E-06	2.02548	0.00004
1.88537E-06	2.02547	0.00004
1.88679E-06	2.02545	0.00004
1.88822E-06	2.02543	0.00004
1.88964E-06	2.02541	0.00004
1.89107E-06	2.02539	0.00005
1.89251E-06	2.02538	0.00005
1.89394E-06	2.02536	0.00005
1.89538E-06	2.02534	0.00005
1.89681E-06	2.02532	0.00005
1.89825E-06	2.0253	0.00005
1.8997E-06	2.02528	0.00005
1.90114E-06	2.02527	0.00005
1.90259E-06	2.02525	0.00005
1.90404E-06	2.02523	0.00005
1.90549E-06	2.02521	0.00005
1.90694E-06	2.02519	0.00005
1.9084E-06	2.02517	0.00005
1.90985E-06	2.02515	0.00005
1.91131E-06	2.02514	0.00005
1.91278E-06	2.02512	0.00005
1.91424E-06	2.0251	0.00005
1.91571E-06	2.02508	0.00005
1.91718E-06	2.02506	0.00005
1.91865E-06	2.02504	0.00005
1.92012E-06	2.02502	0.00005
1.9216E-06	2.025	0.00005
1.92308E-06	2.02498	0.00005
1.92456E-06	2.02497	0.00005
1.92604E-06	2.02495	0.00005
1.92753E-06	2.02493	0.00005
1.92901E-06	2.02491	0.00005
1.9305E-06	2.02489	0.00005
1.93199E-06	2.02487	0.00005
1.93349E-06	2.02485	0.00005
1.93498E-06	2.02483	0.00005
1.93648E-06	2.02481	0.00005
1.93798E-06	2.02479	0.00005
1.93949E-06	2.02477	0.00005
1.94099E-06	2.02475	0.00005
1.9425E-06	2.02473	0.00005
1.94401E-06	2.02471	0.00005
1.94553E-06	2.02469	0.00005
1.94704E-06	2.02467	0.00005
1.94856E-06	2.02465	0.00005
1.95008E-06	2.02463	0.00005
1.9516E-06	2.02461	0.00005
1.95313E-06	2.02459	0.00005
1.95465E-06	2.02457	0.00005
1.95618E-06	2.02455	0.00005
1.95771E-06	2.02453	0.00005
1.95925E-06	2.02451	0.00005
1.96078E-06	2.02449	0.00005
1.96232E-06	2.02447	0.00005
1.96386E-06	2.02445	0.00005
1.96541E-06	2.02443	0.00005
1.96696E-06	2.02441	0.00005
1.9685E-06	2.02439	0.00005
1.97006E-06	2.02437	0.00005
1.97161E-06	2.02435	0.00005
1.97316E-06	2.02433	0.00005
1.97472E-06	2.02431	0.00005
1.97628E-06	2.02429	0.00005
1.97785E-06	2.02427	0.00005
1.97941E-06	2.02425	0.00005
1.98098E-06	2.02422	0.00005
1.98255E-06	2.0242	0.00005
1.98413E-06	2.02418	0.00005
1.9857E-06	2.02416	0.00005
1.98728E-06	2.02414	0.00005
1.98886E-06	2.02412	0.00005
1.99045E-06	2.0241	0.00005
1.99203E-06	2.02408	0.00005
1.99362E-06	2.02406	0.00005
1.99521E-06	2.02403	0.00005
1.99681E-06	2.02401	0.00005
1.9984E-06	2.02399	0.00005
0.000002	2.02397	0.00005
2.0016E-06	2.02395	0.00005
2.00321E-06	2.02393	0.00005
2.00481E-06	2.0239	0.00005
2.00642E-06	2.02388	0.00005
2.00803E-06	2.02386	0.00005
2.00965E-06	2.02384	0.00005
2.01126E-06	2.02382	0.00005
2.01288E-06	2.0238	0.00005
2.0145E-06	2.02377	0.00005
2.01613E-06	2.02375	0.00005
2.01776E-06	2.02373	0.00006
2.01939E-06	2.02371	0.00006
2.02102E-06	2.02368	0.00006
2.02265E-06	2.02366	0.00006
2.02429E-06	2.02364	0.00006
2.02593E-06	2.02362	0.00006
2.02758E-06	2.0236	0.00006
2.02922E-06	2.02357	0.00006
2.03087E-06	2.02355	0.00006
2.03252E-06	2.02353	0.00006
2.03417E-06	2.02351	0.00006
2.03583E-06	2.02348	0.00006
2.03749E-06	2.02346	0.00006
2.03915E-06	2.02344	0.00006
2.04082E-06	2.02341	0.00006
2.04248E-06	2.02339	0.00006
2.04415E-06	2.02337	0.00006
2.04583E-06	2.02334	0.00006
2.0475E-06	2.02332	0.00006
2.04918E-06	2.0233	0.00006
2.05086E-06	2.02328	0.00006
2.05255E-06	2.02325	0.00006
2.05423E-06	2.02323	0.00006
2.05592E-06	2.0232	0.00006
2.05761E-06	2.02318	0.00006
2.05931E-06	2.02316	0.00006
2.06101E-06	2.02313	0.00006
2.06271E-06	2.02311	0.00006
2.06441E-06	2.02309	0.00006
2.06612E-06	2.02306	0.00006
2.06782E-06	2.02304	0.00006
2.06954E-06	2.02302	0.00006
2.07125E-06	2.02299	0.00006
2.07297E-06	2.02297	0.00006
2.07469E-06	2.02294	0.00006
2.07641E-06	2.02292	0.00006
2.07814E-06	2.02289	0.00006
2.07987E-06	2.02287	0.00006
2.0816E-06	2.02285	0.00006
2.08333E-06	2.02282	0.00006
2.08507E-06	2.0228	0.00006
2.08681E-06	2.02277	0.00006
2.08855E-06	2.02275	0.00006
2.0903E-06	2.02272	0.00006
2.09205E-06	2.0227	0.00006
2.0938E-06	2.02267	0.00006
2.09556E-06	2.02265	0.00006
2.09732E-06	2.02262	0.00006
2.09908E-06	2.0226	0.00006
2.10084E-06	2.02257	0.00006
2.10261E-06	2.02255	0.00006
2.10438E-06	2.02252	0.00006
2.10615E-06	2.0225	0.00006
2.10793E-06	2.02247	0.00006
2.1097E-06	2.02245	0.00006
2.11149E-06	2.02242	0.00006
2.11327E-06	2.0224	0.00006
2.11506E-06	2.02237	0.00006
2.11685E-06	2.02235	0.00006
2.11864E-06	2.02232	0.00006
2.12044E-06	2.02229	0.00006
2.12224E-06	2.02227	0.00006
2.12404E-06	2.02224	0.00006
2.12585E-06	2.02222	0.00006
2.12766E-06	2.02219	0.00006
2.12947E-06	2.02216	0.00007
2.13129E-06	2.02214	0.00007
2.13311E-06	2.02211	0.00007
2.13493E-06	2.02209	0.00007
2.13675E-06	2.02206	0.00007
2.13858E-06	2.02203	0.00007
2.14041E-06	2.02201	0.00007
2.14225E-06	2.02198	0.00007
2.14408E-06	2.02195	0.00007
2.14592E-06	2.02193	0.00007
2.14777E-06	2.0219	0.00007
2.14961E-06	2.02187	0.00007
2.15146E-06	2.02184	0.00007
2.15332E-06	2.02182	0.00007
2.15517E-06	2.02179	0.00007
2.15703E-06	2.02176	0.00007
2.15889E-06	2.02174	0.00007
2.16076E-06	2.02171	0.00007
2.16263E-06	2.02168	0.00007
2.1645E-06	2.02165	0.00007
2.16638E-06	2.02163	0.00007
2.16826E-06	2.0216	0.00007
2.17014E-06	2.02157	0.00007
2.17202E-06	2.02154	0.00007
2.17391E-06	2.02152	0.00007
2.17581E-06	2.02149	0.00007
2.1777E-06	2.02146	0.00007
2.1796E-06	2.02143	0.00007
2.1815E-06	2.0214	0.00007
2.18341E-06	2.02138	0.00007
2.18531E-06	2.02135	0.00007
2.18723E-06	2.02132	0.00007
2.18914E-06	2.02129	0.00007
2.19106E-06	2.02126	0.00007
2.19298E-06	2.02123	0.00007
2.19491E-06	2.0212	0.00007
2.19684E-06	2.02118	0.00007
2.19877E-06	2.02115	0.00007
2.2007E-06	2.02112	0.00007
2.20264E-06	2.02109	0.00007
2.20459E-06	2.02106	0.00007
2.20653E-06	2.02103	0.00007
2.20848E-06	2.021	0.00007
2.21043E-06	2.02097	0.00007
2.21239E-06	2.02094	0.00007
2.21435E-06	2.02091	0.00007
2.21631E-06	2.02088	0.00007
2.21828E-06	2.02085	0.00007
2.22025E-06	2.02082	0.00007
2.22222E-06	2.02079	0.00007
2.2242E-06	2.02076	0.00007
2.22618E-06	2.02073	0.00007
2.22816E-06	2.0207	0.00007
2.23015E-06	2.02067	0.00008
2.23214E-06	2.02064	0.00008
2.23414E-06	2.02061	0.00008
2.23614E-06	2.02058	0.00008
2.23814E-06	2.02055	0.00008
2.24014E-06	2.02052	0.00008
2.24215E-06	2.02049	0.00008
2.24417E-06	2.02046	0.00008
2.24618E-06	2.02043	0.00008
2.2482E-06	2.0204	0.00008
2.25023E-06	2.02037	0.00008
2.25225E-06	2.02034	0.00008
2.25428E-06	2.02031	0.00008
2.25632E-06	2.02027	0.00008
2.25836E-06	2.02024	0.00008
2.2604E-06	2.02021	0.00008
2.26244E-06	2.02018	0.00008
2.26449E-06	2.02015	0.00008
2.26655E-06	2.02012	0.00008
2.2686E-06	2.02008	0.00008
2.27066E-06	2.02005	0.00008
2.27273E-06	2.02002	0.00008
2.2748E-06	2.01999	0.00008
2.27687E-06	2.01996	0.00008
2.27894E-06	2.01992	0.00008
2.28102E-06	2.01989	0.00008
2.28311E-06	2.01986	0.00008
2.28519E-06	2.01983	0.00008
2.28728E-06	2.01979	0.00008
2.28938E-06	2.01976	0.00008
2.29148E-06	2.01973	0.00008
2.29358E-06	2.0197	0.00008
2.29568E-06	2.01966	0.00008
2.29779E-06	2.01963	0.00008
2.29991E-06	2.0196	0.00008
2.30203E-06	2.01956	0.00008
2.30415E-06	2.01953	0.00008
2.30627E-06	2.0195	0.00008
2.3084E-06	2.01946	0.00008
2.31054E-06	2.01943	0.00008
2.31267E-06	2.0194	0.00008
2.31481E-06	2.01936	0.00008
2.31696E-06	2.01933	0.00008
2.31911E-06	2.01929	0.00008
2.32126E-06	2.01926	0.00009
2.32342E-06	2.01923	0.00009
2.32558E-06	2.01919	0.00009
2.32775E-06	2.01916	0.00009
2.32992E-06	2.01912	0.00009
2.33209E-06	2.01909	0.00009
2.33427E-06	2.01905	0.00009
2.33645E-06	2.01902	0.00009
2.33863E-06	2.01898	0.00009
2.34082E-06	2.01895	0.00009
2.34302E-06	2.01891	0.00009
2.34522E-06	2.01888	0.00009
2.34742E-06	2.01884	0.00009
2.34962E-06	2.01881	0.00009
2.35183E-06	2.01877	0.00009
2.35405E-06	2.01873	0.00009
2.35627E-06	2.0187	0.00009
2.35849E-06	2.01866	0.00009
2.36072E-06	2.01863	0.00009
2.36295E-06	2.01859	0.00009
2.36518E-06	2.01855	0.00009
2.36742E-06	2.01852	0.00009
2.36967E-06	2.01848	0.00009
2.37192E-06	2.01845	0.00009
2.37417E-06	2.01841	0.00009
2.37643E-06	2.01837	0.00009
2.37869E-06	2.01834	0.00009
2.38095E-06	2.0183	0.00009
2.38322E-06	2.01826	0.00009
2.3855E-06	2.01822	0.00009
2.38777E-06	2.01819	0.00009
2.39006E-06	2.01815	0.00009
2.39234E-06	2.01811	0.00009
2.39464E-06	2.01807	0.00009
2.39693E-06	2.01804	0.00009
2.39923E-06	2.018	0.00009
2.40154E-06	2.01796	0.00009
2.40385E-06	2.01792	0.00009
2.40616E-06	2.01788	0.0001
2.40848E-06	2.01785	0.0001
2.4108E-06	2.01781	0.0001
2.41313E-06	2.01777	0.0001
2.41546E-06	2.01773	0.0001
2.41779E-06	2.01769	0.0001
2.42014E-06	2.01765	0.0001
2.42248E-06	2.01761	0.0001
2.42483E-06	2.01757	0.0001
2.42718E-06	2.01754	0.0001
2.42954E-06	2.0175	0.0001
2.43191E-06	2.01746	0.0001
2.43427E-06	2.01742	0.0001
2.43665E-06	2.01738	0.0001
2.43902E-06	2.01734	0.0001
2.44141E-06	2.0173	0.0001
2.44379E-06	2.01726	0.0001
2.44618E-06	2.01722	0.0001
2.44858E-06	2.01718	0.0001
2.45098E-06	2.01714	0.0001
2.45339E-06	2.0171	0.0001
2.4558E-06	2.01705	0.0001
2.45821E-06	2.01701	0.0001
2.46063E-06	2.01697	0.0001
2.46305E-06	2.01693	0.0001
2.46548E-06	2.01689	0.0001
2.46792E-06	2.01685	0.0001
2.47036E-06	2.01681	0.0001
2.4728E-06	2.01677	0.0001
2.47525E-06	2.01672	0.0001
2.4777E-06	2.01668	0.0001
2.48016E-06	2.01664	0.0001
2.48262E-06	2.0166	0.0001
2.48509E-06	2.01656	0.00011
2.48756E-06	2.01651	0.00011
2.49004E-06	2.01647	0.00011
2.49252E-06	2.01643	0.00011
2.49501E-06	2.01639	0.00011
2.4975E-06	2.01634	0.00011
0.0000025	2.0163	0.00011
2.5025E-06	2.01626	0.00011
2.50501E-06	2.01621	0.00011
2.50752E-06	2.01617	0.00011
2.51004E-06	2.01613	0.00011
2.51256E-06	2.01608	0.00011
2.51509E-06	2.01604	0.00011
2.51762E-06	2.01599	0.00011
2.52016E-06	2.01595	0.00011
2.5227E-06	2.01591	0.00011
2.52525E-06	2.01586	0.00011
2.52781E-06	2.01582	0.00011
2.53036E-06	2.01577	0.00011
2.53293E-06	2.01573	0.00011
2.5355E-06	2.01568	0.00011
2.53807E-06	2.01564	0.00011
2.54065E-06	2.01559	0.00011
2.54323E-06	2.01555	0.00011
2.54582E-06	2.0155	0.00011
2.54842E-06	2.01545	0.00011
2.55102E-06	2.01541	0.00011
2.55363E-06	2.01536	0.00011
2.55624E-06	2.01532	0.00012
2.55885E-06	2.01527	0.00012
2.56148E-06	2.01522	0.00012
2.5641E-06	2.01518	0.00012
2.56674E-06	2.01513	0.00012
2.56937E-06	2.01508	0.00012
2.57202E-06	2.01504	0.00012
2.57467E-06	2.01499	0.00012
2.57732E-06	2.01494	0.00012
2.57998E-06	2.01489	0.00012
2.58264E-06	2.01485	0.00012
2.58532E-06	2.0148	0.00012
2.58799E-06	2.01475	0.00012
2.59067E-06	2.0147	0.00012
2.59336E-06	2.01465	0.00012
2.59605E-06	2.01461	0.00012
2.59875E-06	2.01456	0.00012
2.60146E-06	2.01451	0.00012
2.60417E-06	2.01446	0.00012
2.60688E-06	2.01441	0.00012
2.6096E-06	2.01436	0.00012
2.61233E-06	2.01431	0.00012
2.61506E-06	2.01426	0.00012
2.6178E-06	2.01421	0.00012
2.62055E-06	2.01416	0.00012
2.62329E-06	2.01411	0.00012
2.62605E-06	2.01406	0.00013
2.62881E-06	2.01401	0.00013
2.63158E-06	2.01396	0.00013
2.63435E-06	2.01391	0.00013
2.63713E-06	2.01386	0.00013
2.63992E-06	2.01381	0.00013
2.64271E-06	2.01376	0.00013
2.6455E-06	2.0137	0.00013
2.64831E-06	2.01365	0.00013
2.65111E-06	2.0136	0.00013
2.65393E-06	2.01355	0.00013
2.65675E-06	2.0135	0.00013
2.65957E-06	2.01344	0.00013
2.66241E-06	2.01339	0.00013
2.66525E-06	2.01334	0.00013
2.66809E-06	2.01329	0.00013
2.67094E-06	2.01323	0.00013
2.6738E-06	2.01318	0.00013
2.67666E-06	2.01313	0.00013
2.67953E-06	2.01307	0.00013
2.6824E-06	2.01302	0.00013
2.68528E-06	2.01297	0.00013
2.68817E-06	2.01291	0.00013
2.69107E-06	2.01286	0.00014
2.69397E-06	2.0128	0.00014
2.69687E-06	2.01275	0.00014
2.69978E-06	2.01269	0.00014
2.7027E-06	2.01264	0.00014
2.70563E-06	2.01258	0.00014
2.70856E-06	2.01253	0.00014
2.7115E-06	2.01247	0.00014
2.71444E-06	2.01242	0.00014
2.71739E-06	2.01236	0.00014
2.72035E-06	2.0123	0.00014
2.72331E-06	2.01225	0.00014
2.72628E-06	2.01219	0.00014
2.72926E-06	2.01213	0.00014
2.73224E-06	2.01208	0.00014
2.73523E-06	2.01202	0.00014
2.73823E-06	2.01196	0.00014
2.74123E-06	2.01191	0.00014
2.74424E-06	2.01185	0.00014
2.74725E-06	2.01179	0.00014
2.75028E-06	2.01173	0.00014
2.7533E-06	2.01167	0.00015
2.75634E-06	2.01161	0.00015
2.75938E-06	2.01156	0.00015
2.76243E-06	2.0115	0.00015
2.76549E-06	2.01144	0.00015
2.76855E-06	2.01138	0.00015
2.77162E-06	2.01132	0.00015
2.77469E-06	2.01126	0.00015
2.77778E-06	2.0112	0.00015
2.78087E-06	2.01114	0.00015
2.78396E-06	2.01108	0.00015
2.78707E-06	2.01102	0.00015
2.79018E-06	2.01096	0.00015
2.7933E-06	2.0109	0.00015
2.79642E-06	2.01083	0.00015
2.79955E-06	2.01077	0.00015
2.80269E-06	2.01071	0.00015
2.80584E-06	2.01065	0.00015
2.80899E-06	2.01059	0.00016
2.81215E-06	2.01052	0.00016
2.81532E-06	2.01046	0.00016
2.81849E-06	2.0104	0.00016
2.82167E-06	2.01034	0.00016
2.82486E-06	2.01027	0.00016
2.82805E-06	2.01021	0.00016
2.83126E-06	2.01014	0.00016
2.83447E-06	2.01008	0.00016
2.83768E-06	2.01002	0.00016
2.84091E-06	2.00995	0.00016
2.84414E-06	2.00989	0.00016
2.84738E-06	2.00982	0.00016
2.85063E-06	2.00976	0.00016
2.85388E-06	2.00969	0.00016
2.85714E-06	2.00963	0.00016
2.86041E-06	2.00956	0.00016
2.86369E-06	2.00949	0.00016
2.86697E-06	2.00943	0.00017
2.87026E-06	2.00936	0.00017
2.87356E-06	2.00929	0.00017
2.87687E-06	2.00923	0.00017
2.88018E-06	2.00916	0.00017
2.88351E-06	2.00909	0.00017
2.88684E-06	2.00902	0.00017
2.89017E-06	2.00896	0.00017
2.89352E-06	2.00889	0.00017
2.89687E-06	2.00882	0.00017
2.90023E-06	2.00875	0.00017
2.9036E-06	2.00868	0.00017
2.90698E-06	2.00861	0.00017
2.91036E-06	2.00854	0.00017
2.91375E-06	2.00847	0.00017
2.91715E-06	2.0084	0.00017
2.92056E-06	2.00833	0.00018
2.92398E-06	2.00826	0.00018
2.9274E-06	2.00819	0.00018
2.93083E-06	2.00812	0.00018
2.93427E-06	2.00805	0.00018
2.93772E-06	2.00798	0.00018
2.94118E-06	2.0079	0.00018
2.94464E-06	2.00783	0.00018
2.94811E-06	2.00776	0.00018
2.95159E-06	2.00769	0.00018
2.95508E-06	2.00761	0.00018
2.95858E-06	2.00754	0.00018
2.96209E-06	2.00747	0.00018
2.9656E-06	2.00739	0.00018
2.96912E-06	2.00732	0.00019
2.97265E-06	2.00724	0.00019
2.97619E-06	2.00717	0.00019
2.97974E-06	2.00709	0.00019
2.98329E-06	2.00702	0.00019
2.98686E-06	2.00694	0.00019
2.99043E-06	2.00687	0.00019
2.99401E-06	2.00679	0.00019
2.9976E-06	2.00671	0.00019
3.0012E-06	2.00664	0.00019
3.00481E-06	2.00656	0.00019
3.00842E-06	2.00648	0.00019
3.01205E-06	2.0064	0.00019
3.01568E-06	2.00633	0.00019
3.01932E-06	2.00625	0.0002
3.02297E-06	2.00617	0.0002
3.02663E-06	2.00609	0.0002
3.0303E-06	2.00601	0.0002
3.03398E-06	2.00593	0.0002
3.03767E-06	2.00585	0.0002
3.04136E-06	2.00577	0.0002
3.04507E-06	2.00569	0.0002
3.04878E-06	2.00561	0.0002
3.0525E-06	2.00553	0.0002
3.05623E-06	2.00545	0.0002
3.05998E-06	2.00537	0.0002
3.06373E-06	2.00528	0.0002
3.06748E-06	2.0052	0.00021
3.07125E-06	2.00512	0.00021
3.07503E-06	2.00504	0.00021
3.07882E-06	2.00495	0.00021
3.08261E-06	2.00487	0.00021
3.08642E-06	2.00479	0.00021
3.09023E-06	2.0047	0.00021
3.09406E-06	2.00462	0.00021
3.09789E-06	2.00453	0.00021
3.10174E-06	2.00445	0.00021
3.10559E-06	2.00436	0.00021
3.10945E-06	2.00427	0.00021
3.11333E-06	2.00419	0.00022
3.11721E-06	2.0041	0.00022
3.1211E-06	2.00401	0.00022
0.000003125	2.00393	0.00022
3.12891E-06	2.00384	0.00022
3.13283E-06	2.00375	0.00022
3.13676E-06	2.00366	0.00022
3.1407E-06	2.00357	0.00022
3.14465E-06	2.00348	0.00022
3.14861E-06	2.00339	0.00022
3.15259E-06	2.0033	0.00022
3.15657E-06	2.00321	0.00023
3.16056E-06	2.00312	0.00023
3.16456E-06	2.00303	0.00023
3.16857E-06	2.00294	0.00023
3.17259E-06	2.00285	0.00023
3.17662E-06	2.00276	0.00023
3.18066E-06	2.00266	0.00023
3.18471E-06	2.00257	0.00023
3.18878E-06	2.00248	0.00023
3.19285E-06	2.00238	0.00023
3.19693E-06	2.00229	0.00023
3.20102E-06	2.0022	0.00024
3.20513E-06	2.0021	0.00024
3.20924E-06	2.00201	0.00024
3.21337E-06	2.00191	0.00024
3.2175E-06	2.00181	0.00024
3.22165E-06	2.00172	0.00024
3.22581E-06	2.00162	0.00024
3.22997E-06	2.00152	0.00024
3.23415E-06	2.00142	0.00024
3.23834E-06	2.00133	0.00024
3.24254E-06	2.00123	0.00025
3.24675E-06	2.00113	0.00025
3.25098E-06	2.00103	0.00025
3.25521E-06	2.00093	0.00025
3.25945E-06	2.00083	0.00025
3.26371E-06	2.00073	0.00025
3.26797E-06	2.00063	0.00025
3.27225E-06	2.00053	0.00025
3.27654E-06	2.00043	0.00025
3.28084E-06	2.00032	0.00026
3.28515E-06	2.00022	0.00026
3.28947E-06	2.00012	0.00026
3.29381E-06	2.00001	0.00026
3.29815E-06	1.99991	0.00026
3.30251E-06	1.9998	0.00026
3.30688E-06	1.9997	0.00026
3.31126E-06	1.99959	0.00026
3.31565E-06	1.99949	0.00026
3.32005E-06	1.99938	0.00027
3.32447E-06	1.99927	0.00027
3.32889E-06	1.99917	0.00027
3.33333E-06	1.99906	0.00027
3.33778E-06	1.99895	0.00027
3.34225E-06	1.99884	0.00027
3.34672E-06	1.99873	0.00027
3.35121E-06	1.99862	0.00027
3.3557E-06	1.99851	0.00027
3.36022E-06	1.9984	0.00028
3.36474E-06	1.99829	0.00028
3.36927E-06	1.99818	0.00028
3.37382E-06	1.99807	0.00028
3.37838E-06	1.99796	0.00028
3.38295E-06	1.99784	0.00028
3.38753E-06	1.99773	0.00028
3.39213E-06	1.99762	0.00028
3.39674E-06	1.9975	0.00029
3.40136E-06	1.99739	0.00029
3.40599E-06	1.99727	0.00029
3.41064E-06	1.99715	0.00029
3.4153E-06	1.99704	0.00029
3.41997E-06	1.99692	0.00029
3.42466E-06	1.9968	0.00029
3.42936E-06	1.99668	0.0003
3.43407E-06	1.99657	0.0003
3.43879E-06	1.99645	0.0003
3.44353E-06	1.99633	0.0003
3.44828E-06	1.99621	0.0003
3.45304E-06	1.99609	0.0003
3.45781E-06	1.99596	0.0003
3.4626E-06	1.99584	0.0003
3.46741E-06	1.99572	0.00031
3.47222E-06	1.9956	0.00031
3.47705E-06	1.99547	0.00031
3.48189E-06	1.99535	0.00031
3.48675E-06	1.99522	0.00031
3.49162E-06	1.9951	0.00031
3.4965E-06	1.99497	0.00031
3.5014E-06	1.99485	0.00032
3.50631E-06	1.99472	0.00032
3.51124E-06	1.99459	0.00032
3.51617E-06	1.99446	0.00032
3.52113E-06	1.99433	0.00032
3.52609E-06	1.9942	0.00032
3.53107E-06	1.99407	0.00032
3.53607E-06	1.99394	0.00033
3.54108E-06	1.99381	0.00033
3.5461E-06	1.99368	0.00033
3.55114E-06	1.99355	0.00033
3.55619E-06	1.99341	0.00033
3.56125E-06	1.99328	0.00033
3.56633E-06	1.99315	0.00034
3.57143E-06	1.99301	0.00034
3.57654E-06	1.99288	0.00034
3.58166E-06	1.99274	0.00034
3.5868E-06	1.9926	0.00034
3.59195E-06	1.99246	0.00034
3.59712E-06	1.99233	0.00035
3.60231E-06	1.99219	0.00035
3.6075E-06	1.99205	0.00035
3.61272E-06	1.99191	0.00035
3.61795E-06	1.99177	0.00035
3.62319E-06	1.99162	0.00035
3.62845E-06	1.99148	0.00036
3.63372E-06	1.99134	0.00036
3.63901E-06	1.9912	0.00036
3.64431E-06	1.99105	0.00036
3.64964E-06	1.99091	0.00036
3.65497E-06	1.99076	0.00036
3.66032E-06	1.99061	0.00037
3.66569E-06	1.99047	0.00037
3.67107E-06	1.99032	0.00037
3.67647E-06	1.99017	0.00037
3.68189E-06	1.99002	0.00037
3.68732E-06	1.98987	0.00037
3.69276E-06	1.98972	0.00038
3.69822E-06	1.98957	0.00038
3.7037E-06	1.98942	0.00038
3.7092E-06	1.98926	0.00038
3.71471E-06	1.98911	0.00038
3.72024E-06	1.98896	0.00039
3.72578E-06	1.9888	0.00039
3.73134E-06	1.98864	0.00039
3.73692E-06	1.98849	0.00039
3.74251E-06	1.98833	0.00039
3.74813E-06	1.98817	0.0004
3.75375E-06	1.98801	0.0004
3.7594E-06	1.98785	0.0004
3.76506E-06	1.98769	0.0004
3.77074E-06	1.98753	0.0004
3.77644E-06	1.98737	0.00041
3.78215E-06	1.9872	0.00041
3.78788E-06	1.98704	0.00041
3.79363E-06	1.98687	0.00041
3.79939E-06	1.98671	0.00041
3.80518E-06	1.98654	0.00042
3.81098E-06	1.98637	0.00042
3.81679E-06	1.98621	0.00042
3.82263E-06	1.98604	0.00042
3.82848E-06	1.98587	0.00043
3.83436E-06	1.9857	0.00043
3.84025E-06	1.98552	0.00043
3.84615E-06	1.98535	0.00043
3.85208E-06	1.98518	0.00043
3.85802E-06	1.985	0.00044
3.86399E-06	1.98483	0.00044
3.86997E-06	1.98465	0.00044
3.87597E-06	1.98447	0.00044
3.88199E-06	1.9843	0.00045
3.88802E-06	1.98412	0.00045
3.89408E-06	1.98394	0.00045
3.90016E-06	1.98376	0.00045
3.90625E-06	1.98357	0.00045
3.91236E-06	1.98339	0.00046
3.9185E-06	1.98321	0.00046
3.92465E-06	1.98302	0.00046
3.93082E-06	1.98284	0.00046
3.93701E-06	1.98265	0.00047
3.94322E-06	1.98246	0.00047
3.94945E-06	1.98227	0.00047
3.9557E-06	1.98208	0.00047
3.96197E-06	1.98189	0.00048
3.96825E-06	1.9817	0.00048
3.97456E-06	1.98151	0.00048
3.98089E-06	1.98131	0.00048
3.98724E-06	1.98112	0.00049
3.99361E-06	1.98092	0.00049
0.000004	1.98073	0.00049
4.00641E-06	1.98053	0.0005
4.01284E-06	1.98033	0.0005
4.01929E-06	1.98013	0.0005
4.02576E-06	1.97993	0.0005
4.03226E-06	1.97973	0.00051
4.03877E-06	1.97952	0.00051
4.04531E-06	1.97932	0.00051
4.05186E-06	1.97911	0.00051
4.05844E-06	1.9789	0.00052
4.06504E-06	1.9787	0.00052
4.07166E-06	1.97849	0.00052
4.0783E-06	1.97828	0.00053
4.08497E-06	1.97806	0.00053
4.09165E-06	1.97785	0.00053
4.09836E-06	1.97764	0.00054
4.10509E-06	1.97742	0.00054
4.11184E-06	1.97721	0.00054
4.11862E-06	1.97699	0.00054
4.12541E-06	1.97677	0.00055
4.13223E-06	1.97655	0.00055
4.13907E-06	1.97633	0.00055
4.14594E-06	1.97611	0.00056
4.15282E-06	1.97588	0.00056
4.15973E-06	1.97566	0.00056
4.16667E-06	1.97543	0.00057
4.17362E-06	1.9752	0.00057
4.1806E-06	1.97497	0.00057
4.1876E-06	1.97474	0.00058
4.19463E-06	1.97451	0.00058
4.20168E-06	1.97428	0.00058
4.20875E-06	1.97405	0.00059
4.21585E-06	1.97381	0.00059
4.22297E-06	1.97357	0.00059
4.23012E-06	1.97333	0.0006
4.23729E-06	1.9731	0.0006
4.24448E-06	1.97285	0.0006
4.2517E-06	1.97261	0.00061
4.25894E-06	1.97237	0.00061
4.26621E-06	1.97212	0.00061
4.2735E-06	1.97188	0.00062
4.28082E-06	1.97163	0.00062
4.28816E-06	1.97138	0.00063
4.29553E-06	1.97113	0.00063
4.30293E-06	1.97087	0.00063
4.31034E-06	1.97062	0.00064
4.31779E-06	1.97036	0.00064
4.32526E-06	1.97011	0.00064
4.33276E-06	1.96985	0.00065
4.34028E-06	1.96959	0.00065
4.34783E-06	1.96932	0.00066
4.3554E-06	1.96906	0.00066
0.000004363	1.9688	0.00066
4.37063E-06	1.96853	0.00067
4.37828E-06	1.96826	0.00067
4.38596E-06	1.96799	0.00068
4.39367E-06	1.96772	0.00068
4.40141E-06	1.96745	0.00069
4.40917E-06	1.96717	0.00069
4.41696E-06	1.96689	0.00069
4.42478E-06	1.96662	0.0007
4.43262E-06	1.96634	0.0007
4.4405E-06	1.96605	0.00071
4.4484E-06	1.96577	0.00071
4.45633E-06	1.96548	0.00072
4.46429E-06	1.9652	0.00072
4.47227E-06	1.96491	0.00072
4.48029E-06	1.96462	0.00073
4.48833E-06	1.96433	0.00073
4.4964E-06	1.96403	0.00074
4.5045E-06	1.96373	0.00074
4.51264E-06	1.96344	0.00075
4.5208E-06	1.96314	0.00075
4.52899E-06	1.96283	0.00076
4.53721E-06	1.96253	0.00076
4.54545E-06	1.96222	0.00077
4.55373E-06	1.96192	0.00077
4.56204E-06	1.96161	0.00078
4.57038E-06	1.9613	0.00078
4.57875E-06	1.96098	0.00079
4.58716E-06	1.96067	0.00079
4.59559E-06	1.96035	0.0008
4.60405E-06	1.96003	0.0008
4.61255E-06	1.95971	0.00081
4.62107E-06	1.95938	0.00081
4.62963E-06	1.95906	0.00082
4.63822E-06	1.95873	0.00082
4.64684E-06	1.9584	0.00083
4.65549E-06	1.95806	0.00084
4.66418E-06	1.95773	0.00084
4.6729E-06	1.95739	0.00085
4.68165E-06	1.95705	0.00085
4.69043E-06	1.95671	0.00086
4.69925E-06	1.95637	0.00086
4.7081E-06	1.95602	0.00087
4.71698E-06	1.95567	0.00088
4.7259E-06	1.95532	0.00088
4.73485E-06	1.95497	0.00089
4.74383E-06	1.95461	0.00089
4.75285E-06	1.95425	0.0009
4.7619E-06	1.95389	0.00091
4.77099E-06	1.95353	0.00091
4.78011E-06	1.95316	0.00092
4.78927E-06	1.9528	0.00092
4.79846E-06	1.95243	0.00093
4.80769E-06	1.95205	0.00094
4.81696E-06	1.95168	0.00094
4.82625E-06	1.9513	0.00095
4.83559E-06	1.95092	0.00096
4.84496E-06	1.95053	0.00096
4.85437E-06	1.95015	0.00097
4.86381E-06	1.94976	0.00098
4.87329E-06	1.94937	0.00099
4.88281E-06	1.94897	0.00099
4.89237E-06	1.94858	0.001
4.90196E-06	1.94818	0.00101
4.91159E-06	1.94777	0.00101
4.92126E-06	1.94737	0.00102
4.93097E-06	1.94696	0.00103
4.94071E-06	1.94655	0.00104
4.9505E-06	1.94613	0.00104
4.96032E-06	1.94571	0.00105
4.97018E-06	1.94529	0.00106
4.98008E-06	1.94487	0.00107
4.99002E-06	1.94444	0.00107
0.000005	1.94401	0.00108
5.01002E-06	1.94358	0.00109
5.02008E-06	1.94314	0.0011
5.03018E-06	1.94271	0.00111
5.04032E-06	1.94226	0.00111
5.05051E-06	1.94182	0.00112
5.06073E-06	1.94137	0.00113
5.07099E-06	1.94091	0.00114
5.0813E-06	1.94046	0.00115
5.09165E-06	1.94	0.00116
5.10204E-06	1.93954	0.00117
5.11247E-06	1.93907	0.00118
5.12295E-06	1.9386	0.00118
5.13347E-06	1.93813	0.00119
5.14403E-06	1.93765	0.0012
5.15464E-06	1.93717	0.00121
5.16529E-06	1.93669	0.00122
5.17598E-06	1.9362	0.00123
5.18672E-06	1.93571	0.00124
5.19751E-06	1.93521	0.00125
5.20833E-06	1.93471	0.00126
5.21921E-06	1.93421	0.00127
5.23013E-06	1.9337	0.00128
5.24109E-06	1.93319	0.00129
5.2521E-06	1.93267	0.0013
5.26316E-06	1.93215	0.00131
5.27426E-06	1.93163	0.00132
5.28541E-06	1.9311	0.00133
5.29661E-06	1.93057	0.00134
5.30786E-06	1.93004	0.00135
5.31915E-06	1.9295	0.00136
5.33049E-06	1.92895	0.00138
5.34188E-06	1.9284	0.00139
5.35332E-06	1.92785	0.0014
5.36481E-06	1.92729	0.00141
5.37634E-06	1.92673	0.00142
5.38793E-06	1.92616	0.00143
5.39957E-06	1.92559	0.00145
5.41126E-06	1.92501	0.00146
5.42299E-06	1.92443	0.00147
5.43478E-06	1.92385	0.00148
5.44662E-06	1.92326	0.00149
5.45852E-06	1.92266	0.00151
5.47046E-06	1.92206	0.00152
5.48246E-06	1.92146	0.00153
5.49451E-06	1.92085	0.00155
5.50661E-06	1.92023	0.00156
5.51876E-06	1.91961	0.00157
5.53097E-06	1.91898	0.00159
5.54324E-06	1.91835	0.0016
5.55556E-06	1.91771	0.00161
5.56793E-06	1.91707	0.00163
5.58036E-06	1.91642	0.00164
5.59284E-06	1.91577	0.00166
5.60538E-06	1.91511	0.00167
5.61798E-06	1.91445	0.00169
5.63063E-06	1.91378	0.0017
5.64334E-06	1.9131	0.00172
5.65611E-06	1.91242	0.00173
5.66893E-06	1.91173	0.00175
5.68182E-06	1.91103	0.00176
5.69476E-06	1.91033	0.00178
5.70776E-06	1.90962	0.0018
5.72082E-06	1.90891	0.00181
5.73394E-06	1.90819	0.00183
5.74713E-06	1.90747	0.00185
5.76037E-06	1.90673	0.00186
5.77367E-06	1.90599	0.00188
5.78704E-06	1.90525	0.0019
5.80046E-06	1.90449	0.00192
5.81395E-06	1.90373	0.00193
5.82751E-06	1.90297	0.00195
5.84112E-06	1.90219	0.00197
5.8548E-06	1.90141	0.00199
5.86854E-06	1.90062	0.00201
5.88235E-06	1.89983	0.00203
5.89623E-06	1.89902	0.00205
5.91017E-06	1.89821	0.00207
5.92417E-06	1.89739	0.00209
5.93824E-06	1.89656	0.00211
5.95238E-06	1.89573	0.00213
5.96659E-06	1.89489	0.00215
5.98086E-06	1.89404	0.00217
5.9952E-06	1.89318	0.00219
6.00962E-06	1.89231	0.00221
6.0241E-06	1.89143	0.00224
6.03865E-06	1.89055	0.00226
6.05327E-06	1.88966	0.00228
6.06796E-06	1.88876	0.0023
6.08273E-06	1.88784	0.00233
6.09756E-06	1.88692	0.00235
6.11247E-06	1.886	0.00238
6.12745E-06	1.88506	0.0024
6.14251E-06	1.88411	0.00243
6.15764E-06	1.88315	0.00245
6.17284E-06	1.88218	0.00248
6.18812E-06	1.88121	0.0025
6.20347E-06	1.88022	0.00253
6.21891E-06	1.87922	0.00256
6.23441E-06	1.87821	0.00258
0.00000625	1.8772	0.00261
6.26566E-06	1.87617	0.00264
6.28141E-06	1.87513	0.00267
6.29723E-06	1.87408	0.0027
6.31313E-06	1.87302	0.00273
6.32911E-06	1.87194	0.00276
6.34518E-06	1.87086	0.00279
6.36132E-06	1.86976	0.00282
6.37755E-06	1.86865	0.00285
6.39386E-06	1.86753	0.00288
6.41026E-06	1.8664	0.00292
6.42674E-06	1.86526	0.00295
6.4433E-06	1.8641	0.00298
6.45995E-06	1.86293	0.00302
6.47668E-06	1.86175	0.00305
6.49351E-06	1.86055	0.00309
6.51042E-06	1.85934	0.00312
6.52742E-06	1.85812	0.00316
6.5445E-06	1.85688	0.0032
6.56168E-06	1.85563	0.00324
6.57895E-06	1.85436	0.00327
6.59631E-06	1.85308	0.00331
6.61376E-06	1.85179	0.00335
6.6313E-06	1.85048	0.00339
6.64894E-06	1.84915	0.00344
6.66667E-06	1.84781	0.00348
6.68449E-06	1.84645	0.00352
6.70241E-06	1.84508	0.00356
6.72043E-06	1.84369	0.00361
6.73854E-06	1.84228	0.00365
6.75676E-06	1.84086	0.0037
6.77507E-06	1.83942	0.00375
6.79348E-06	1.83796	0.0038
6.81199E-06	1.83649	0.00384
6.8306E-06	1.83499	0.00389
6.84932E-06	1.83348	0.00395
6.86813E-06	1.83195	0.004
6.88705E-06	1.8304	0.00405
6.90608E-06	1.82883	0.0041
6.92521E-06	1.82724	0.00416
6.94444E-06	1.82563	0.00422
6.96379E-06	1.824	0.00427
6.98324E-06	1.82234	0.00433
7.0028E-06	1.82067	0.00439
7.02247E-06	1.81897	0.00445
7.04225E-06	1.81726	0.00451
7.06215E-06	1.81552	0.00458
7.08215E-06	1.81375	0.00464
7.10227E-06	1.81196	0.00471
7.12251E-06	1.81015	0.00477
7.14286E-06	1.80832	0.00484
7.16332E-06	1.80645	0.00491
7.18391E-06	1.80457	0.00499
7.20461E-06	1.80266	0.00506
7.22543E-06	1.80072	0.00514
7.24638E-06	1.79875	0.00521
7.26744E-06	1.79675	0.00529
7.28863E-06	1.79473	0.00537
7.30994E-06	1.79268	0.00545
7.33138E-06	1.7906	0.00554
7.35294E-06	1.78849	0.00563
7.37463E-06	1.78634	0.00571
7.39645E-06	1.78417	0.0058
7.4184E-06	1.78197	0.0059
7.44048E-06	1.77973	0.00599
7.46269E-06	1.77745	0.00609
7.48503E-06	1.77515	0.00619
7.50751E-06	1.7728	0.00629
7.53012E-06	1.77043	0.0064
7.55287E-06	1.76801	0.0065
7.57576E-06	1.76556	0.00661
7.59878E-06	1.76307	0.00673
7.62195E-06	1.76054	0.00684
7.64526E-06	1.75797	0.00696
7.66871E-06	1.75536	0.00709
7.69231E-06	1.7527	0.00721
7.71605E-06	1.75	0.00734
7.73994E-06	1.74726	0.00748
7.76398E-06	1.74447	0.00761
7.78816E-06	1.74164	0.00775
7.8125E-06	1.73876	0.0079
7.83699E-06	1.73583	0.00805
7.86164E-06	1.73284	0.0082
7.88644E-06	1.72981	0.00836
7.91139E-06	1.72673	0.00852
7.93651E-06	1.72358	0.00869
7.96178E-06	1.72039	0.00886
7.98722E-06	1.71713	0.00904
8.01282E-06	1.71382	0.00922
8.03859E-06	1.71045	0.00941
8.06452E-06	1.70701	0.00961
8.09061E-06	1.70351	0.00981
8.11688E-06	1.69995	0.01002
8.14332E-06	1.69631	0.01024
8.16993E-06	1.69261	0.01046
8.19672E-06	1.68884	0.01069
8.22368E-06	1.68499	0.01093
8.25083E-06	1.68106	0.01118
8.27815E-06	1.67706	0.01144
8.30565E-06	1.67298	0.01171
8.33333E-06	1.66881	0.01198
8.3612E-06	1.66455	0.01227
8.38926E-06	1.66021	0.01257
8.41751E-06	1.65578	0.01288
8.44595E-06	1.65125	0.0132
8.47458E-06	1.64662	0.01354
8.5034E-06	1.6419	0.01389
8.53242E-06	1.63706	0.01425
8.56164E-06	1.63212	0.01463
8.59107E-06	1.62707	0.01503
8.62069E-06	1.62191	0.01544
8.65052E-06	1.61662	0.01587
8.68056E-06	1.61121	0.01632
8.7108E-06	1.60567	0.01679
8.74126E-06	1.59999	0.01728
8.77193E-06	1.59418	0.0178
8.80282E-06	1.58823	0.01834
8.83392E-06	1.58212	0.01891
8.86525E-06	1.57586	0.01951
8.8968E-06	1.56944	0.02013
8.92857E-06	1.56285	0.02079
8.96057E-06	1.55608	0.02149
8.99281E-06	1.54913	0.02222
9.02527E-06	1.54199	0.023
9.05797E-06	1.53466	0.02382
9.09091E-06	1.52712	0.02468
9.12409E-06	1.51936	0.0256
9.15751E-06	1.51137	0.02657
9.19118E-06	1.50315	0.02761
9.22509E-06	1.49468	0.02871
9.25926E-06	1.48596	0.02987
9.29368E-06	1.47696	0.03112
9.32836E-06	1.46768	0.03245
9.3633E-06	1.45811	0.03387
9.3985E-06	1.44822	0.0354
9.43396E-06	1.438	0.03703
9.4697E-06	1.42744	0.03878
9.5057E-06	1.41651	0.04067
9.54198E-06	1.4052	0.0427
9.57854E-06	1.39349	0.0449
9.61538E-06	1.38136	0.04727
9.65251E-06	1.36879	0.04984
9.68992E-06	1.35574	0.05263
9.72763E-06	1.3422	0.05567
9.76563E-06	1.32814	0.05898
9.80392E-06	1.31353	0.06259
9.84252E-06	1.29834	0.06655
9.88142E-06	1.28254	0.07088
9.92063E-06	1.2661	0.07564
9.96016E-06	1.24899	0.08089
0.00001	1.23117	0.08668
1.00402E-05	1.21261	0.09308
1.00807E-05	1.19329	0.10017
1.01215E-05	1.17317	0.10805
1.01626E-05	1.15223	0.11681
1.02041E-05	1.13045	0.12658
1.02459E-05	1.10782	0.13749
1.02881E-05	1.08435	0.1497
1.03306E-05	1.06005	0.16336
1.03734E-05	1.03499	0.17868
1.04167E-05	1.00922	0.19585
1.04603E-05	0.98287	0.21511
1.05042E-05	0.95611	0.23667
1.05485E-05	0.92917	0.26076
1.05932E-05	0.90236	0.28758
1.06383E-05	0.87604	0.31728
1.06838E-05	0.85067	0.34993
1.07296E-05	0.82671	0.38551
1.07759E-05	0.80467	0.42383
1.08225E-05	0.78498	0.46461
1.08696E-05	0.76798	0.50742
1.0917E-05	0.75389	0.5518
1.09649E-05	0.74276	0.59725
1.10132E-05	0.73454	0.64333
1.1062E-05	0.72908	0.68967
1.11111E-05	0.72617	0.736
1.11607E-05	0.7256	0.78213
1.12108E-05	0.72717	0.82792
1.12613E-05	0.73068	0.87332
1.13122E-05	0.73599	0.91828
1.13636E-05	0.74298	0.96278
1.14155E-05	0.75154	1.00683
1.14679E-05	0.76158	1.0504
1.15207E-05	0.77303	1.09351
1.15741E-05	0.78583	1.13614
1.16279E-05	0.7999	1.17832
1.16822E-05	0.81518	1.22006
1.17371E-05	0.83162	1.26139
1.17925E-05	0.8492	1.30238
1.18483E-05	0.8679	1.34309
1.19048E-05	0.88774	1.38357
1.19617E-05	0.90879	1.42389
1.20192E-05	0.93114	1.46408
1.20773E-05	0.9549	1.50416
1.21359E-05	0.98023	1.54407
1.21951E-05	1.00724	1.58372
1.22549E-05	1.03606	1.62298
1.23153E-05	1.06677	1.66165
1.23762E-05	1.09939	1.69952
1.24378E-05	1.13389	1.73637
0.0000125	1.17019	1.772
1.25628E-05	1.20815	1.80623
1.26263E-05	1.24761	1.83891
1.26904E-05	1.28836	1.86995
1.27551E-05	1.33021	1.89931
1.28205E-05	1.37296	1.92701
1.28866E-05	1.41643	1.9531
1.29534E-05	1.46046	1.97768
1.30208E-05	1.50496	2.00091
1.3089E-05	1.54987	2.02297
1.31579E-05	1.59524	2.04403
1.32275E-05	1.64118	2.06426
1.32979E-05	1.68788	2.08377
1.3369E-05	1.73559	2.10258
1.34409E-05	1.7846	2.12061
1.35135E-05	1.83517	2.13766
1.3587E-05	1.8875	2.15339
1.36612E-05	1.9417	2.16738
1.37363E-05	1.99769	2.17916
1.38122E-05	2.05527	2.18826
1.38889E-05	2.11403	2.1943
1.39665E-05	2.17347	2.19702
1.40449E-05	2.23302	2.19635
1.41243E-05	2.29211	2.19244
1.42046E-05	2.35028	2.18559
1.42857E-05	2.40723	2.17626
