1000.25 -42.098 2.9746
998.004 -41.8473 2.94978
995.767 -41.5966 2.92496
993.54 -41.346 2.90014
991.322 -41.0953 2.87532
989.115 -40.8447 2.8505
986.918 -40.594 2.82568
984.73 -40.3434 2.80086
982.552 -40.1462 2.7805
980.383 -39.9694 2.76185
978.224 -39.7926 2.7432
976.075 -39.6158 2.72455
973.935 -39.439 2.7059
971.804 -39.2622 2.68725
969.683 -39.0854 2.6686
967.571 -38.9086 2.64995
965.468 -38.7318 2.6313
963.374 -38.555 2.61265
961.289 -38.3783 2.594
959.214 -38.2015 2.57535
957.147 -38.0247 2.5567
955.089 -37.8479 2.53805
953.04 -37.6711 2.5194
951 -37.4943 2.50075
948.968 -37.3175 2.4821
946.945 -37.1407 2.46345
944.931 -36.9639 2.4448
942.925 -36.7871 2.42615
940.928 -36.6104 2.4075
938.939 -36.4336 2.38885
936.959 -36.2568 2.37019
934.987 -36.08 2.35154
933.023 -35.9032 2.33289
931.067 -35.7264 2.31424
929.12 -35.5496 2.29559
927.181 -35.3728 2.27694
925.249 -35.196 2.25829
923.326 -35.0192 2.23964
921.411 -34.8424 2.22099
919.504 -34.6657 2.20234
917.605 -34.4889 2.18369
915.713 -34.3121 2.16504
913.829 -34.1353 2.14639
911.953 -33.9585 2.12774
910.085 -33.7817 2.10909
908.224 -33.6049 2.09044
906.371 -33.4281 2.07179
904.526 -33.2513 2.05314
902.687 -33.0745 2.03449
900.857 -32.8978 2.01584
899.034 -32.721 1.99719
897.218 -32.5442 1.97854
895.409 -32.3674 1.95989
893.608 -32.1906 1.94124
891.814 -32.0186 1.92436
890.027 -31.8737 1.91741
888.248 -31.7288 1.91046
886.475 -31.5839 1.90351
884.71 -31.439 1.89656
882.951 -31.2941 1.8896
881.2 -31.1492 1.88265
879.455 -31.0043 1.8757
877.717 -30.8594 1.86875
875.987 -30.7145 1.8618
874.263 -30.5696 1.85484
872.545 -30.4247 1.84789
870.835 -30.2798 1.84094
869.131 -30.1349 1.83399
867.434 -29.99 1.82704
865.743 -29.8451 1.82008
864.059 -29.7002 1.81313
862.382 -29.5553 1.80618
860.711 -29.4103 1.79923
859.047 -29.2654 1.79228
857.389 -29.1205 1.78532
855.737 -28.9756 1.77837
854.092 -28.8307 1.77142
852.453 -28.6858 1.76447
850.82 -28.5409 1.75752
849.193 -28.396 1.75056
847.573 -28.2511 1.74361
845.959 -28.1062 1.73666
844.351 -27.9613 1.72971
842.749 -27.8164 1.72276
841.154 -27.6715 1.7158
839.564 -27.5266 1.70885
837.98 -27.3817 1.7019
836.402 -27.2368 1.69495
834.83 -27.0919 1.688
833.264 -26.947 1.68104
831.704 -26.802 1.67409
830.15 -26.6571 1.66714
828.602 -26.5122 1.66019
827.059 -26.3673 1.65324
825.522 -26.2224 1.64628
823.991 -26.0775 1.63933
822.465 -25.9326 1.63238
820.945 -25.7931 1.62532
819.431 -25.6812 1.61769
817.922 -25.5693 1.61007
816.419 -25.4575 1.60245
814.921 -25.3456 1.59482
813.429 -25.2337 1.5872
811.942 -25.1218 1.57957
810.461 -25.01 1.57195
808.985 -24.8981 1.56432
807.514 -24.7862 1.5567
806.049 -24.6743 1.54908
804.589 -24.5625 1.54145
803.134 -24.4506 1.53383
801.685 -24.3387 1.5262
800.241 -24.2268 1.51858
798.802 -24.115 1.51095
797.368 -24.0031 1.50333
795.939 -23.8912 1.4957
794.516 -23.7793 1.48808
793.097 -23.6675 1.48046
791.684 -23.5556 1.47283
790.275 -23.4437 1.46521
788.872 -23.3318 1.45758
787.473 -23.22 1.44996
786.08 -23.1081 1.44233
784.691 -22.9962 1.43471
783.308 -22.8843 1.42709
781.929 -22.7725 1.41946
780.555 -22.6606 1.41184
779.186 -22.5487 1.40421
777.821 -22.4368 1.39659
776.462 -22.325 1.38896
775.107 -22.2131 1.38134
773.757 -22.1012 1.37371
772.412 -21.9893 1.36609
771.071 -21.8775 1.35847
769.735 -21.7656 1.35084
768.403 -21.6537 1.34322
767.076 -21.5418 1.33559
765.754 -21.43 1.32797
764.436 -21.3181 1.32034
763.123 -21.2062 1.31272
761.814 -21.0943 1.3051
760.51 -20.9825 1.29747
759.21 -20.8706 1.28985
757.915 -20.7587 1.28222
756.624 -20.6468 1.2746
755.338 -20.5491 1.26867
754.056 -20.4611 1.2639
752.778 -20.3731 1.25914
751.504 -20.285 1.25438
750.235 -20.197 1.24962
748.97 -20.109 1.24486
747.709 -20.021 1.2401
746.453 -19.933 1.23533
745.201 -19.845 1.23057
743.953 -19.757 1.22581
742.709 -19.669 1.22105
741.469 -19.581 1.21629
740.234 -19.493 1.21153
739.002 -19.405 1.20676
737.775 -19.317 1.202
736.552 -19.229 1.19724
735.332 -19.1409 1.19248
734.117 -19.0529 1.18772
732.906 -18.9649 1.18296
731.699 -18.8769 1.17819
730.496 -18.7889 1.17343
729.296 -18.7009 1.16867
728.101 -18.6129 1.16391
726.91 -18.5249 1.15915
725.722 -18.4369 1.15439
724.538 -18.3489 1.14962
723.358 -18.2609 1.14486
722.183 -18.1729 1.1401
721.01 -18.0849 1.13534
719.842 -17.9969 1.13058
718.677 -17.9088 1.12582
717.517 -17.8208 1.12105
716.359 -17.7328 1.11629
715.206 -17.6448 1.11153
714.056 -17.5568 1.10677
712.911 -17.4688 1.10201
711.768 -17.3808 1.09725
710.63 -17.2928 1.09248
709.495 -17.2048 1.08772
708.363 -17.1168 1.08296
707.235 -17.0288 1.0782
706.111 -16.9408 1.07344
704.991 -16.8528 1.06868
703.874 -16.7733 1.06634
702.76 -16.6996 1.0656
701.65 -16.6259 1.06487
700.544 -16.5522 1.06413
699.441 -16.4784 1.0634
698.341 -16.4047 1.06266
697.245 -16.331 1.06192
696.152 -16.2572 1.06119
695.063 -16.1835 1.06045
693.977 -16.1098 1.05972
692.895 -16.0361 1.05898
691.816 -15.9623 1.05825
690.74 -15.8886 1.05751
689.667 -15.8149 1.05678
688.598 -15.7412 1.05604
687.533 -15.6674 1.0553
686.47 -15.5937 1.05457
685.411 -15.52 1.05383
684.355 -15.4462 1.0531
683.302 -15.3725 1.05236
682.253 -15.2988 1.05163
681.207 -15.2251 1.05089
680.164 -15.1513 1.05016
679.124 -15.0776 1.04942
678.087 -15.0039 1.04868
677.054 -14.9301 1.04795
676.023 -14.8564 1.04721
674.996 -14.7827 1.04648
673.972 -14.709 1.04574
672.951 -14.6352 1.04501
671.933 -14.5615 1.04427
670.918 -14.4878 1.04354
669.907 -14.4141 1.0428
668.898 -14.3403 1.04206
667.892 -14.2666 1.04133
666.889 -14.1929 1.04059
665.89 -14.1191 1.03986
664.893 -14.0454 1.03912
663.899 -13.9717 1.03839
662.909 -13.898 1.03765
661.921 -13.8242 1.03692
660.936 -13.7505 1.03618
659.954 -13.6768 1.03544
658.975 -13.6089 1.03962
657.999 -13.5448 1.0469
657.026 -13.4807 1.05418
656.055 -13.4166 1.06146
655.088 -13.3524 1.06874
654.123 -13.2883 1.07602
653.162 -13.2242 1.0833
652.203 -13.1601 1.09059
651.246 -13.0959 1.09787
650.293 -13.0318 1.10515
649.343 -12.9677 1.11243
648.395 -12.9036 1.11971
647.45 -12.8395 1.12699
646.507 -12.7753 1.13427
645.568 -12.7112 1.14155
644.631 -12.6471 1.14883
643.697 -12.583 1.15611
642.766 -12.5188 1.16339
641.837 -12.4547 1.17067
640.911 -12.3906 1.17796
639.988 -12.3265 1.18524
639.067 -12.2623 1.19252
638.149 -12.1982 1.1998
637.233 -12.1341 1.20708
636.321 -12.07 1.21436
635.41 -12.0059 1.22164
634.503 -11.9417 1.22892
633.598 -11.8776 1.2362
632.695 -11.8135 1.24348
631.796 -11.7494 1.25076
630.898 -11.6852 1.25804
630.003 -11.6211 1.26533
629.111 -11.557 1.27261
628.222 -11.4929 1.27989
627.334 -11.4287 1.28717
626.45 -11.3646 1.29445
625.568 -11.3005 1.30173
624.688 -11.2364 1.30901
623.811 -11.1722 1.31629
622.936 -11.1081 1.32357
622.063 -11.044 1.33085
621.194 -10.9799 1.33813
620.326 -10.9158 1.34541
619.461 -10.8516 1.3527
618.598 -10.7875 1.35998
617.738 -10.7234 1.36726
616.88 -10.6595 1.37451
616.025 -10.6002 1.38117
615.172 -10.5409 1.38783
614.321 -10.4816 1.39449
613.473 -10.4223 1.40115
612.627 -10.363 1.40781
611.783 -10.3037 1.41447
610.942 -10.2444 1.42113
610.103 -10.1851 1.42779
609.266 -10.1258 1.43445
608.431 -10.0665 1.44111
607.599 -10.0072 1.44777
606.769 -9.94787 1.45443
605.941 -9.88858 1.46109
605.116 -9.82928 1.46775
604.293 -9.76998 1.47441
603.472 -9.71068 1.48107
602.653 -9.65138 1.48773
601.837 -9.59208 1.49439
601.023 -9.53278 1.50105
600.21 -9.47348 1.50771
599.401 -9.41418 1.51437
598.593 -9.35489 1.52103
597.787 -9.29559 1.52769
596.984 -9.23629 1.53435
596.183 -9.17699 1.54101
595.384 -9.11769 1.54767
594.587 -9.05839 1.55433
593.792 -8.99909 1.56099
592.999 -8.93979 1.56765
592.209 -8.88049 1.57431
591.42 -8.8212 1.58097
590.634 -8.7619 1.58763
589.85 -8.7026 1.59429
589.068 -8.6433 1.60095
588.288 -8.584 1.60761
587.509 -8.5247 1.61427
586.733 -8.4654 1.62092
585.96 -8.4061 1.62758
585.188 -8.3468 1.63424
584.418 -8.28751 1.6409
583.65 -8.22821 1.64756
582.884 -8.16891 1.65422
582.12 -8.11015 1.66104
581.358 -8.0614 1.67072
580.599 -8.01265 1.6804
579.841 -7.96389 1.69008
579.085 -7.91514 1.69975
578.331 -7.86638 1.70943
577.579 -7.81763 1.71911
576.829 -7.76888 1.72879
576.081 -7.72012 1.73847
575.335 -7.67137 1.74815
574.591 -7.62262 1.75783
573.848 -7.57386 1.76751
573.108 -7.52511 1.77719
572.37 -7.47635 1.78686
571.633 -7.4276 1.79654
570.898 -7.37885 1.80622
570.166 -7.33009 1.8159
569.435 -7.28134 1.82558
568.706 -7.23259 1.83526
567.979 -7.18383 1.84494
567.253 -7.13508 1.85462
566.53 -7.08632 1.8643
565.808 -7.03757 1.87397
565.089 -6.98882 1.88365
564.371 -6.94006 1.89333
563.655 -6.89131 1.90301
562.94 -6.84256 1.91269
562.228 -6.7938 1.92237
561.517 -6.74505 1.93205
560.808 -6.69629 1.94173
560.101 -6.64754 1.9514
559.396 -6.59879 1.96108
558.692 -6.55003 1.97076
557.99 -6.50128 1.98044
557.29 -6.45253 1.99012
556.592 -6.40377 1.9998
555.896 -6.35502 2.00948
555.201 -6.30626 2.01916
554.508 -6.25751 2.02884
553.817 -6.20876 2.03851
553.127 -6.16 2.04819
552.439 -6.11125 2.05787
551.753 -6.0625 2.06755
551.068 -6.01374 2.07723
550.386 -5.96499 2.08691
549.705 -5.91623 2.09659
549.025 -5.86748 2.10627
548.348 -5.82096 2.11654
547.671 -5.77686 2.12745
546.997 -5.73275 2.13836
546.324 -5.68865 2.14928
545.653 -5.64455 2.16019
544.984 -5.60044 2.1711
544.316 -5.55634 2.18202
543.65 -5.51224 2.19293
542.985 -5.46813 2.20384
542.323 -5.42403 2.21475
541.661 -5.37993 2.22567
541.002 -5.33582 2.23658
540.344 -5.29172 2.24749
539.687 -5.24762 2.25841
539.032 -5.20351 2.26932
538.379 -5.15941 2.28023
537.727 -5.11531 2.29114
537.077 -5.0712 2.30206
536.429 -5.0271 2.31297
535.782 -4.983 2.32388
535.136 -4.93889 2.3348
534.492 -4.89479 2.34571
533.85 -4.85069 2.35662
533.209 -4.80659 2.36754
532.57 -4.76248 2.37845
531.932 -4.71838 2.38936
531.296 -4.67428 2.40027
530.661 -4.63017 2.41119
530.028 -4.58607 2.4221
529.396 -4.54197 2.43301
528.766 -4.49786 2.44393
528.138 -4.45376 2.45484
527.51 -4.40966 2.46575
526.885 -4.36555 2.47667
526.261 -4.32145 2.48758
525.638 -4.27735 2.49849
525.017 -4.23324 2.5094
524.397 -4.18914 2.52032
523.779 -4.14504 2.53123
523.162 -4.10093 2.54214
522.546 -4.05683 2.55306
521.932 -4.01273 2.56397
521.32 -3.96862 2.57488
520.709 -3.92712 2.5945
520.099 -3.88833 2.62317
519.491 -3.84953 2.65183
518.884 -3.81073 2.68049
518.279 -3.77193 2.70916
517.675 -3.73314 2.73782
517.072 -3.69434 2.76648
516.471 -3.65554 2.79514
515.871 -3.61674 2.82381
515.273 -3.57795 2.85247
514.676 -3.53915 2.88113
514.08 -3.50035 2.9098
513.486 -3.46156 2.93846
512.893 -3.42276 2.96712
512.302 -3.38396 2.99579
511.711 -3.34516 3.02445
511.123 -3.30637 3.05311
510.535 -3.26757 3.08177
509.949 -3.22877 3.11044
509.364 -3.18997 3.1391
508.781 -3.15118 3.16776
508.199 -3.11238 3.19643
507.618 -3.07358 3.22509
507.039 -3.03478 3.25375
506.461 -2.99599 3.28242
505.884 -2.95719 3.31108
505.309 -2.91839 3.33974
504.734 -2.87959 3.3684
504.162 -2.8408 3.39707
503.59 -2.802 3.42573
503.02 -2.7632 3.45439
502.451 -2.7244 3.48306
501.883 -2.68561 3.51172
501.317 -2.64681 3.54038
500.752 -2.60801 3.56905
500.188 -2.56921 3.59771
499.625 -2.53042 3.62637
499.064 -2.49162 3.65503
498.504 -2.45282 3.6837
497.945 -2.41402 3.71236
497.388 -2.37523 3.74102
496.831 -2.33643 3.76969
496.276 -2.29763 3.79835
495.722 -2.27209 3.82375
495.17 -2.25973 3.8459
494.619 -2.24737 3.86806
494.068 -2.23501 3.89021
493.52 -2.22266 3.91236
492.972 -2.2103 3.93452
492.425 -2.19794 3.95667
491.88 -2.18558 3.97883
491.336 -2.17322 4.00098
490.793 -2.16086 4.02313
490.252 -2.1485 4.04529
489.711 -2.13614 4.06744
489.172 -2.12378 4.08959
488.634 -2.11142 4.11175
488.097 -2.09906 4.1339
487.561 -2.0867 4.15606
487.027 -2.07434 4.17821
486.493 -2.06199 4.20036
485.961 -2.04963 4.22252
485.43 -2.03727 4.24467
484.9 -2.02491 4.26682
484.371 -2.01255 4.28898
483.844 -2.00019 4.31113
483.317 -1.98783 4.33329
482.792 -1.97547 4.35544
482.268 -1.96311 4.37759
481.745 -1.95075 4.39975
481.223 -1.93839 4.4219
480.702 -1.92603 4.44405
480.183 -1.91368 4.46621
479.664 -1.90132 4.48836
479.147 -1.88896 4.51052
478.631 -1.8766 4.53267
478.115 -1.86424 4.55482
477.601 -1.85188 4.57698
477.088 -1.83952 4.59913
476.577 -1.82716 4.62129
476.066 -1.8148 4.64344
475.556 -1.80244 4.66559
475.048 -1.79008 4.68775
474.54 -1.77772 4.7099
474.034 -1.76537 4.73205
473.529 -1.75301 4.75421
473.024 -1.74065 4.77636
472.521 -1.72829 4.79852
472.019 -1.71593 4.82067
471.518 -1.70357 4.84282
471.018 -1.70392 4.85386
470.519 -1.70523 4.86405
470.021 -1.70654 4.87425
469.525 -1.70785 4.88444
469.029 -1.70916 4.89464
468.534 -1.71047 4.90483
468.04 -1.71178 4.91503
467.548 -1.71309 4.92522
467.056 -1.71439 4.93542
466.566 -1.7157 4.94561
466.076 -1.71701 4.9558
465.588 -1.71832 4.966
465.1 -1.71963 4.97619
464.614 -1.72094 4.98639
464.128 -1.72225 4.99658
463.644 -1.72356 5.00678
463.161 -1.72487 5.01697
462.678 -1.72618 5.02717
462.197 -1.72749 5.03736
461.716 -1.7288 5.04756
461.237 -1.73011 5.05775
460.759 -1.73142 5.06795
460.281 -1.73273 5.07814
459.805 -1.73404 5.08834
459.329 -1.73535 5.09853
458.855 -1.73666 5.10872
458.381 -1.73797 5.11892
457.909 -1.73928 5.12911
457.437 -1.74058 5.13931
456.967 -1.74189 5.1495
456.497 -1.7432 5.1597
456.028 -1.74451 5.16989
455.561 -1.74582 5.18009
455.094 -1.74713 5.19028
454.628 -1.74844 5.20048
454.164 -1.74975 5.21067
453.7 -1.75106 5.22087
453.237 -1.75237 5.23106
452.775 -1.75368 5.24125
452.314 -1.75499 5.25145
451.854 -1.7563 5.26164
451.395 -1.75761 5.27184
450.936 -1.75892 5.28203
450.479 -1.75765 5.29004
450.023 -1.75621 5.29791
449.567 -1.75478 5.30578
449.113 -1.75334 5.31366
448.659 -1.75191 5.32153
448.206 -1.75048 5.3294
447.755 -1.74904 5.33727
447.304 -1.74761 5.34514
446.854 -1.74617 5.35301
446.405 -1.74474 5.36088
445.957 -1.74331 5.36875
445.509 -1.74187 5.37662
445.063 -1.74044 5.38449
444.618 -1.739 5.39236
444.173 -1.73757 5.40023
443.729 -1.73613 5.40811
443.287 -1.7347 5.41598
442.845 -1.73327 5.42385
442.404 -1.73183 5.43172
441.963 -1.7304 5.43959
441.524 -1.72896 5.44746
441.086 -1.72753 5.45533
440.648 -1.7261 5.4632
440.212 -1.72466 5.47107
439.776 -1.72323 5.47894
439.341 -1.72179 5.48681
438.907 -1.72036 5.49469
438.474 -1.71892 5.50256
438.041 -1.71749 5.51043
437.61 -1.71606 5.5183
437.179 -1.71462 5.52617
436.749 -1.71319 5.53404
436.32 -1.71175 5.54191
435.892 -1.71032 5.54978
435.465 -1.70889 5.55765
435.038 -1.70745 5.56552
434.613 -1.70602 5.57339
434.188 -1.70458 5.58126
433.764 -1.70315 5.58914
433.341 -1.70171 5.59701
432.918 -1.70028 5.60488
432.497 -1.69885 5.61275
432.076 -1.69741 5.62062
431.656 -1.69598 5.62849
431.237 -1.69454 5.63636
430.819 -1.69311 5.64423
430.402 -1.69229 5.64978
429.985 -1.69252 5.65137
429.569 -1.69275 5.65296
429.154 -1.69298 5.65454
428.74 -1.69322 5.65613
428.327 -1.69345 5.65771
427.914 -1.69368 5.6593
427.502 -1.69391 5.66088
427.091 -1.69414 5.66247
426.681 -1.69437 5.66405
426.272 -1.69461 5.66564
425.863 -1.69484 5.66723
425.455 -1.69507 5.66881
425.048 -1.6953 5.6704
424.642 -1.69553 5.67198
424.236 -1.69576 5.67357
423.831 -1.696 5.67515
423.427 -1.69623 5.67674
423.024 -1.69646 5.67832
422.622 -1.69669 5.67991
422.22 -1.69692 5.68149
421.819 -1.69715 5.68308
421.419 -1.69739 5.68467
421.02 -1.69762 5.68625
420.621 -1.69785 5.68784
420.223 -1.69808 5.68942
419.826 -1.69831 5.69101
419.429 -1.69854 5.69259
419.034 -1.69878 5.69418
418.639 -1.69901 5.69576
418.245 -1.69924 5.69735
417.851 -1.69947 5.69894
417.459 -1.6997 5.70052
417.067 -1.69994 5.70211
416.675 -1.70017 5.70369
416.285 -1.7004 5.70528
415.895 -1.70063 5.70686
415.506 -1.70086 5.70845
415.118 -1.70109 5.71003
414.73 -1.70133 5.71162
414.344 -1.70156 5.71321
413.957 -1.70179 5.71479
413.572 -1.70202 5.71638
413.187 -1.7017 5.71755
412.803 -1.70047 5.71805
412.42 -1.69924 5.71855
412.038 -1.69802 5.71905
411.656 -1.69679 5.71955
411.275 -1.69556 5.72005
410.894 -1.69433 5.72055
410.515 -1.69311 5.72105
410.136 -1.69188 5.72155
409.757 -1.69065 5.72206
409.38 -1.68943 5.72256
409.003 -1.6882 5.72306
408.626 -1.68697 5.72356
408.251 -1.68574 5.72406
407.876 -1.68452 5.72456
407.502 -1.68329 5.72506
407.128 -1.68206 5.72556
406.756 -1.68083 5.72606
406.384 -1.67961 5.72656
406.012 -1.67838 5.72706
405.641 -1.67715 5.72756
405.271 -1.67593 5.72806
404.902 -1.6747 5.72856
404.533 -1.67347 5.72906
404.165 -1.67224 5.72956
403.798 -1.67102 5.73006
403.431 -1.66979 5.73057
403.065 -1.66856 5.73107
402.7 -1.66733 5.73157
402.335 -1.66611 5.73207
401.971 -1.66488 5.73257
401.607 -1.66365 5.73307
401.245 -1.66243 5.73357
400.883 -1.6612 5.73407
400.521 -1.65997 5.73457
400.16 -1.65874 5.73507
399.8 -1.65752 5.73557
399.441 -1.65629 5.73607
399.082 -1.65506 5.73657
398.724 -1.65383 5.73707
398.366 -1.65261 5.73757
398.009 -1.65138 5.73807
397.653 -1.65015 5.73857
397.297 -1.64903 5.73809
396.942 -1.64808 5.73606
396.588 -1.64712 5.73403
396.234 -1.64616 5.732
395.881 -1.64521 5.72997
395.528 -1.64425 5.72794
395.177 -1.6433 5.72591
394.825 -1.64234 5.72388
394.475 -1.64138 5.72185
394.125 -1.64043 5.71982
393.775 -1.63947 5.71779
393.427 -1.63852 5.71576
393.078 -1.63756 5.71373
392.731 -1.63661 5.7117
392.384 -1.63565 5.70967
392.038 -1.63469 5.70764
391.692 -1.63374 5.70561
391.347 -1.63278 5.70359
391.003 -1.63183 5.70156
390.659 -1.63087 5.69953
390.315 -1.62991 5.6975
389.973 -1.62896 5.69547
389.631 -1.628 5.69344
389.289 -1.62705 5.69141
388.948 -1.62609 5.68938
388.608 -1.62513 5.68735
388.269 -1.62418 5.68532
387.929 -1.62322 5.68329
387.591 -1.62227 5.68126
387.253 -1.62131 5.67923
386.916 -1.62036 5.6772
386.579 -1.6194 5.67517
386.243 -1.61844 5.67314
385.907 -1.61749 5.67111
385.573 -1.61653 5.66908
385.238 -1.61558 5.66705
384.904 -1.61462 5.66502
384.571 -1.61366 5.66299
384.238 -1.61271 5.66096
383.906 -1.61175 5.65894
383.575 -1.6108 5.65691
383.244 -1.60984 5.65488
382.914 -1.60889 5.65285
382.584 -1.60793 5.65082
382.255 -1.60697 5.64879
381.926 -1.60602 5.64676
381.598 -1.60506 5.64473
381.27 -1.601 5.64369
380.943 -1.59625 5.64287
380.617 -1.5915 5.64205
380.291 -1.58674 5.64124
379.966 -1.58199 5.64042
379.641 -1.57724 5.6396
379.317 -1.57249 5.63878
378.993 -1.56774 5.63797
378.67 -1.56299 5.63715
378.348 -1.55824 5.63633
378.026 -1.55348 5.63551
377.704 -1.54873 5.63469
377.384 -1.54398 5.63388
377.063 -1.53923 5.63306
376.743 -1.53448 5.63224
376.424 -1.52973 5.63142
376.105 -1.52498 5.6306
375.787 -1.52022 5.62979
375.47 -1.51547 5.62897
375.153 -1.51072 5.62815
374.836 -1.50597 5.62733
374.52 -1.50122 5.62652
374.205 -1.49647 5.6257
373.89 -1.49171 5.62488
373.575 -1.48696 5.62406
373.261 -1.48221 5.62324
372.948 -1.47746 5.62243
372.635 -1.47271 5.62161
372.323 -1.46796 5.62079
372.011 -1.46321 5.61997
371.7 -1.45845 5.61915
371.389 -1.4537 5.61834
371.079 -1.44895 5.61752
370.769 -1.4442 5.6167
370.46 -1.43945 5.61588
370.151 -1.4347 5.61506
369.843 -1.42994 5.61425
369.535 -1.42519 5.61343
369.228 -1.42044 5.61261
368.921 -1.41569 5.61179
368.615 -1.41094 5.61098
368.31 -1.40619 5.61016
368.005 -1.40144 5.60934
367.7 -1.39762 5.609
367.396 -1.394 5.60876
367.092 -1.39038 5.60852
366.789 -1.38676 5.60828
366.487 -1.38313 5.60804
366.184 -1.37951 5.6078
365.883 -1.37589 5.60756
365.582 -1.37227 5.60732
365.281 -1.36865 5.60708
364.981 -1.36503 5.60684
364.681 -1.3614 5.6066
364.382 -1.35778 5.60636
364.084 -1.35416 5.60611
363.785 -1.35054 5.60587
363.488 -1.34692 5.60563
363.191 -1.3433 5.60539
362.894 -1.33967 5.60515
362.598 -1.33605 5.60491
362.302 -1.33243 5.60467
362.007 -1.32881 5.60443
361.712 -1.32519 5.60419
361.418 -1.32157 5.60395
361.124 -1.31794 5.60371
360.83 -1.31432 5.60347
360.538 -1.3107 5.60323
360.245 -1.30708 5.60299
359.953 -1.30346 5.60275
359.662 -1.29984 5.60251
359.371 -1.29621 5.60227
359.08 -1.29259 5.60203
358.79 -1.28897 5.60179
358.501 -1.28535 5.60155
358.212 -1.28173 5.6013
357.923 -1.2781 5.60106
357.635 -1.27448 5.60082
357.347 -1.27086 5.60058
357.06 -1.26724 5.60034
356.773 -1.26362 5.6001
356.487 -1.26 5.59986
356.201 -1.25637 5.59962
355.916 -1.25275 5.59938
355.631 -1.24913 5.59914
355.346 -1.24551 5.5989
355.062 -1.24189 5.59866
354.779 -1.23827 5.59842
354.496 -1.23464 5.59818
354.213 -1.23243 5.59764
353.931 -1.23425 5.59625
353.649 -1.23607 5.59486
353.368 -1.23789 5.59347
353.087 -1.23971 5.59207
352.806 -1.24153 5.59068
352.526 -1.24335 5.58929
352.247 -1.24517 5.5879
351.968 -1.24699 5.58651
351.689 -1.24881 5.58511
351.411 -1.25064 5.58372
351.133 -1.25246 5.58233
350.856 -1.25428 5.58094
350.579 -1.2561 5.57955
350.302 -1.25792 5.57815
350.026 -1.25974 5.57676
349.751 -1.26156 5.57537
349.476 -1.26338 5.57398
349.201 -1.2652 5.57259
348.927 -1.26702 5.57119
348.653 -1.26885 5.5698
348.379 -1.27067 5.56841
348.106 -1.27249 5.56702
347.834 -1.27431 5.56563
347.562 -1.27613 5.56423
347.29 -1.27795 5.56284
347.019 -1.27977 5.56145
346.748 -1.28159 5.56006
346.477 -1.28341 5.55867
346.207 -1.28524 5.55727
345.938 -1.28706 5.55588
345.668 -1.28888 5.55449
345.4 -1.2907 5.5531
345.131 -1.29252 5.55171
344.863 -1.29434 5.55031
344.596 -1.29616 5.54892
344.329 -1.29798 5.54753
344.062 -1.2998 5.54614
343.796 -1.30162 5.54475
343.53 -1.30345 5.54335
343.264 -1.30527 5.54196
342.999 -1.30709 5.54057
342.735 -1.30891 5.53918
342.471 -1.31052 5.53838
342.207 -1.31157 5.53921
341.943 -1.31262 5.54003
341.68 -1.31367 5.54086
341.418 -1.31471 5.54169
341.155 -1.31576 5.54251
340.894 -1.31681 5.54334
340.632 -1.31786 5.54417
340.371 -1.31891 5.54499
340.111 -1.31995 5.54582
339.85 -1.321 5.54664
339.591 -1.32205 5.54747
339.331 -1.3231 5.5483
339.072 -1.32414 5.54912
338.814 -1.32519 5.54995
338.555 -1.32624 5.55078
338.298 -1.32729 5.5516
338.04 -1.32834 5.55243
337.783 -1.32938 5.55325
337.526 -1.33043 5.55408
337.27 -1.33148 5.55491
337.014 -1.33253 5.55573
336.759 -1.33358 5.55656
336.504 -1.33462 5.55739
336.249 -1.33567 5.55821
335.995 -1.33672 5.55904
335.741 -1.33777 5.55986
335.487 -1.33882 5.56069
335.234 -1.33986 5.56152
334.981 -1.34091 5.56234
334.729 -1.34196 5.56317
334.477 -1.34301 5.564
334.225 -1.34405 5.56482
333.974 -1.3451 5.56565
333.723 -1.34615 5.56647
333.472 -1.3472 5.5673
333.222 -1.34825 5.56813
332.973 -1.34929 5.56895
332.723 -1.35034 5.56978
332.474 -1.35139 5.57061
332.225 -1.35244 5.57143
331.977 -1.35349 5.57226
331.729 -1.35453 5.57308
331.482 -1.35454 5.57531
331.235 -1.35187 5.58116
330.988 -1.3492 5.587
330.741 -1.34652 5.59284
330.495 -1.34385 5.59869
330.25 -1.34118 5.60453
330.004 -1.3385 5.61037
329.759 -1.33583 5.61622
329.515 -1.33316 5.62206
329.27 -1.33049 5.62791
329.027 -1.32781 5.63375
328.783 -1.32514 5.63959
328.54 -1.32247 5.64544
328.297 -1.31979 5.65128
328.055 -1.31712 5.65713
327.812 -1.31445 5.66297
327.571 -1.31178 5.66881
327.329 -1.3091 5.67466
327.088 -1.30643 5.6805
326.848 -1.30376 5.68635
326.607 -1.30108 5.69219
326.367 -1.29841 5.69803
326.128 -1.29574 5.70388
325.889 -1.29306 5.70972
325.65 -1.29039 5.71556
325.411 -1.28772 5.72141
325.173 -1.28505 5.72725
324.935 -1.28237 5.7331
324.698 -1.2797 5.73894
324.46 -1.27703 5.74478
324.224 -1.27435 5.75063
323.987 -1.27168 5.75647
323.751 -1.26901 5.76232
323.515 -1.26633 5.76816
323.28 -1.26366 5.774
323.045 -1.26099 5.77985
322.81 -1.25832 5.78569
322.576 -1.25564 5.79154
322.341 -1.25297 5.79738
322.108 -1.2503 5.80322
321.874 -1.24762 5.80907
321.641 -1.24495 5.81491
321.409 -1.24228 5.82076
321.176 -1.2396 5.8266
320.944 -1.23693 5.83244
320.712 -1.23426 5.83829
320.481 -1.23159 5.84413
320.25 -1.231 5.84496
320.019 -1.23127 5.84372
319.789 -1.23154 5.84249
319.559 -1.23182 5.84125
319.329 -1.23209 5.84001
319.1 -1.23236 5.83877
318.871 -1.23264 5.83753
318.642 -1.23291 5.83629
318.414 -1.23318 5.83505
318.186 -1.23346 5.83381
317.958 -1.23373 5.83257
317.73 -1.234 5.83134
317.503 -1.23428 5.8301
317.276 -1.23455 5.82886
317.05 -1.23482 5.82762
316.824 -1.2351 5.82638
316.598 -1.23537 5.82514
316.373 -1.23564 5.8239
316.147 -1.23592 5.82266
315.923 -1.23619 5.82142
315.698 -1.23646 5.82019
315.474 -1.23673 5.81895
315.25 -1.23701 5.81771
315.026 -1.23728 5.81647
314.803 -1.23755 5.81523
314.58 -1.23783 5.81399
314.358 -1.2381 5.81275
314.135 -1.23837 5.81151
313.913 -1.23865 5.81027
313.692 -1.23892 5.80903
313.47 -1.23919 5.8078
313.249 -1.23947 5.80656
313.029 -1.23974 5.80532
312.808 -1.24001 5.80408
312.588 -1.24029 5.80284
312.368 -1.24056 5.8016
312.149 -1.24083 5.80036
311.93 -1.24111 5.79912
311.711 -1.24138 5.79788
311.492 -1.24165 5.79665
311.274 -1.24193 5.79541
311.056 -1.2422 5.79417
310.838 -1.24247 5.79293
310.621 -1.24232 5.79239
310.404 -1.24199 5.79213
310.187 -1.24167 5.79187
309.971 -1.24134 5.7916
309.754 -1.24102 5.79134
309.539 -1.24069 5.79108
309.323 -1.24037 5.79081
309.108 -1.24004 5.79055
308.893 -1.23972 5.79029
308.678 -1.23939 5.79003
308.464 -1.23907 5.78976
308.25 -1.23874 5.7895
308.036 -1.23842 5.78924
307.823 -1.23809 5.78897
307.61 -1.23777 5.78871
307.397 -1.23744 5.78845
307.184 -1.23712 5.78819
306.972 -1.23679 5.78792
306.76 -1.23647 5.78766
306.548 -1.23614 5.7874
306.337 -1.23582 5.78713
306.126 -1.23549 5.78687
305.915 -1.23517 5.78661
305.704 -1.23484 5.78635
305.494 -1.23452 5.78608
305.284 -1.23419 5.78582
305.074 -1.23387 5.78556
304.865 -1.23355 5.7853
304.656 -1.23322 5.78503
304.447 -1.2329 5.78477
304.239 -1.23257 5.78451
304.031 -1.23225 5.78424
303.823 -1.23192 5.78398
303.615 -1.2316 5.78372
303.408 -1.23127 5.78346
303.2 -1.23095 5.78319
302.994 -1.23062 5.78293
302.787 -1.2303 5.78267
302.581 -1.22997 5.7824
302.375 -1.22965 5.78214
302.169 -1.22932 5.78188
301.964 -1.229 5.78162
301.759 -1.22867 5.78135
301.554 -1.22835 5.78109
301.349 -1.22802 5.78083
301.145 -1.2277 5.78056
300.941 -1.22769 5.77971
300.737 -1.22954 5.77544
300.534 -1.23138 5.77116
300.331 -1.23323 5.76688
300.128 -1.23508 5.7626
299.925 -1.23692 5.75832
299.723 -1.23877 5.75405
299.521 -1.24061 5.74977
299.319 -1.24246 5.74549
299.117 -1.24431 5.74121
298.916 -1.24615 5.73693
298.715 -1.248 5.73266
298.514 -1.24984 5.72838
298.314 -1.25169 5.7241
298.114 -1.25354 5.71982
297.914 -1.25538 5.71555
297.714 -1.25723 5.71127
297.515 -1.25908 5.70699
297.315 -1.26092 5.70271
297.117 -1.26277 5.69843
296.918 -1.26461 5.69416
296.72 -1.26646 5.68988
296.522 -1.26831 5.6856
296.324 -1.27015 5.68132
296.126 -1.272 5.67705
295.929 -1.27384 5.67277
295.732 -1.27569 5.66849
295.535 -1.27754 5.66421
295.339 -1.27938 5.65993
295.143 -1.28123 5.65566
294.947 -1.28307 5.65138
294.751 -1.28492 5.6471
294.555 -1.28677 5.64282
294.36 -1.28861 5.63855
294.165 -1.29046 5.63427
293.971 -1.29231 5.62999
293.776 -1.29415 5.62571
293.582 -1.296 5.62143
293.388 -1.29784 5.61716
293.195 -1.29969 5.61288
293.001 -1.30154 5.6086
292.808 -1.30338 5.60432
292.615 -1.30523 5.60004
292.423 -1.30688 5.59607
292.23 -1.30747 5.59371
292.038 -1.30806 5.59134
291.846 -1.30866 5.58898
291.655 -1.30925 5.58662
291.463 -1.30984 5.58425
291.272 -1.31043 5.58189
291.081 -1.31103 5.57953
290.891 -1.31162 5.57716
290.7 -1.31221 5.5748
290.51 -1.3128 5.57244
290.32 -1.3134 5.57008
290.131 -1.31399 5.56771
289.941 -1.31458 5.56535
289.752 -1.31517 5.56299
289.563 -1.31577 5.56062
289.375 -1.31636 5.55826
289.186 -1.31695 5.5559
288.998 -1.31754 5.55354
288.81 -1.31814 5.55117
288.623 -1.31873 5.54881
288.435 -1.31932 5.54645
288.248 -1.31992 5.54408
288.061 -1.32051 5.54172
287.874 -1.3211 5.53936
287.688 -1.32169 5.537
287.502 -1.32229 5.53463
287.316 -1.32288 5.53227
287.13 -1.32347 5.52991
286.945 -1.32406 5.52754
286.76 -1.32466 5.52518
286.575 -1.32525 5.52282
286.39 -1.32584 5.52045
286.205 -1.32643 5.51809
286.021 -1.32703 5.51573
285.837 -1.32762 5.51337
285.653 -1.32821 5.511
285.47 -1.3288 5.50864
285.286 -1.3294 5.50628
285.103 -1.32999 5.50391
284.92 -1.33058 5.50155
284.738 -1.33118 5.49919
284.555 -1.33177 5.49683
284.373 -1.33238 5.49409
284.191 -1.33312 5.48953
284.009 -1.33386 5.48497
283.828 -1.33459 5.48041
283.647 -1.33533 5.47585
283.466 -1.33606 5.47129
283.285 -1.3368 5.46672
283.104 -1.33753 5.46216
282.924 -1.33827 5.4576
282.744 -1.339 5.45304
282.564 -1.33974 5.44848
282.385 -1.34047 5.44392
282.205 -1.34121 5.43935
282.026 -1.34194 5.43479
281.847 -1.34268 5.43023
281.668 -1.34342 5.42567
281.49 -1.34415 5.42111
281.312 -1.34489 5.41655
281.134 -1.34562 5.41199
280.956 -1.34636 5.40742
280.778 -1.34709 5.40286
280.601 -1.34783 5.3983
280.424 -1.34856 5.39374
280.247 -1.3493 5.38918
280.07 -1.35003 5.38462
279.894 -1.35077 5.38005
279.717 -1.3515 5.37549
279.541 -1.35224 5.37093
279.366 -1.35298 5.36637
279.19 -1.35371 5.36181
279.015 -1.35445 5.35725
278.84 -1.35518 5.35268
278.665 -1.35592 5.34812
278.49 -1.35665 5.34356
278.315 -1.35739 5.339
278.141 -1.35812 5.33444
277.967 -1.35886 5.32988
277.793 -1.35959 5.32532
277.62 -1.36033 5.32075
277.446 -1.36106 5.31619
277.273 -1.3618 5.31163
277.1 -1.36254 5.30707
276.927 -1.36327 5.30251
276.755 -1.36401 5.29795
276.583 -1.36474 5.29338
276.41 -1.36548 5.28882
276.239 -1.36621 5.28426
276.067 -1.36623 5.27817
275.895 -1.36576 5.27105
275.724 -1.3653 5.26393
275.553 -1.36483 5.25681
275.382 -1.36436 5.24969
275.212 -1.36389 5.24257
275.041 -1.36342 5.23545
274.871 -1.36296 5.22832
274.701 -1.36249 5.2212
274.531 -1.36202 5.21408
274.362 -1.36155 5.20696
274.193 -1.36109 5.19984
274.023 -1.36062 5.19272
273.854 -1.36015 5.1856
273.686 -1.35968 5.17847
273.517 -1.35922 5.17135
273.349 -1.35875 5.16423
273.181 -1.35828 5.15711
273.013 -1.35781 5.14999
272.845 -1.35735 5.14287
272.678 -1.35688 5.13575
272.51 -1.35641 5.12863
272.343 -1.35594 5.1215
272.177 -1.35548 5.11438
272.01 -1.35501 5.10726
271.843 -1.35454 5.10014
271.677 -1.35407 5.09302
271.511 -1.35361 5.0859
271.345 -1.35314 5.07878
271.18 -1.35267 5.07165
271.014 -1.3522 5.06453
270.849 -1.35174 5.05741
270.684 -1.35127 5.05029
270.519 -1.3508 5.04317
270.354 -1.35033 5.03605
270.19 -1.34987 5.02893
270.026 -1.3494 5.02181
269.862 -1.34893 5.01468
269.698 -1.34846 5.00756
269.534 -1.348 5.00044
269.371 -1.34753 4.99332
269.208 -1.34706 4.9862
269.044 -1.34659 4.97908
268.882 -1.34498 4.97297
268.719 -1.34262 4.96752
268.557 -1.34026 4.96206
268.394 -1.3379 4.95661
268.232 -1.33554 4.95115
268.07 -1.33318 4.9457
267.909 -1.33082 4.94025
267.747 -1.32846 4.93479
267.586 -1.3261 4.92934
267.425 -1.32374 4.92389
267.264 -1.32138 4.91843
267.103 -1.31902 4.91298
266.943 -1.31666 4.90753
266.782 -1.3143 4.90207
266.622 -1.31194 4.89662
266.462 -1.30958 4.89117
266.303 -1.30722 4.88571
266.143 -1.30486 4.88026
265.984 -1.3025 4.87481
265.825 -1.30014 4.86935
265.666 -1.29778 4.8639
265.507 -1.29542 4.85844
265.348 -1.29306 4.85299
265.19 -1.2907 4.84754
265.032 -1.28834 4.84208
264.874 -1.28598 4.83663
264.716 -1.28362 4.83118
264.558 -1.28126 4.82572
264.401 -1.2789 4.82027
264.243 -1.27654 4.81482
264.086 -1.27418 4.80936
263.929 -1.27182 4.80391
263.773 -1.26946 4.79846
263.616 -1.2671 4.793
263.46 -1.26474 4.78755
263.304 -1.26238 4.7821
263.148 -1.26002 4.77664
262.992 -1.25766 4.77119
262.836 -1.2553 4.76573
262.681 -1.25294 4.76028
262.526 -1.25058 4.75483
262.37 -1.24822 4.74937
262.216 -1.24586 4.74392
262.061 -1.2435 4.73847
261.906 -1.24114 4.73301
261.752 -1.23878 4.72756
261.598 -1.23637 4.72211
261.444 -1.23274 4.71671
261.29 -1.22911 4.7113
261.137 -1.22548 4.7059
260.983 -1.22185 4.7005
260.83 -1.21822 4.6951
260.677 -1.21459 4.6897
260.524 -1.21096 4.6843
260.371 -1.20733 4.67889
260.219 -1.2037 4.67349
260.066 -1.20007 4.66809
259.914 -1.19644 4.66269
259.762 -1.19281 4.65729
259.61 -1.18918 4.65188
259.459 -1.18555 4.64648
259.307 -1.18192 4.64108
259.156 -1.17829 4.63568
259.005 -1.17466 4.63028
258.854 -1.17103 4.62488
258.703 -1.1674 4.61947
258.553 -1.16377 4.61407
258.402 -1.16014 4.60867
258.252 -1.15651 4.60327
258.102 -1.15288 4.59787
257.952 -1.14925 4.59247
257.802 -1.14562 4.58706
257.653 -1.14199 4.58166
257.504 -1.13836 4.57626
257.354 -1.13473 4.57086
257.205 -1.1311 4.56546
257.057 -1.12747 4.56005
256.908 -1.12384 4.55465
256.759 -1.12021 4.54925
256.611 -1.11658 4.54385
256.463 -1.11295 4.53845
256.315 -1.10932 4.53305
256.167 -1.10569 4.52764
256.02 -1.10206 4.52224
255.872 -1.09843 4.51684
255.725 -1.0948 4.51144
255.578 -1.09117 4.50604
255.431 -1.08754 4.50063
255.284 -1.08391 4.49523
255.137 -1.08024 4.48992
254.991 -1.07584 4.48639
254.845 -1.07144 4.48286
254.698 -1.06704 4.47934
254.552 -1.06264 4.47581
254.407 -1.05824 4.47228
254.261 -1.05384 4.46876
254.116 -1.04944 4.46523
253.97 -1.04504 4.4617
253.825 -1.04063 4.45817
253.68 -1.03623 4.45465
253.535 -1.03183 4.45112
253.391 -1.02743 4.44759
253.246 -1.02303 4.44407
253.102 -1.01863 4.44054
252.958 -1.01423 4.43701
252.814 -1.00983 4.43349
252.67 -1.00543 4.42996
252.527 -1.00103 4.42643
252.383 -0.996627 4.42291
252.24 -0.992227 4.41938
252.097 -0.987826 4.41585
251.954 -0.983425 4.41232
251.811 -0.979025 4.4088
251.668 -0.974624 4.40527
251.526 -0.970223 4.40174
251.383 -0.965822 4.39822
251.241 -0.961422 4.39469
251.099 -0.957021 4.39116
250.957 -0.95262 4.38764
250.816 -0.94822 4.38411
250.674 -0.943819 4.38058
250.533 -0.939418 4.37706
250.391 -0.935017 4.37353
250.25 -0.930617 4.37
250.11 -0.926216 4.36647
249.969 -0.921815 4.36295
249.828 -0.917415 4.35942
249.688 -0.913014 4.35589
249.548 -0.908613 4.35237
249.407 -0.904213 4.34884
249.267 -0.899812 4.34531
249.128 -0.895411 4.34179
248.988 -0.891082 4.33825
248.849 -0.887931 4.33448
248.709 -0.88478 4.33072
248.57 -0.88163 4.32696
248.431 -0.878479 4.3232
248.292 -0.875328 4.31944
248.153 -0.872178 4.31568
248.015 -0.869027 4.31192
247.877 -0.865876 4.30815
247.738 -0.862726 4.30439
247.6 -0.859575 4.30063
247.462 -0.856424 4.29687
247.325 -0.853274 4.29311
247.187 -0.850123 4.28935
247.049 -0.846972 4.28558
246.912 -0.843822 4.28182
246.775 -0.840671 4.27806
246.638 -0.83752 4.2743
246.501 -0.83437 4.27054
246.364 -0.831219 4.26678
246.228 -0.828068 4.26302
246.091 -0.824918 4.25925
245.955 -0.821767 4.25549
245.819 -0.818616 4.25173
245.683 -0.815466 4.24797
245.547 -0.812315 4.24421
245.412 -0.809164 4.24045
245.276 -0.806014 4.23668
245.141 -0.802863 4.23292
245.006 -0.799712 4.22916
244.871 -0.796562 4.2254
244.736 -0.793411 4.22164
244.601 -0.79026 4.21788
244.466 -0.78711 4.21412
244.332 -0.783959 4.21035
244.197 -0.780808 4.20659
244.063 -0.777658 4.20283
243.929 -0.774507 4.19907
243.795 -0.771356 4.19531
243.662 -0.768205 4.19155
243.528 -0.765055 4.18779
243.395 -0.761904 4.18402
243.261 -0.758753 4.18026
243.128 -0.755603 4.1765
242.995 -0.752452 4.17274
242.862 -0.749301 4.16898
242.73 -0.746151 4.16522
242.597 -0.743088 4.16206
242.465 -0.740119 4.15954
242.332 -0.73715 4.15702
242.2 -0.734181 4.1545
242.068 -0.731213 4.15199
241.937 -0.728244 4.14947
241.805 -0.725275 4.14695
241.673 -0.722306 4.14443
241.542 -0.719337 4.14192
241.411 -0.716368 4.1394
241.279 -0.713399 4.13688
241.148 -0.71043 4.13436
241.018 -0.707461 4.13184
240.887 -0.704492 4.12933
240.756 -0.701523 4.12681
240.626 -0.698554 4.12429
240.496 -0.695585 4.12177
240.366 -0.692616 4.11925
240.236 -0.689647 4.11674
240.106 -0.686678 4.11422
239.976 -0.683709 4.1117
239.846 -0.68074 4.10918
239.717 -0.677771 4.10667
239.588 -0.674802 4.10415
239.459 -0.671833 4.10163
239.33 -0.668865 4.09911
239.201 -0.665896 4.09659
239.072 -0.662927 4.09408
238.943 -0.659958 4.09156
238.815 -0.656989 4.08904
238.687 -0.65402 4.08652
238.558 -0.651051 4.08401
238.43 -0.648082 4.08149
238.302 -0.645113 4.07897
238.175 -0.642144 4.07645
238.047 -0.639175 4.07393
237.92 -0.636206 4.07142
237.792 -0.633237 4.0689
237.665 -0.630268 4.06638
237.538 -0.627299 4.06386
237.411 -0.62433 4.06134
237.284 -0.621361 4.05883
237.157 -0.618392 4.05631
237.031 -0.616194 4.05331
236.905 -0.61478 4.04981
236.778 -0.613365 4.04631
236.652 -0.61195 4.04282
236.526 -0.610535 4.03932
236.4 -0.609121 4.03582
236.275 -0.607706 4.03233
236.149 -0.606291 4.02883
236.023 -0.604876 4.02533
235.898 -0.603462 4.02184
235.773 -0.602047 4.01834
235.648 -0.600632 4.01484
235.523 -0.599217 4.01135
235.398 -0.597803 4.00785
235.273 -0.596388 4.00435
235.149 -0.594973 4.00086
235.024 -0.593558 3.99736
234.9 -0.592144 3.99386
234.776 -0.590729 3.99037
234.652 -0.589314 3.98687
234.528 -0.587899 3.98337
234.404 -0.586485 3.97988
234.281 -0.58507 3.97638
234.157 -0.583655 3.97289
234.034 -0.58224 3.96939
233.911 -0.580826 3.96589
233.788 -0.579411 3.9624
233.665 -0.577996 3.9589
233.542 -0.576581 3.9554
233.419 -0.575167 3.95191
233.296 -0.573752 3.94841
233.174 -0.572337 3.94491
233.052 -0.570922 3.94142
232.929 -0.569508 3.93792
232.807 -0.568093 3.93442
232.685 -0.566678 3.93093
232.564 -0.565264 3.92743
232.442 -0.563849 3.92393
232.32 -0.562434 3.92044
232.199 -0.561019 3.91694
232.078 -0.559605 3.91344
231.956 -0.55819 3.90995
231.835 -0.556775 3.90645
231.714 -0.55536 3.90295
231.594 -0.553946 3.89946
231.473 -0.552531 3.89596
231.352 -0.551116 3.89246
231.232 -0.548095 3.89076
231.112 -0.544943 3.8892
230.991 -0.541791 3.88764
230.871 -0.538639 3.88608
230.752 -0.535487 3.88453
230.632 -0.532335 3.88297
230.512 -0.529182 3.88141
230.392 -0.52603 3.87985
230.273 -0.522878 3.87829
230.154 -0.519726 3.87673
230.035 -0.516574 3.87517
229.916 -0.513422 3.87362
229.797 -0.510269 3.87206
229.678 -0.507117 3.8705
229.559 -0.503965 3.86894
229.441 -0.500813 3.86738
229.322 -0.497661 3.86582
229.204 -0.494509 3.86426
229.086 -0.491357 3.86271
228.967 -0.488204 3.86115
228.85 -0.485052 3.85959
228.732 -0.4819 3.85803
228.614 -0.478748 3.85647
228.496 -0.475596 3.85491
228.379 -0.472444 3.85335
228.262 -0.469291 3.8518
228.144 -0.466139 3.85024
228.027 -0.462987 3.84868
227.91 -0.459835 3.84712
227.793 -0.456683 3.84556
227.677 -0.453531 3.844
227.56 -0.450378 3.84245
227.443 -0.447226 3.84089
227.327 -0.444074 3.83933
227.211 -0.440922 3.83777
227.095 -0.43777 3.83621
226.979 -0.434618 3.83465
226.863 -0.431465 3.83309
226.747 -0.428313 3.83154
226.631 -0.425161 3.82998
226.516 -0.422009 3.82842
226.4 -0.418857 3.82686
226.285 -0.415705 3.8253
226.17 -0.413995 3.8227
226.055 -0.412386 3.82002
225.94 -0.410777 3.81735
225.825 -0.409168 3.81467
225.71 -0.407559 3.812
225.595 -0.40595 3.80932
225.481 -0.404341 3.80665
225.366 -0.402732 3.80397
225.252 -0.401123 3.8013
225.138 -0.399514 3.79862
225.024 -0.397905 3.79595
224.91 -0.396296 3.79327
224.796 -0.394687 3.7906
224.683 -0.393078 3.78792
224.569 -0.391469 3.78525
224.455 -0.38986 3.78257
224.342 -0.388251 3.7799
224.229 -0.386642 3.77722
224.116 -0.385033 3.77455
224.003 -0.383424 3.77187
223.89 -0.381815 3.7692
223.777 -0.380206 3.76652
223.664 -0.378597 3.76385
223.552 -0.376988 3.76117
223.439 -0.375379 3.7585
223.327 -0.37377 3.75582
223.215 -0.372161 3.75315
223.103 -0.370552 3.75047
222.991 -0.368943 3.7478
222.879 -0.367334 3.74512
222.767 -0.365725 3.74245
222.655 -0.364116 3.73977
222.544 -0.362506 3.7371
222.432 -0.360897 3.73442
222.321 -0.359288 3.73175
222.21 -0.357679 3.72907
222.099 -0.35607 3.7264
221.988 -0.354461 3.72372
221.877 -0.352852 3.72105
221.766 -0.351243 3.71837
221.656 -0.349634 3.7157
221.545 -0.348025 3.71302
221.435 -0.346416 3.71034
221.324 -0.344043 3.70809
221.214 -0.341626 3.70585
221.104 -0.339209 3.70362
220.994 -0.336792 3.70139
220.884 -0.334375 3.69916
220.774 -0.331958 3.69692
220.665 -0.329542 3.69469
220.555 -0.327125 3.69246
220.446 -0.324708 3.69022
220.336 -0.322291 3.68799
220.227 -0.319874 3.68576
220.118 -0.317457 3.68352
220.009 -0.31504 3.68129
219.9 -0.312623 3.67906
219.791 -0.310206 3.67682
219.682 -0.307789 3.67459
219.574 -0.305372 3.67236
219.465 -0.302955 3.67012
219.357 -0.300538 3.66789
219.249 -0.298122 3.66566
219.141 -0.295705 3.66343
219.033 -0.293288 3.66119
218.925 -0.290871 3.65896
218.817 -0.288454 3.65673
218.709 -0.286037 3.65449
218.601 -0.28362 3.65226
218.494 -0.281203 3.65003
218.386 -0.278786 3.64779
218.279 -0.276369 3.64556
218.172 -0.273952 3.64333
218.065 -0.271535 3.64109
217.958 -0.269119 3.63886
217.851 -0.266702 3.63663
217.744 -0.264285 3.6344
217.637 -0.261868 3.63216
217.531 -0.259451 3.62993
217.424 -0.257034 3.6277
217.318 -0.254617 3.62546
217.212 -0.2522 3.62323
217.106 -0.249783 3.621
217 -0.247366 3.61876
216.894 -0.244949 3.61653
216.788 -0.242532 3.6143
216.682 -0.240116 3.61206
216.576 -0.237699 3.60983
216.471 -0.235282 3.6076
216.365 -0.232888 3.60536
216.26 -0.230532 3.60313
216.155 -0.228176 3.60089
216.05 -0.225821 3.59865
215.945 -0.223465 3.59641
215.84 -0.221109 3.59417
215.735 -0.218754 3.59194
215.63 -0.216398 3.5897
215.526 -0.214042 3.58746
215.421 -0.211687 3.58522
215.317 -0.209331 3.58299
215.212 -0.206975 3.58075
215.108 -0.204619 3.57851
215.004 -0.202264 3.57627
214.9 -0.199908 3.57403
214.796 -0.197552 3.5718
214.692 -0.195197 3.56956
214.589 -0.192841 3.56732
214.485 -0.190485 3.56508
214.382 -0.18813 3.56285
214.278 -0.185774 3.56061
214.175 -0.183418 3.55837
214.072 -0.181063 3.55613
213.968 -0.178707 3.55389
213.865 -0.176351 3.55166
213.763 -0.173996 3.54942
213.66 -0.17164 3.54718
213.557 -0.169284 3.54494
213.454 -0.166929 3.54271
213.352 -0.164573 3.54047
213.249 -0.162217 3.53823
213.147 -0.159862 3.53599
213.045 -0.157506 3.53375
212.943 -0.15515 3.53152
212.841 -0.152794 3.52928
212.739 -0.150439 3.52704
212.637 -0.148083 3.5248
212.535 -0.145727 3.52257
212.434 -0.143372 3.52033
212.332 -0.141016 3.51809
212.231 -0.13866 3.51585
212.129 -0.136305 3.51361
212.028 -0.133949 3.51138
211.927 -0.131491 3.50901
211.826 -0.12887 3.50644
211.725 -0.126248 3.50388
211.624 -0.123627 3.50131
211.523 -0.121005 3.49874
211.423 -0.118384 3.49617
211.322 -0.115763 3.4936
211.222 -0.113141 3.49104
211.121 -0.11052 3.48847
211.021 -0.107898 3.4859
210.921 -0.105277 3.48333
210.821 -0.102655 3.48076
210.721 -0.100034 3.47819
210.621 -0.0974126 3.47563
210.521 -0.0947912 3.47306
210.421 -0.0921697 3.47049
210.321 -0.0895483 3.46792
210.222 -0.0869269 3.46535
210.122 -0.0843055 3.46279
210.023 -0.0816841 3.46022
209.924 -0.0790626 3.45765
209.825 -0.0764412 3.45508
209.726 -0.0738198 3.45251
209.627 -0.0711984 3.44995
209.528 -0.068577 3.44738
209.429 -0.0659555 3.44481
209.33 -0.0633341 3.44224
209.232 -0.0607127 3.43967
209.133 -0.0580913 3.43711
209.035 -0.0554699 3.43454
208.937 -0.0528484 3.43197
208.838 -0.050227 3.4294
208.74 -0.0476056 3.42683
208.642 -0.0449842 3.42426
208.544 -0.0423628 3.4217
208.446 -0.0397413 3.41913
208.349 -0.0371199 3.41656
208.251 -0.0344985 3.41399
208.153 -0.0318771 3.41142
208.056 -0.0292556 3.40886
207.958 -0.0266342 3.40629
207.861 -0.0240128 3.40372
207.764 -0.0213914 3.40115
207.667 -0.01877 3.39858
207.57 -0.0161485 3.39602
207.473 -0.0135271 3.39345
207.376 -0.0109057 3.39088
207.279 -0.0076053 3.39052
207.183 -0.00414892 3.39067
207.086 -0.000692546 3.39082
206.989 0.00276383 3.39097
206.893 0.00622021 3.39112
206.797 0.00967658 3.39127
206.7 0.013133 3.39142
206.604 0.0165893 3.39157
206.508 0.0200457 3.39172
206.412 0.0235021 3.39187
206.316 0.0269585 3.39201
206.221 0.0304148 3.39216
206.125 0.0338712 3.39231
206.029 0.0373276 3.39246
205.934 0.040784 3.39261
205.838 0.0442403 3.39276
205.743 0.0476967 3.39291
205.648 0.0511531 3.39306
205.553 0.0546095 3.39321
205.458 0.0580658 3.39336
205.363 0.0615222 3.39351
205.268 0.0649786 3.39366
205.173 0.068435 3.39381
205.078 0.0718913 3.39396
204.984 0.0753477 3.39411
204.889 0.0788041 3.39425
204.795 0.0822605 3.3944
204.7 0.0857168 3.39455
204.606 0.0891732 3.3947
204.512 0.0926296 3.39485
204.418 0.096086 3.395
204.324 0.0995424 3.39515
204.23 0.102999 3.3953
204.136 0.106455 3.39545
204.042 0.109911 3.3956
203.948 0.113368 3.39575
203.855 0.116824 3.3959
203.761 0.120281 3.39605
203.668 0.123737 3.3962
203.575 0.127193 3.39635
203.481 0.13065 3.3965
203.388 0.134106 3.39664
203.295 0.137562 3.39679
203.202 0.139431 3.39549
203.109 0.14096 3.39389
203.016 0.142489 3.39228
202.924 0.144018 3.39067
202.831 0.145547 3.38906
202.738 0.147075 3.38745
202.646 0.148604 3.38584
202.553 0.150133 3.38423
202.461 0.151662 3.38262
202.369 0.153191 3.38102
202.277 0.15472 3.37941
202.185 0.156249 3.3778
202.093 0.157778 3.37619
202.001 0.159307 3.37458
201.909 0.160836 3.37297
201.817 0.162365 3.37136
201.726 0.163894 3.36975
201.634 0.165423 3.36815
201.543 0.166952 3.36654
201.451 0.168481 3.36493
201.36 0.17001 3.36332
201.269 0.171539 3.36171
201.178 0.173067 3.3601
201.086 0.174596 3.35849
200.995 0.176125 3.35688
200.905 0.177654 3.35528
200.814 0.179183 3.35367
200.723 0.180712 3.35206
200.632 0.182241 3.35045
200.542 0.18377 3.34884
200.451 0.185299 3.34723
200.361 0.186828 3.34562
200.271 0.188357 3.34401
200.18 0.189886 3.3424
200.09 0.191415 3.3408
200 0.192944 3.33919
