2.0664E-07	1.2541E+00	1.7728E+00
2.0767E-07	1.2603E+00	1.7923E+00
2.0870E-07	1.2668E+00	1.8121E+00
2.0975E-07	1.2737E+00	1.8324E+00
2.1081E-07	1.2808E+00	1.8530E+00
2.1188E-07	1.2882E+00	1.8740E+00
2.1295E-07	1.2960E+00	1.8955E+00
2.1404E-07	1.3042E+00	1.9174E+00
2.1515E-07	1.3128E+00	1.9397E+00
2.1626E-07	1.3218E+00	1.9625E+00
2.1738E-07	1.3312E+00	1.9859E+00
2.1852E-07	1.3411E+00	2.0097E+00
2.1967E-07	1.3515E+00	2.0340E+00
2.2083E-07	1.3625E+00	2.0588E+00
2.2200E-07	1.3740E+00	2.0842E+00
2.2318E-07	1.3862E+00	2.1102E+00
2.2438E-07	1.3990E+00	2.1368E+00
2.2559E-07	1.4126E+00	2.1639E+00
2.2681E-07	1.4270E+00	2.1917E+00
2.2805E-07	1.4421E+00	2.2201E+00
2.2930E-07	1.4582E+00	2.2491E+00
2.3057E-07	1.4753E+00	2.2788E+00
2.3184E-07	1.4934E+00	2.3091E+00
2.3314E-07	1.5126E+00	2.3401E+00
2.3444E-07	1.5330E+00	2.3718E+00
2.3577E-07	1.5548E+00	2.4041E+00
2.3710E-07	1.5781E+00	2.4371E+00
2.3845E-07	1.6028E+00	2.4708E+00
2.3982E-07	1.6293E+00	2.5050E+00
2.4120E-07	1.6576E+00	2.5398E+00
2.4260E-07	1.6878E+00	2.5752E+00
2.4402E-07	1.7202E+00	2.6110E+00
2.4545E-07	1.7549E+00	2.6472E+00
2.4690E-07	1.7921E+00	2.6837E+00
2.4837E-07	1.8320E+00	2.7203E+00
2.4985E-07	1.8747E+00	2.7570E+00
2.5135E-07	1.9206E+00	2.7933E+00
2.5287E-07	1.9697E+00	2.8293E+00
2.5441E-07	2.0224E+00	2.8645E+00
2.5597E-07	2.0787E+00	2.8985E+00
2.5755E-07	2.1388E+00	2.9312E+00
2.5914E-07	2.2030E+00	2.9618E+00
2.6076E-07	2.2712E+00	2.9900E+00
2.6239E-07	2.3434E+00	3.0151E+00
2.6405E-07	2.4197E+00	3.0365E+00
2.6573E-07	2.4997E+00	3.0536E+00
2.6743E-07	2.5832E+00	3.0655E+00
2.6915E-07	2.6698E+00	3.0716E+00
2.7089E-07	2.7587E+00	3.0712E+00
2.7266E-07	2.8492E+00	3.0637E+00
2.7445E-07	2.9403E+00	3.0486E+00
2.7626E-07	3.0309E+00	3.0256E+00
2.7810E-07	3.1197E+00	2.9947E+00
2.7996E-07	3.2056E+00	2.9560E+00
2.8185E-07	3.2873E+00	2.9100E+00
2.8376E-07	3.3636E+00	2.8574E+00
2.8570E-07	3.4336E+00	2.7991E+00
2.8766E-07	3.4967E+00	2.7363E+00
2.8966E-07	3.5522E+00	2.6702E+00
2.9168E-07	3.6000E+00	2.6020E+00
2.9372E-07	3.6402E+00	2.5330E+00
2.9580E-07	3.6730E+00	2.4643E+00
2.9791E-07	3.6989E+00	2.3970E+00
3.0005E-07	3.7185E+00	2.3318E+00
3.0222E-07	3.7325E+00	2.2695E+00
3.0442E-07	3.7417E+00	2.2105E+00
3.0665E-07	3.7467E+00	2.1552E+00
3.0891E-07	3.7484E+00	2.1039E+00
3.1121E-07	3.7473E+00	2.0565E+00
3.1354E-07	3.7442E+00	2.0131E+00
3.1591E-07	3.7395E+00	1.9737E+00
3.1832E-07	3.7338E+00	1.9381E+00
3.2076E-07	3.7275E+00	1.9062E+00
3.2324E-07	3.7210E+00	1.8777E+00
3.2576E-07	3.7146E+00	1.8524E+00
3.2831E-07	3.7087E+00	1.8302E+00
3.3091E-07	3.7034E+00	1.8109E+00
3.3355E-07	3.6989E+00	1.7942E+00
3.3623E-07	3.6955E+00	1.7799E+00
3.3896E-07	3.6932E+00	1.7678E+00
3.4173E-07	3.6923E+00	1.7578E+00
3.4454E-07	3.6928E+00	1.7496E+00
3.4741E-07	3.6947E+00	1.7432E+00
3.5032E-07	3.6983E+00	1.7382E+00
3.5328E-07	3.7036E+00	1.7347E+00
3.5629E-07	3.7106E+00	1.7325E+00
3.5935E-07	3.7194E+00	1.7313E+00
3.6246E-07	3.7300E+00	1.7312E+00
3.6563E-07	3.7426E+00	1.7320E+00
3.6886E-07	3.7573E+00	1.7335E+00
3.7214E-07	3.7740E+00	1.7357E+00
3.7548E-07	3.7928E+00	1.7386E+00
3.7888E-07	3.8139E+00	1.7419E+00
3.8235E-07	3.8374E+00	1.7456E+00
3.8588E-07	3.8632E+00	1.7496E+00
3.8947E-07	3.8916E+00	1.7538E+00
3.9313E-07	3.9226E+00	1.7582E+00
3.9686E-07	3.9564E+00	1.7626E+00
4.0066E-07	3.9931E+00	1.7670E+00
4.0454E-07	4.0328E+00	1.7713E+00
4.0849E-07	4.0756E+00	1.7755E+00
4.1252E-07	4.1216E+00	1.7795E+00
4.1663E-07	4.1705E+00	1.7835E+00
4.2082E-07	4.2222E+00	1.7875E+00
4.2510E-07	4.2758E+00	1.7919E+00
4.2947E-07	4.3300E+00	1.7971E+00
4.3392E-07	4.3832E+00	1.8040E+00
4.3847E-07	4.4160E+00	1.7691E+00
4.4312E-07	4.4163E+00	1.6587E+00
4.4786E-07	4.4364E+00	1.6034E+00
4.5271E-07	4.4611E+00	1.5622E+00
4.5767E-07	4.4891E+00	1.5283E+00
4.6273E-07	4.5191E+00	1.4992E+00
4.6791E-07	4.5490E+00	1.4742E+00
4.7320E-07	4.5746E+00	1.4534E+00
4.7862E-07	4.5909E+00	1.4380E+00
4.8416E-07	4.7107E+00	1.7698E+00
4.8983E-07	4.6092E+00	1.5138E+00
4.9564E-07	4.5265E+00	1.3304E+00
5.0158E-07	4.4463E+00	1.1689E+00
5.0767E-07	4.3682E+00	1.0161E+00
5.1391E-07	4.2935E+00	8.6563E-01
5.2030E-07	4.2264E+00	7.3073E-01
5.2686E-07	4.1844E+00	7.2078E-01
5.3358E-07	4.1443E+00	7.1021E-01
5.4048E-07	4.1062E+00	6.9901E-01
5.4756E-07	4.0703E+00	6.8717E-01
5.5482E-07	4.0363E+00	6.7470E-01
5.6228E-07	4.0042E+00	6.6162E-01
5.6994E-07	3.9738E+00	6.4796E-01
5.7782E-07	3.9450E+00	6.3374E-01
5.8591E-07	3.9176E+00	6.1898E-01
5.9424E-07	3.8917E+00	6.0373E-01
6.0281E-07	3.8670E+00	5.8799E-01
6.1162E-07	3.8436E+00	5.7179E-01
6.2070E-07	3.8212E+00	5.5517E-01
6.3005E-07	3.7999E+00	5.3814E-01
6.3969E-07	3.7795E+00	5.2074E-01
6.4963E-07	3.7601E+00	5.0298E-01
6.5988E-07	3.7416E+00	4.8491E-01
6.7046E-07	3.7240E+00	4.6655E-01
6.8138E-07	3.7071E+00	4.4795E-01
6.9267E-07	3.6911E+00	4.2913E-01
7.0433E-07	3.6758E+00	4.1014E-01
7.1640E-07	3.6613E+00	3.9102E-01
7.2889E-07	3.6475E+00	3.7184E-01
7.4182E-07	3.6344E+00	3.5264E-01
7.5521E-07	3.6220E+00	3.3350E-01
7.6910E-07	3.6104E+00	3.1448E-01
7.8351E-07	3.5994E+00	2.9567E-01
7.9847E-07	3.5891E+00	2.7716E-01
8.1402E-07	3.5794E+00	2.5904E-01
8.3018E-07	3.5705E+00	2.4145E-01
8.4699E-07	3.5622E+00	2.2450E-01
8.6450E-07	3.5546E+00	2.0834E-01
8.8275E-07	3.5477E+00	1.9314E-01
9.0179E-07	3.5415E+00	1.7909E-01
9.2166E-07	3.5360E+00	1.6638E-01
9.4243E-07	3.5312E+00	1.5525E-01
9.6416E-07	3.5271E+00	1.4597E-01
9.8691E-07	3.5238E+00	1.3883E-01
1.0108E-06	3.5212E+00	1.3417E-01
1.0358E-06	3.5194E+00	1.3232E-01
1.0621E-06	3.5184E+00	1.3144E-01
1.0898E-06	3.5182E+00	1.2998E-01
1.1190E-06	3.5187E+00	1.2766E-01
1.1497E-06	3.5201E+00	1.2390E-01
1.1822E-06	3.5223E+00	1.1656E-01
1.2166E-06	3.5137E+00	1.0917E-01
1.2531E-06	3.5106E+00	1.0848E-01
1.2918E-06	3.5098E+00	1.0723E-01
1.3329E-06	3.5106E+00	1.0526E-01
1.3768E-06	3.5127E+00	1.0232E-01
1.4237E-06	3.5162E+00	9.8017E-02
1.4739E-06	3.5211E+00	9.1720E-02
1.5277E-06	3.5276E+00	8.2274E-02
1.5857E-06	3.5356E+00	6.6993E-02
1.6482E-06	3.5455E+00	3.0846E-02
1.7158E-06	3.5041E+00	1.6086E-02
1.7892E-06	3.4886E+00	1.5428E-02
1.8692E-06	3.4776E+00	1.4754E-02
1.9566E-06	3.4688E+00	1.4075E-02
2.0527E-06	3.4614E+00	1.3395E-02
2.1586E-06	3.4549E+00	1.2716E-02
2.2761E-06	3.4492E+00	1.2039E-02
2.4071E-06	3.4442E+00	1.1364E-02
2.5541E-06	3.4396E+00	1.0692E-02
2.7203E-06	3.4354E+00	1.0022E-02
2.9095E-06	3.4317E+00	9.3559E-03
3.1271E-06	3.4283E+00	8.6921E-03
3.3798E-06	3.4252E+00	8.0310E-03
3.6770E-06	3.4225E+00	7.3723E-03
4.0315E-06	3.4200E+00	6.7161E-03
4.4616E-06	3.4177E+00	6.0620E-03
4.9945E-06	3.4158E+00	5.4098E-03
5.6719E-06	3.4140E+00	4.7595E-03
6.5619E-06	3.4125E+00	4.1108E-03
7.7832E-06	3.4113E+00	3.4634E-03
9.5631E-06	3.4102E+00	2.8173E-03
1.2398E-05	3.4094E+00	2.1720E-03