3e-07 0.0
3.869565217391304e-07 0.0
3.88628762541806e-07 0.0
3.9030100334448156e-07 2.1348883884830805e-05
3.919732441471572e-07 0.00013934698379647337
3.9364548494983274e-07 0.0002563242714749281
3.9531772575250833e-07 0.0003722912193416805
3.969899665551839e-07 0.00048725817915240555
3.986622073578595e-07 0.0006012353831935657
4.003344481605351e-07 0.0007004078011094705
4.020066889632107e-07 0.0007436819371444692
4.036789297658863e-07 0.0007866116473542739
4.0535117056856184e-07 0.0008292005309968875
4.0702341137123743e-07 0.0008714521419508348
4.08695652173913e-07 0.0009133699893291158
4.103678929765886e-07 0.0009549575380859432
4.120401337792642e-07 0.0009962182096127092
4.137123745819398e-07 0.0010371553823258495
4.153846153846154e-07 0.0010777723922580362
4.1705685618729093e-07 0.0011180725336288333
4.187290969899665e-07 0.0011580590594183482
4.204013377926421e-07 0.0011977351819267845
4.220735785953177e-07 0.0012371040733325511
4.237458193979933e-07 0.0012761688662381587
4.2541806020066884e-07 0.001314932654218337
4.270903010033445e-07 0.0013533984923469466
4.2876254180602e-07 0.0013915693977321064
4.3043478260869567e-07 0.0014294483500328914
4.321070234113712e-07 0.0014670382919761416
4.337792642140468e-07 0.0015043421298607251
4.354515050167224e-07 0.0015413627340640224
4.37123745819398e-07 0.0015781029395337542
4.387959866220736e-07 0.001614565546272706
4.404682274247491e-07 0.0016507533198237834
4.4214046822742476e-07 0.001686668991744189
4.438127090301003e-07 0.001722315260070273
4.454849498327759e-07 0.0017576947897843809
4.471571906354515e-07 0.0017928102132664936
4.488294314381271e-07 0.0018276641307456432
4.5050167224080267e-07 0.0018622007142711228
4.521739130434782e-07 0.0018963393968086661
4.5384615384615386e-07 0.0019302161546732588
4.555183946488294e-07 0.0019638335088227876
4.57190635451505e-07 0.001997193950528664
4.588628762541806e-07 0.0020302999417581846
4.605351170568562e-07 0.0020631539155538947
4.6220735785953177e-07 0.002095758276412285
4.638795986622073e-07 0.002128115400656494
4.6555183946488295e-07 0.00216022763679824
4.672240802675585e-07 0.002192097305905749
4.688963210702341e-07 0.002223726701959139
4.705685618729097e-07 0.0022551180922040226
4.7224080267558527e-07 0.0022862737175018966
4.7391304347826086e-07 0.0023171957926696463
4.755852842809364e-07 0.002347916118950355
4.77257525083612e-07 0.0023784639592427936
4.789297658862876e-07 0.002408787272998647
4.806020066889632e-07 0.002438888158650232
4.822742474916388e-07 0.0024687686902229444
4.839464882943143e-07 0.0024984309176503405
4.8561872909699e-07 0.0025278768671042062
4.872909698996655e-07 0.002557108541298425
4.889632107023411e-07 0.0025861279198060583
4.906354515050167e-07 0.0026149369593657656
4.923076923076923e-07 0.0026435375941782358
4.939799331103679e-07 0.002671931736211386
4.956521739130435e-07 0.002700121275488021
4.97324414715719e-07 0.0027281080803797098
4.989966555183946e-07 0.002755893997890113
5.006688963210702e-07 0.0028424493359395786
5.023411371237458e-07 0.0030164887505810256
5.040133779264214e-07 0.0031892389457154335
5.05685618729097e-07 0.0033607118814914516
5.073578595317725e-07 0.003530919379752917
5.090301003344481e-07 0.0036998731258622852
5.107023411371238e-07 0.0038675846705067407
5.123745819397993e-07 0.004034065431478107
5.140468227424749e-07 0.0041993266954247765
5.157190635451505e-07 0.004363379619580665
5.173913043478261e-07 0.004526235233474951
5.190635451505017e-07 0.004687904440609958
5.207357859531772e-07 0.0048483980201211585
5.224080267558528e-07 0.005007726628414089
5.240802675585284e-07 0.005165900800771728
5.25752508361204e-07 0.005400506157648199
5.274247491638796e-07 0.005727625731590247
5.290969899665551e-07 0.006052025654562532
5.307692307692307e-07 0.006373731078325839
5.324414715719063e-07 0.006692766870457056
5.34113712374582e-07 0.007009157617876793
5.357859531772575e-07 0.007322927630331488
5.374581939799331e-07 0.0076341009438414265
5.391304347826086e-07 0.007942701324103574
5.408026755852842e-07 0.00824875226985311
5.424749163879599e-07 0.008552277016187437
5.441471571906354e-07 0.008853298537844334
5.45819397993311e-07 0.009151839552453245
5.474916387959866e-07 0.00944792252372506
5.491638795986623e-07 0.00974156966462858
5.508361204013378e-07 0.01084820567001632
5.525083612040133e-07 0.012753033306940553
5.541806020066889e-07 0.014635978988025933
5.558528428093645e-07 0.016497355814349746
5.575250836120402e-07 0.01833747114576756
5.591973244147157e-07 0.020156626726769544
5.608695652173912e-07 0.021955118809163898
5.625418060200669e-07 0.023733238271647195
5.642140468227424e-07 0.025491270736383354
5.658862876254181e-07 0.02722949668264596
5.675585284280936e-07 0.02898779303777288
5.692307692307692e-07 0.030734533536202924
5.709030100334448e-07 0.032467182115629156
5.725752508361204e-07 0.03418591762798606
5.74247491638796e-07 0.035890915934508216
5.759197324414715e-07 0.03842732153125772
5.775919732441471e-07 0.04164348107101101
5.792642140468227e-07 0.044848429191121086
5.809364548494984e-07 0.04804196598262633
5.826086956521739e-07 0.04980482722670743
5.842809364548494e-07 0.04908121871088145
5.859531772575251e-07 0.048352837979227514
5.876254180602006e-07 0.0476197150253127
5.892976588628763e-07 0.04688187962175716
5.909698996655518e-07 0.04613936132591334
5.926421404682273e-07 0.04539218948541701
5.94314381270903e-07 0.04464039324363267
5.959866220735786e-07 0.043884001544972406
5.976588628762542e-07 0.04312304314011228
5.993311036789297e-07 0.0423575465910947
6.010033444816053e-07 0.04071681035353336
6.026755852842809e-07 0.038497498141771946
6.043478260869565e-07 0.0362817274650995
6.060200668896321e-07 0.034069531548267085
6.076923076923076e-07 0.031860943239881645
6.093645484949833e-07 0.02965599501576821
6.110367892976589e-07 0.027454718982292126
6.127090301003345e-07 0.02525714687964964
6.1438127090301e-07 0.023063310085129518
6.160535117056855e-07 0.0208732396163398
6.177257525083612e-07 0.018686966134409233
6.193979933110368e-07 0.01650451994714819
6.210702341137124e-07 0.01432593101218893
6.227424749163879e-07 0.012151228940089687
6.244147157190634e-07 0.009980442997407413
6.260869565217391e-07 0.00900488582741299
6.277591973244147e-07 0.008672967143906751
6.294314381270903e-07 0.008342839939374569
6.311036789297658e-07 0.008014494108183667
6.327759197324415e-07 0.007687919607078486
6.344481605351171e-07 0.007363106454893131
6.361204013377926e-07 0.007040044732269601
6.377926421404682e-07 0.006718724581364466
6.394648829431437e-07 0.00639913620555721
6.411371237458194e-07 0.006081269869156136
6.42809364548495e-07 0.005765115897105599
6.444816053511706e-07 0.005450664674679695
6.461538461538461e-07 0.00513790664719016
6.478260869565217e-07 0.004826832319676733
6.494983277591973e-07 0.004517432256614273
6.511705685618729e-07 0.0043749916875763795
6.528428093645485e-07 0.004303965318427028
6.54515050167224e-07 0.004233318471719261
6.561872909698996e-07 0.00416304863803918
6.578595317725753e-07 0.004093153328628363
6.595317725752508e-07 0.004023630075192575
6.612040133779264e-07 0.003954476429709586
6.628762541806019e-07 0.0038856899642379927
6.645484949832776e-07 0.003817268270732588
6.662207357859532e-07 0.0037492089608611723
6.678929765886287e-07 0.003681509665811711
6.695652173913043e-07 0.0036141680361191364
6.712374581939799e-07 0.0035471817414807205
6.729096989966556e-07 0.0034805484705791034
6.745819397993311e-07 0.0034142659309033263
6.762541806020067e-07 0.003306425432656912
6.779264214046822e-07 0.0031851771921130867
6.795986622073578e-07 0.0030645170291686563
6.812709030100335e-07 0.0029444411633170464
6.82943143812709e-07 0.002824945845085969
6.846153846153846e-07 0.002706027355727225
6.862876254180601e-07 0.0025876820069287154
6.879598662207357e-07 0.0024699061405105693
6.896321070234114e-07 0.0023526961281390424
6.913043478260869e-07 0.002236048371034749
6.929765886287625e-07 0.0021199592996893335
6.946488294314381e-07 0.0020044253735824746
6.963210702341138e-07 0.0018894430809007767
6.979933110367893e-07 0.001775008938264766
6.996655518394648e-07 0.001661119490452334
7.013377926421404e-07 0.0014169197800267819
7.03010033444816e-07 0.0011410693493840718
7.046822742474917e-07 0.00086633293276972
7.063545150501672e-07 0.0005927039597938277
7.080267558528427e-07 0.00032017591011224145
7.096989966555184e-07 4.8742312968363954e-05
7.113712374581939e-07 0.0
7.130434782608696e-07 0.0
7.147157190635451e-07 0.0
