1100    87.54771398
1110    87.54771398
1117	87.54771398
1118	87.45425638
1119	87.32234257
1120	87.18035294
1121	87.03861663
1122	86.89713296
1123	86.75590124
1124	86.61492079
1125	86.47419092
1126	86.03888995
1127	85.40640586
1128	84.77504311
1129	84.14479851
1130	83.50591417
1131	82.7053869
1132	81.90627315
1133	81.10857188
1134	80.31227839
1135	79.64358995
1136	79.1137123
1137	78.58476682
1138	78.05675279
1139	77.52966475
1140	77.00350007
1141	76.4782599
1142	75.91958107
1143	74.93872445
1144	74.27282979
1145	74.79153351
1146	75.30933412
1147	75.82622823
1148	76.34222427
1149	76.85732143
1150	77.65376807
1151	78.6575166
1152	79.65951795
1153	80.65978703
1154	81.65831574
1155	84.36195435
1156	85.02047836
1157	85.3682138
1158	85.71534644
1159	86.06188187
1160	86.40781856
1161	86.75315997
1162	87.09790726
1163	87.43596739
1164	87.75044842
1165	88.06438789
1166	88.37778959
1167	88.69065522
1168	89.00298308
1169	89.31477768
1170	89.53182133
1171	89.6126645
1172	89.69336992
1173	89.77393794
1174	89.85436859
1175	89.93466212
1176	90.01481926
1177	89.99449224
1178	89.88507597
1179	89.77584577
1180	89.66680056
1181	89.5579399
1182	89.44926333
1183	89.34077041
1184	89.17713006
1185	88.97172714
1186	88.76667048
1187	88.56195922
1188	88.35759252
1189	88.16571679
1190	87.98429679
1191	87.80318142
1192	87.62236994
1193	87.44186159
1194	87.26165561
1195	87.08175126
1196	86.86979415
1197	86.61715605
1198	86.36493974
1199	86.11314416
1200	85.86176824
1201	85.61081093
1202	85.42332127
1203	85.39554996
1204	85.36782477
1205	85.34014559
1206	85.3125123
1207	85.28492477
1208	85.25738304
1209	85.22988684
1210	85.20570441
1211	85.31659059
1212	85.43432266
1213	85.55186068
1214	85.66920448
1215	85.78635531
1216	85.90331367
1217	86.02008006
1218	86.13665424
1219	86.25303711
1220	86.3692295
1221	86.48523188
1222	86.71883928
1223	87.16175617
1224	87.60395097
1225	88.04542131
1226	88.4861722
1227	88.92620665
1228	89.27449547
1229	89.46092711
1230	89.64705605
1231	89.83288152
1232	90.01840643
1233	90.20362954
1234	90.38855285
1235	90.57317686
1236	90.75750158
1237	90.7915034
1238	90.75738795
1239	90.72332731
1240	90.68932189
1241	90.65537098
1242	90.62147505
1243	90.58763337
1244	90.55384635
1245	90.5201134
1246	90.48643475
1247	90.45281003
1248	90.41923919
1249	90.38572219
1250	90.3522586
1251	90.31884882
1252	90.28549221
1253	90.25218886
1254	90.21893874
1255	90.18574143
1256	90.15259711
1257	90.11950554
1258	90.07072098
1259	90.01109283
1260	89.95155938
1261	89.89212015
1262	89.83277509
1263	89.77352431
1264	89.71436712
1265	89.65530329
1266	89.59633289
1267	89.53745575
1268	89.47867135
1269	89.41997949
1270	89.36419814
1271	89.36766263
1272	89.37123424
1273	89.37480024
1274	89.37836066
1275	89.38191549
1276	89.38546475
1277	89.38900843
1278	89.39254657
1279	89.39607919
1280	89.39960628
1281	89.40312787
1282	89.40664397
1283	89.41015458
1284	89.41365973
1285	89.41715942
1286	89.42065367
1287	89.38222389
1288	89.32659507
1289	89.27105258
1290	89.21559618
1291	89.16022569
1292	89.1049409
1293	89.04974161
1294	88.99462763
1295	88.93959878
1296	88.88465491
1297	88.82979577
1298	88.77502116
1299	88.72033088
1300	88.66572473
1301	88.61120252
1302	88.55676404
1303	88.50240909
1304	88.44813748
1305	88.41180671
1306	88.38202536
1307	88.35228971
1308	88.32259953
1309	88.2929547
1310	88.26335509
1311	88.23380059
1312	88.2042911
1313	88.1748267
1314	88.14540716
1315	88.11603231
1316	88.08670204
1317	88.05741626
1318	88.02817514
1319	87.99897828
1320	87.96982557
1321	87.94243832
1322	87.91568616
1323	87.88897435
1324	87.86230278
1325	87.83567157
1326	87.80908058
1327	87.78252955
1328	87.75601852
1329	87.7295475
1330	87.70311616
1331	87.67672456
1332	87.65037269
1333	87.62406019
1334	87.59778728
1335	87.5715537
1336	87.54535924
1337	87.51920423
1338	87.48997951
1339	87.42483583
1340	87.35978932
1341	87.29483962
1342	87.2299871
1343	87.16523058
1344	87.10057115
1345	87.0360072
1346	86.97153979
1347	86.90716755
1348	86.84289131
1349	86.77870988
1350	86.73685244
1351	86.71987119
1352	86.7029152
1353	86.6859841
1354	86.66907821
1355	86.6521971
1356	86.63534103
1357	86.61850971
1358	86.60170321
1359	86.58492146
1360	86.5681643
1361	86.55143191
1362	86.53472396
1363	86.49692991
1364	86.4176825
1365	86.33855064
1366	86.25953555
1367	86.18063557
1368	86.10185068
1369	86.02318157
1370	85.94462685
1371	85.86618651
1372	85.78786117
1373	85.70964954
1374	85.63155137
1375	85.55356757
1376	85.47569685
1377	85.39793892
1378	85.32029397
1379	85.23579288
1380	85.12849004
1381	85.02134224
1382	84.9143498
1383	84.80751249
1384	84.70082928
1385	84.59429984
1386	84.48792388
1387	84.38170219
1388	84.27563337
1389	84.21886613
1390	84.18725307
1391	84.15568542
1392	84.12416323
1393	84.09268638
1394	84.06125464
1395	84.02986793
1396	83.99852616
1397	83.96722923
1398	83.93597704
1399	83.90476959
1400	83.87360681
1401	83.8424885
1402	83.81141457
1403	83.78038491
1404	83.74494351
1405	83.70130143
1406	83.65772141
1407	83.61420334
1408	83.57074708
1409	83.5273525
1410	83.48401948
1411	83.44074788
1412	83.39753758
1413	83.35438844
1414	83.31130034
1415	83.26827315
1416	83.22530674
1417	83.18240097
1418	83.13955573
1419	83.09677088
1420	83.05404629
1421	83.02308269
1422	83.0259403
1423	83.0287939
1424	83.0316435
1425	83.03448909
1426	83.03733069
1427	83.04016832
1428	83.04300196
1429	83.04583165
1430	83.04865738
1431	83.05147914
1432	83.05429697
1433	83.05711086
1434	83.05992084
1435	83.0627269
1436	83.06552905
1437	83.06832731
1438	83.07112167
1439	83.07391213
1440	83.08746631
1441	83.13111434
1442	83.17470192
1443	83.21822917
1444	83.26169574
1445	83.30510225
1446	83.34844884
1447	83.39173564
1448	83.43496259
1449	83.47812961
1450	83.52123724
1451	83.56428561
1452	83.60727471
1453	83.65020428
1454	83.69307497
1455	83.73588693
1456	83.77863995
1457	83.82133409
1458	83.86396988
1459	83.90654744
1460	83.95373833
1461	84.00238299
1462	84.0509614
1463	84.09947291
1464	84.1479183
1465	84.1962979
1466	84.244611
1467	84.2928584
1468	84.34104046
1469	84.38915625
1470	84.43720695
1471	84.48519245
1472	84.53311233
1473	84.5809676
1474	84.62875761
1475	84.67648289
1476	84.7241438
1477	84.77173964
1478	84.81927161
1479	84.86673885
1480	84.91414221
1481	84.96148153
1482	85.00875682
1483	85.0784833
1484	85.16458958
1485	85.25058103
1486	85.33645539
1487	85.4222155
1488	85.50785921
1489	85.59338893
1490	85.67880289
1491	85.76410319
1492	85.84928826
1493	85.93436015
1494	86.01931717
1495	86.10416163
1496	86.18889146
1497	86.27350932
1498	86.35801296
1499	86.40866888
1500	86.44564139
1501	86.48256484
1502	86.51943909
1503	86.55626417
1504	86.59304058
1505	86.62976766
1506	86.6664464
1507	86.70307613
1508	86.73965742
1509	86.77619038
1510	86.81267459
1511	86.84911089
1512	86.88549873
1513	86.92183849
1514	86.95813059
1515	86.99437425
1516	87.03057036
1517	87.06671896
1518	87.10281946
1519	87.13887273
1520	87.1748787
1521	87.2108369
1522	87.24674812
1523	87.2826124
1524	87.3184291
1525	87.35419906
1526	87.38992238
1527	87.42559858
1528	87.46122809
1529	87.49681121
1530	87.51205119
1531	87.51451625
1532	87.51697811
1533	87.51943677
1534	87.52189222
1535	87.52434445
1536	87.5267935
1537	87.52923938
1538	87.53168207
1539	87.53412157
1540	87.53655791
1541	87.53899109
1542	87.54142113
1543	87.543848
1544	87.54627172
1545	87.54869231
1546	87.55110978
1547	87.55352413
1548	87.55593535
1549	87.55834344
1550	87.55911562
1551	87.55605866
1552	87.55300564
1553	87.54995654
1554	87.54691137
1555	87.54387013
1556	87.5408328
1557	87.53779937
1558	87.53476983
1559	87.53174417
1560	87.52872239
1561	87.52570448
1562	87.52269043
1563	87.51968025
1564	87.51667392
1565	87.51367143
1566	87.51067278
1567	87.50767795
1568	87.50468694
1569	87.50169974
1570	87.49871635
1571	87.49573675
1572	87.49276095
1573	87.48978893
1574	87.48682068
1575	87.4838562
1576	87.48089549
1577	87.47793853
1578	87.47498532
1579	87.47203585
1580	87.46909011
1581	87.4661481
1582	87.46320981
1583	87.46027523
1584	87.45734436
1585	87.45441719
1586	87.45149371
1587	87.44857391
1588	87.44565779
1589	87.44274534
1590	87.43983655
1591	87.43693143
1592	87.43402995
1593	87.43113211
1594	87.4282379
1595	87.42534733
1596	87.42246038
1597	87.41957704
1598	87.4166973
1599	87.41382117
1600	87.22572178
1601	86.9697721
1602	86.7141418
1603	86.45883024
1604	86.2038368
1605	85.94916085
1606	85.69480175
1607	85.44075889
1608	85.18703163
1609	84.87181579
1610	84.50524345
1611	84.13912563
1612	83.77346141
1613	83.4082499
1614	83.04349016
1615	82.6791813
1616	82.31532605
1617	81.95192152
1618	81.57487246
1619	81.15625387
1620	80.73815087
1621	80.32056349
1622	79.90349547
1623	79.48694003
1624	79.07089613
1625	78.65536271
1626	78.24034091
1627	77.82583315
1628	76.11511955
1629	74.2108271
1630	73.03640868
1631	71.93285104
1632	70.83064332
1633	69.88727853
1634	69.79336527
1635	69.69956805
1636	69.60588535
1637	69.51231654
1638	69.41886143
1639	69.32552193
1640	69.23229564
1641	69.13918232
1642	69.04618282
1643	68.95329712
1644	68.86052371
1645	68.76786256
1646	68.67531553
1647	68.58288009
1648	68.49055602
1649	68.39834539
1650	68.94296288
1651	69.88930335
1652	66.34146199
1653	60.55745179
1654	54.78037484
1655	49.01037079
1656	46.36427616
1657	44.69246059
1658	43.02269615
1659	41.35063475
1660	39.35332701
1661	37.28978511
1662	35.22869981
1663	33.17010902
1664	28.67206904
1665	23.89949136
1666	22.60256384
1667	21.61231479
1668	20.62325688
1669	19.67145805
1670	19.38680143
1671	19.1781895
1672	18.96982372
1673	18.76170908
1674	18.55384225
1675	18.34622289
1676	18.13885315
1677	17.93172751
1678	17.72485298
1679	17.53052796
1680	18.08960686
1681	18.7096989
1682	19.32904836
1683	19.9476651
1684	20.56554592
1685	21.182693
1686	21.79910983
1687	22.42271422
1688	23.5485232
1689	24.77494722
1690	25.99992995
1691	27.22345326
1692	29.48404553
1693	32.05157312
1694	33.87337839
1695	35.4110669
1696	36.9469487
1697	38.48101708
1698	40.06587387
1699	41.68125084
1700	43.29471712
1701	44.90630312
1702	46.51597265
1703	48.12378267
1704	49.96140445
1705	52.11350532
1706	53.64964363
1707	54.0301673
1708	54.41024488
1709	54.78987591
1710	55.16906793
1711	55.54780926
1712	55.88807
1713	55.92837967
1714	55.96163411
1715	55.99484999
1716	56.02802667
1717	56.06116524
1718	56.0942648
1719	56.12732599
1720	56.16034907
1721	56.73135555
1722	57.55991204
1723	58.38750408
1724	59.21413063
1725	60.03981
1726	60.86452173
1727	61.75838057
1728	62.80693887
1729	63.85426373
1730	64.90038675
1731	65.90363431
1732	65.96873355
1733	66.0318679
1734	66.09493013
1735	66.15791832
1736	66.22083453
1737	66.28367897
1738	66.34645002
1739	66.40914917
1740	66.12665219
1741	65.40076925
1742	64.67572244
1743	63.9515009
1744	63.29932106
1745	63.26348665
1746	63.22769299
1747	63.19194001
1748	63.15622832
1749	63.12055755
1750	63.08492727
1751	63.04933743
1752	63.01378886
1753	62.97828068
1754	62.94281274
1755	62.90738499
1756	62.87199827
1757	62.83665162
1758	62.80134497
1759	62.76607826
1760	62.73085211
1761	62.69566595
1762	62.66051954
1763	62.62541282
1764	62.59034597
1765	62.59766736
1766	63.20381482
1767	63.85331374
1768	64.50208083
1769	65.15011083
1770	66.14320063
1771	67.4344876
1772	68.39450434
1773	68.57178043
1774	68.74885686
1775	68.92573131
1776	69.10240719
1777	69.27888481
1778	69.45516446
1779	69.63124645
1780	69.80713063
1781	69.91186804
1782	69.83650146
1783	69.76121922
1784	69.6860212
1785	69.61090726
1786	69.53587728
1787	69.46093138
1788	69.38607004
1789	69.31129224
1790	69.23659786
1791	69.16198675
1792	69.0874588
1793	69.01301388
1794	68.93865185
1795	68.89569309
1796	68.87468807
1797	68.85370648
1798	68.8327482
1799	68.8118132
1800	68.79090144
1801	68.77001288
1802	68.74914749
1803	68.72830523
1804	68.70748606
1805	68.68668996
1806	68.67001783
1807	68.7441614
1808	68.82091054
1809	68.89757457
1810	68.97415393
1811	69.05064876
1812	69.12705918
1813	69.20338534
1814	69.27962737
1815	69.3557854
1816	69.43185958
1817	69.50785003
1818	69.5837569
1819	69.65958031
1820	69.74483757
1821	69.99943367
1822	70.27804968
1823	70.55636003
1824	70.83436521
1825	71.0617337
1826	71.06346644
1827	71.06519728
1828	71.06692624
1829	71.0686533
1830	71.07037847
1831	71.07210176
1832	71.07382317
1833	71.0755427
1834	71.07726035
1835	71.07897614
1836	71.08069005
1837	71.0824021
1838	71.08411229
1839	71.08582061
1840	71.08752708
1841	71.0892317
1842	71.09093447
1843	71.09263539
1844	71.09433447
1845	71.09603169
1846	71.09772707
1847	71.09942062
1848	71.10111234
1849	71.10280223
1850	71.10449029
1851	71.10617653
1852	71.10786095
1853	71.10954355
1854	71.11122435
1855	71.11290333
1856	71.11478733
1857	71.16062823
1858	71.223158
1859	71.28562058
1860	71.34801608
1861	71.41034461
1862	71.47260629
1863	71.53480125
1864	71.59692959
1865	71.65899143
1866	71.72098643
1867	71.78291458
1868	71.84477656
1869	71.90657248
1870	71.96830245
1871	72.02996661
1872	72.09156505
1873	72.15309768
1874	72.33595394
1875	72.75589936
1876	73.1753984
1877	73.59445183
1878	74.01306046
1879	74.31301524
1880	74.34932305
1881	74.38559229
1882	74.42182313
1883	74.45801564
1884	74.49416988
1885	74.53028574
1886	74.56636277
1887	74.60240172
1888	74.63840267
1889	74.6743657
1890	74.71029083
1891	74.74617722
1892	74.78202587
1893	74.81783684
1894	74.85309295
1895	74.88029688
1896	74.90747165
1897	74.93461795
1898	74.96173582
1899	74.98882533
1900	75.01588593
1901	75.04291798
1902	75.06992182
1903	75.09689748
1904	75.12384464
1905	75.15076322
1906	75.17765376
1907	75.20451633
1908	75.23135065
1909	75.25815648
1910	75.28493449
1911	75.31168472
1912	75.33840676
1913	75.36510061
1914	75.39176683
1915	75.43030201
1916	75.49196363
1917	75.55356098
1918	75.61509478
1919	75.67656473
1920	75.73796929
1921	75.79931063
1922	75.86058888
1923	75.92180235
1924	75.98295219
1925	76.04403927
1926	76.10506277
1927	76.16602204
1928	76.2232639
1929	76.26074478
1930	76.29818586
1931	76.33558868
1932	76.37295334
1933	76.41027825
1934	76.44756503
1935	76.48481385
1936	76.52202322
1937	76.55919454
1938	76.59632811
1939	76.63342239
1940	76.67047883
1941	76.70749772
1942	76.74447736
1943	76.78141949
1944	76.81832411
1945	76.85518972
1946	76.89201813
1947	76.92880884
1948	76.9655611
1949	77.00227637
1950	77.0389536
1951	77.07559309
1952	77.1121958
1953	77.14876001
1954	77.1852873
1955	77.22177754
1956	77.25822966
1957	77.29464534
1958	77.32551526
1959	77.35097005
1960	77.3763993
1961	77.40180187
1962	77.42717914
1963	77.45253026
1964	77.47785556
1965	77.50315551
1966	77.52842902
1967	77.55367748
1968	77.57889979
1969	77.60409671
1970	77.62926819
1971	77.65441373
1972	77.67953447
1973	77.70462882
1974	77.72969844
1975	77.75474228
1976	77.77976095
1977	77.80475441
1978	77.82972229
1979	77.85466549
1980	77.87958275
1981	77.90447564
1982	77.92934262
1983	77.95418515
1984	77.9790022
1985	78.00379454
1986	78.02856178
1987	78.05330409
1988	78.07802165
1989	78.1027141
1990	78.1273821
1991	78.14679855
1992	78.1341289
1993	78.12015748
1994	78.10619966
1995	78.09225629
1996	78.0783264
1997	78.06441098
1998	78.05050896
1999	78.03662139
2000	78.02274716
2001	78.00888735
2002	77.99504084
2003	77.98120869
2004	77.96738983
2005	77.95358526
2006	77.93979396
2007	77.92601687
2008	77.91225308
2009	77.89850337
2010	77.88476701
2011	77.87104459
2012	77.85733559
2013	77.84364037
2014	77.82995865
2015	77.81629053
2016	77.80263602
2017	77.78899491
2018	77.77536755
2019	77.76175334
2020	77.74815305
2021	77.73456576
2022	77.72099237
2023	77.70743205
2024	77.69388533
2025	77.68035191
2026	77.66683178
2027	77.65332518
2028	77.63983155
2029	77.62635169
2030	77.61288471
2031	77.59943129
2032	77.58599094
2033	77.57256379
2034	77.55915002
2035	77.54574905
2036	77.53236177
2037	77.51898727
2038	77.50562603
2039	77.49227793
2040	77.47894263
2041	77.46562085
2042	77.45231176
2043	77.43776989
2044	77.39049856
2045	77.33327356
2046	77.27610658
2047	77.21899398
2048	77.16193754
2049	77.10493727
2050	77.04799118
2051	76.99110245
2052	76.93426825
2053	76.87748882
2054	76.8207662
2055	76.76409743
2056	76.7074843
2057	76.65092666
2058	76.59442268
2059	76.53797501
2060	76.48158173
2061	76.42524191
2062	76.36895887
2063	76.31272929
2064	76.25655339
2065	76.20043374
2066	76.14436725
2067	76.08835454
2068	76.03239753
2069	75.97649348
2070	75.92064314
2071	75.86979905
2072	75.82221222
2073	75.774671
2074	75.72717687
2075	75.67972763
2076	75.6323236
2077	75.58496668
2078	75.53765448
2079	75.49038695
2080	75.44316666
2081	75.39599097
2082	75.34885978
2083	75.30177503
2084	75.25473529
2085	75.2077399
2086	75.16078997
2087	75.11388565
2088	75.06702551
2089	75.02020968
2090	74.97344024
2091	74.92671481
2092	74.88003336
2093	74.61326054
2094	74.33511033
2095	74.05722163
2096	73.77959454
2097	73.50224206
2098	73.22515012
2099	72.94831843
2100	72.67175157
2101	72.39545315
2102	72.07907996
2103	71.72710102
2104	71.37546196
2105	71.02415987
2106	70.67318707
2107	70.3225432
2108	69.97223882
2109	69.62226803
2110	69.27262491
2111	68.92330909
2112	68.57433016
2113	68.22568366
2114	67.87736322
2115	66.79164669
2116	65.5613382
2117	64.33220998
2118	62.97362067
2119	61.54210072
2120	60.11192249
2121	58.68313521
2122	57.25568092
2123	55.82955807
2124	54.26270957
2125	52.24025493
2126	50.20816514
2127	48.13952384
2128	45.78912201
2129	43.39772019
2130	41.0086204
2131	38.6217622
2132	36.23712412
2133	33.85470357
2134	30.51838082
2135	26.24517665
2136	21.97597148
2137	18.64145494
2138	18.13335814
2139	17.62573296
2140	17.11858906
2141	16.6119236
2142	16.10572792
2143	15.60000144
2144	15.09474361
2145	14.58995388
2146	14.08564839
2147	13.83644584
2148	13.94014039
2149	14.04373901
2150	14.14724182
2151	14.25064893
2152	14.35395716
2153	14.45716995
2154	14.56028742
2155	14.66330969
2156	14.76623687
2157	14.86906908
2158	14.97180478
2159	15.07444437
2160	15.17698936
2161	15.27943987
2162	15.38179602
2163	15.48405793
2164	15.58622571
2165	15.68829817
2166	15.79027528
2167	15.89215864
2168	15.99394837
2169	16.09564458
2170	16.34598885
2171	17.18452373
2172	18.0689202
2173	18.95249295
2174	19.83524617
2175	20.71719019
2176	21.59832602
2177	22.47865465
2178	23.35817709
2179	24.23689434
2180	25.12366837
2181	26.14552174
2182	27.17624743
2183	28.20601984
2184	29.23485144
2185	30.26274341
2186	31.28969693
2187	32.31571317
2188	33.3407933
2189	34.36493851
2190	35.38814998
2191	37.14968626
2192	39.14017169
2193	41.12882895
2194	42.72479321
2195	43.52715133
2196	44.32877977
2197	45.12967944
2198	45.92985129
2199	46.72929623
2200	47.52801519
2201	48.49068245
2202	49.66703719
2203	50.84232487
2204	52.01654686
2205	53.18970453
2206	54.36179925
2207	55.53283239
2208	55.97588391
2209	55.67572131
2210	55.37583014
2211	55.07621005
2212	54.77686069
2213	54.47778171
2214	54.17897276
2215	53.88043349
2216	53.58216354
2217	53.28416256
2218	52.98643021
2219	52.68896613
2220	52.39176997
2221	52.09484137
2222	52.10978419
2223	52.45811062
2224	52.80612384
2225	53.15382426
2226	53.5012123
2227	53.84828836
2228	54.19505286
2229	54.54150622
2230	54.88764885
2231	55.23348115
2232	55.57900355
2233	55.92421645
2234	56.26912028
2235	56.61371543
2236	56.95800233
2237	57.30198138
2238	57.64565301
2239	57.98901762
2240	58.33207562
2241	58.67482744
2242	59.01727348
2243	59.22753067
2244	58.94560118
2245	58.618519
2246	58.29172807
2247	57.96522801
2248	57.63901842
2249	57.3130989
2250	56.98746906
2251	56.6621285
2252	56.33707682
2253	56.01231364
2254	55.68783856
2255	55.36365117
2256	55.03975109
2257	54.71613792
2258	53.79478455
2259	52.57126465
2260	51.34882694
2261	50.12746991
2262	48.90719206
2263	47.6879919
2264	46.46986792
2265	45.11555026
2266	43.52158554
2267	41.92841392
2268	40.33664637
2269	38.74628095
2270	37.15731567
2271	35.56974859
2272	33.79602543
2273	30.95130436
2274	27.93652781
2275	24.92439846
2276	22.79776774
2277	22.57198991
2278	22.34641001
2279	22.12102775
2280	21.89584287
2281	21.67085732
2282	21.44607055
2283	21.22148039
2284	20.99708658
2285	20.77288882
2286	20.54888684
2287	20.32508035
2288	20.10146909
2289	19.87805275
2290	19.65483108
2291	19.43180377
2292	19.20897065
2293	18.98633647
2294	18.76389591
2295	18.79422524
2296	18.94873667
2297	19.10311397
2298	19.25735731
2299	19.4114669
2300	19.56544293
2301	19.71928561
2302	19.87299329
2303	20.02656556
2304	20.18000499
2305	20.33331177
2306	20.4864861
2307	20.63952818
2308	20.7924382
2309	20.94521636
2310	21.09786269
2311	21.25037293
2312	21.40275183
2313	21.55499959
2314	21.18186898
2315	20.59989274
2316	20.01841644
2317	19.43743933
2318	18.85696989
2319	18.27700911
2320	17.69754553
2321	17.11857839
2322	16.54010694
2323	15.96213045
2324	15.38464815
2325	14.80767022
2326	14.23119596
2327	13.65521391
2328	13.07972331
2329	12.65289399
2330	12.53545754
2331	12.41812122
2332	12.30088939
2333	12.1837573
2334	12.06672481
2335	11.94979176
2336	11.83295799
2337	11.71622336
2338	11.59959247
2339	11.48306076
2340	11.36662777
2341	11.25029336
2342	11.13405736
2343	11.0179206
2344	10.90188634
2345	10.89177194
2346	10.92144718
2347	10.95109739
2348	10.98072261
2349	11.01032187
2350	11.03989578
2351	11.06944479
2352	11.09896897
2353	11.12846833
2354	11.15794225
2355	11.1873906
2356	11.21681426
2357	11.24621324
2358	11.27558761
2359	11.30493673
2360	11.33426039
2361	11.36355953
2362	11.39283419
2363	11.4220844
2364	11.4513093
2365	11.48050911
2366	11.50968459
2367	11.53883577
2368	11.56796269
2369	11.59706391
2370	11.62614073
2371	11.6551934
2372	11.69942777
2373	11.94843007
2374	12.23209824
2375	12.51553136
2376	12.79872982
2377	13.081694
2378	13.36440799
2379	13.64688709
2380	13.92913294
2381	14.21114592
2382	14.49291478
2383	14.77444501
2384	15.06607611
2385	15.47532288
2386	15.92834218
2387	16.38097341
2388	16.83323289
2389	17.28512125
2390	17.73662673
2391	18.18774387
2392	18.63849153
2393	18.77332561
2394	18.7422629
2395	18.7112268
2396	18.68021606
2397	18.64923062
2398	18.61827165
2399	18.58733893
2400	18.5564314
2401	18.52554901
2402	18.49469342
2403	18.46386349
2404	18.4330586
2405	18.40227873
2406	18.37152611
2407	18.34079841
2408	18.31009558
2409	18.1731267
2410	17.68355306
2411	17.17862972
2412	16.67411394
2413	16.17003602
2414	15.66637341
2415	15.1631165
2416	14.6602749
2417	14.17241668
2418	13.89367597
2419	13.66431075
2420	13.43514456
2421	13.20616609
2422	12.97737108
2423	12.74876671
2424	12.52035703
2425	12.29212996
2426	12.06408593
2427	11.83624276
2428	11.60858134
2429	11.38110136
2430	10.92369406
2431	10.01857121
2432	9.087253611
2433	8.156716552
2434	7.343367681
2435	6.979586527
2436	6.691465838
2437	6.403592032
2438	6.115946072
2439	5.828530965
2440	5.541366126
2441	5.254428038
2442	4.967716634
2443	4.681257856
2444	4.395024735
2445	4.109016862
2446	3.823259531
2447	3.67100657
2448	3.825329942
2449	3.979518739
2450	4.133585181
2451	4.287530969
2452	4.441342569
2453	4.595032407
2454	4.748602182
2455	4.902037604
2456	5.055352408
2457	5.208547557
2458	5.361608002
2459	5.514549345
2460	5.66736996
2461	5.820057923
2462	5.972627376
2463	6.125074474
2464	6.277391527
2465	6.429590662
2466	6.58166526
2467	6.733612974
2468	6.885443362
2469	7.037146477
2470	7.188726424
2471	7.340189637
2472	7.491522286
2473	7.834512154
2474	8.496125183
2475	9.157164562
2476	9.817696998
2477	10.45066304
2478	10.77770917
2479	11.07774132
2480	11.37752067
2481	11.67706058
2482	11.90353196
2483	12.08333606
2484	12.26300324
2485	12.44252578
2486	12.80843983
2487	13.69611099
2488	14.61752941
2489	15.5382234
2490	16.45820195
2491	17.37739279
2492	18.29588872
2493	19.21362532
2494	20.13062415
2495	21.04692716
2496	21.41340508
2497	21.67578408
2498	21.93794931
2499	22.19990174
2500	22.46165761
2501	22.72318454
2502	22.98451556
2503	23.2030407
2504	23.34527946
2505	23.4825133
2506	23.6196279
2507	23.75664027
2508	23.89354023
2509	24.03033103
2510	24.1670174
2511	24.30358718
2512	24.44005563
2513	24.57640966
2514	24.71265801
2515	24.84879939
2516	24.98482821
2517	25.1207566
2518	25.24915171
2519	25.34603194
2520	25.43619823
2521	25.52629327
2522	25.61631903
2523	25.70626946
2524	25.79615392
2525	25.88596112
2526	25.97570158
2527	26.06536888
2528	26.15496571
2529	26.24449335
2530	26.33394692
2531	26.42333515
2532	26.51264585
2533	26.60035644
2534	26.6050262
2535	26.52605203
2536	26.44714067
2537	26.36829227
2538	26.28950371
2539	26.21078073
2540	26.13211475
2541	26.05351686
2542	25.97497557
2543	25.89650012
2544	25.81808338
2545	25.73972996
2546	25.66143744
2547	25.58320583
2548	25.50503719
2549	25.42692719
2550	25.34888209
2551	25.27089347
2552	24.98927536
2553	24.62466974
2554	24.260375
2555	23.8963438
2556	23.53261484
2557	23.17551507
2558	22.93559394
2559	22.77363726
2560	22.61180853
2561	22.45010612
2562	22.28852856
2563	22.12707972
2564	21.96575288
2565	21.80455691
2566	21.64348035
2567	21.48253654
2568	21.53101019
2569	21.73925129
2570	21.94868169
2571	22.15793502
2572	22.36704073
2573	22.57596791
2574	22.78474952
2575	22.99335147
2576	23.20180868
2577	23.41008719
2578	23.90001851
2579	24.60882448
2580	25.31713504
2581	26.0248435
2582	26.44140707
2583	26.68496867
2584	26.92836003
2585	27.17154469
2586	27.41455996
2587	27.65736836
2588	27.90000861
2589	28.14244144
2590	28.38470742
2591	28.62676569
2592	28.86865703
2593	29.11034285
2594	29.35186024
2595	29.59317468
2596	29.83431881
2597	30.07526293
2598	30.31603448
2599	30.55660937
2600	30.5784174
2601	30.32419999
2602	30.0571245
2603	29.79025909
2604	29.52359589
2605	29.25713774
2606	28.99088608
2607	28.724834
2608	28.45899311
2609	28.19334591
2610	27.93621019
2611	27.72389503
2612	27.52448861
2613	27.32521942
2614	27.12611903
2615	26.92715698
2616	26.72835818
2617	26.5297027
2618	26.3312046
2619	26.13285511
2620	25.9346568
2621	25.74276177
2622	25.55915134
2623	25.37592462
2624	25.19282558
2625	25.00988081
2626	24.82706191
2627	24.64439373
2628	24.46185605
2629	24.279462
2630	24.09720501
2631	23.91508427
2632	23.73310745
2633	23.54786862
2634	23.23406182
2635	22.85111993
2636	22.46849378
2637	22.0861401
2638	21.70408441
2639	21.32231783
2640	20.94083085
2641	20.55965025
2642	20.17873181
2643	19.79813448
2644	19.41780048
2645	19.03776766
2646	18.65801698
2647	18.27854691
2648	17.89937844
2649	17.5204707
2650	17.14188199
2651	16.76355492
2652	16.38552476
2653	16.00777724
2654	15.63030388
2655	15.27333291
2656	14.99951163
2657	14.75041863
2658	14.50150247
2659	14.25277497
2660	14.00423965
2661	13.75587649
2662	13.50772126
2663	13.25973658
2664	13.01194542
2665	12.76433981
2666	12.51691021
2667	12.26968294
2668	12.02262556
2669	11.49892087
2670	10.92674432
2671	10.35497919
2672	9.783676119
2673	9.769475873
2674	10.52222782
2675	11.31405392
2676	12.10531204
2677	12.89593048
2678	13.68600586
2679	14.6121664
2680	16.19326373
2681	17.85231713
2682	19.51001212
2683	20.90926646
2684	20.36830077
2685	19.57984759
2686	18.79193579
2687	18.00468028
2688	17.881095
2689	18.49285334
2690	19.14436889
2691	19.7954372
2692	20.44598502
2693	21.09606336
2694	21.74568342
2695	22.39477377
2696	23.04341867
2697	23.69157352
2698	24.34154196
2699	25.06590523
2700	25.82437133
2701	26.58229442
2702	27.33968623
2703	28.09645931
2704	28.85271326
2705	29.60840586
2706	30.36351301
2707	31.11810224
2708	31.87210271
2709	32.62554834
2710	33.37847728
2711	34.1604978
2712	35.13055695
2713	36.19234621
2714	37.25327395
2715	38.3134744
2716	39.37289927
2717	40.43149576
2718	41.48936666
2719	42.54643715
2720	43.44077012
2721	44.01729343
2722	44.55829624
2723	45.09890237
2724	45.63913808
2725	46.17894351
2726	46.71836348
2727	47.25741391
2728	47.79602709
2729	47.67672444
2730	46.77945097
2731	46.04839945
2732	46.04670883
2733	46.19041799
2734	46.33400988
2735	46.47750348
2736	46.62089711
2737	46.76417458
2738	46.90735399
2739	47.05043348
2740	47.19339739
2741	47.33626347
2742	47.47903019
2743	47.62168139
2744	47.764235
2745	47.90669033
2746	48.04902968
2747	48.19127168
2748	48.33341638
2749	48.47544535
2750	48.61737659
2751	48.75921077
2752	48.90093148
2753	49.04255283
2754	49.18407735
2755	49.32549117
2756	49.46680348
2757	49.6080192
2758	49.7491275
2759	49.89013163
2760	50.03103941
2761	50.17184357
2762	50.31254038
2763	50.45314108
2764	50.59364246
2765	50.63526121
2766	49.99789953
2767	48.96058964
2768	48.17021943
2769	48.01395352
2770	47.85779431
2771	47.70175463
2772	47.54582863
2773	47.39000907
2774	47.23430233
2775	47.07871529
2776	46.92323442
2777	46.76785965
2778	46.61261006
2779	46.45746692
2780	46.30242962
2781	46.14750947
2782	45.96432197
2783	45.70412076
2784	45.42534275
2785	45.14678418
2786	44.86841551
2787	44.5902366
2788	44.31227135
2789	44.03450606
2790	43.75693006
2791	43.48029758
2792	43.23381413
2793	43.02430301
2794	42.81493463
2795	42.60572554
2796	42.39666786
2797	42.18775256
2798	41.97898122
2799	41.77037569
2800	41.56191215
2801	41.35359053
2802	41.14542177
2803	40.93740871
2804	40.72953719
2805	40.52180713
2806	40.40816631
2807	40.84207543
2808	41.38873096
2809	41.9350112
2810	42.48085867
2811	43.02633499
2812	43.57144041
2813	44.11615667
2814	44.66045723
2815	45.20438784
2816	45.74794877
2817	46.2911101
2818	46.83386935
2819	47.37625985
2820	47.91828188
2821	48.45989733
2822	48.96681285
2823	45.32844189
2824	43.94484087
2825	44.64622335
2826	45.34710559
2827	46.0475121
2828	46.7474432
2829	47.44684161
2830	48.14574402
2831	48.84417226
2832	49.54212667
2833	50.23955274
2834	50.9364826
2835	51.63293985
2836	52.32892483
2837	52.9938511
2838	53.43166629
2839	53.86072892
2840	54.28950075
2841	54.71795986
2842	55.14610383
2843	55.57395776
2844	56.00152186
2845	56.42878423
2846	56.85572302
2847	57.28237275
2848	57.7087336
2849	58.1348058
2850	58.56054461
2851	58.98599462
2852	59.41115673
2853	59.83603115
2854	60.26058932
2855	60.68484411
2856	61.04054961
2857	60.50677419
2858	59.57645683
2859	58.38895134
2860	57.2303992
2861	57.42364626
2862	57.61676271
2863	57.80973413
2864	58.00256976
2865	58.19527512
2866	58.38785032
2867	58.58029241
2868	58.77258795
2869	58.96475368
2870	59.15678968
2871	59.34869606
2872	59.54046329
2873	59.73209143
2874	59.92359029
2875	60.11495997
2876	60.30620056
2877	60.49729785
2878	60.68826163
2879	60.87909667
2880	61.06980305
2881	61.26038089
2882	61.19765057
2883	61.00700408
2884	60.81648604
2885	60.62609633
2886	60.43583487
2887	60.24571956
2888	60.05573256
2889	59.86587346
2890	59.67614216
2891	59.48653857
2892	59.29707957
2893	59.10774901
2894	58.92428044
2895	58.77754512
2896	58.64773147
2897	58.5180148
2898	58.38838775
2899	58.25884784
2900	58.12939499
2901	58.00002914
2902	57.87075658
2903	57.74157635
2904	57.61248289
2905	57.48347611
2906	57.35455597
2907	57.22572413
2908	57.09698863
2909	56.96833952
2910	56.83977674
2911	56.71130021
2912	56.58290988
2913	56.45461284
2914	56.326406
2915	56.18752268
2916	56.02355284
2917	55.85236278
2918	55.68128747
2919	55.51034119
2920	55.33950983
2921	55.16879289
2922	54.99819028
2923	54.82770192
2924	54.65733005
2925	54.48708434
2926	54.31695255
2927	54.1469346
2928	53.9770304
2929	53.80723986
2930	53.63756553
2931	53.4680161
2932	53.29858001
2933	53.12427765
2934	52.85413147
2935	52.5213352
2936	52.18876222
2937	51.85643742
2938	51.52433454
2939	51.19245342
2940	50.86079387
2941	50.52935573
2942	50.19813882
2943	49.86716098
2944	49.53641205
2945	49.20588372
2946	48.87557583
2947	48.5454882
2948	48.21562066
2949	47.88542307
2950	47.51757289
2951	47.11155165
2952	46.70580089
2953	46.30032038
2954	45.89510992
2955	45.4901693
2956	45.08550877
2957	44.6811373
2958	44.27703489
2959	43.87320133
2960	43.4696364
2961	43.20854897
2962	43.03263321
2963	42.86064093
2964	42.68877165
2965	42.51701657
2966	42.3453756
2967	42.17384866
2968	42.00243566
2969	41.83113649
2970	41.65995108
2971	41.48889098
2972	41.3179447
2973	41.14711184
2974	40.97639231
2975	40.80578601
2976	40.63529287
2977	40.43036939
2978	40.16664051
2979	39.89888845
2980	39.63131378
2981	39.36391637
2982	39.09669607
2983	38.82965274
2984	38.56278624
2985	38.28664945
2986	37.94304761
2987	37.5944045
2988	37.245992
2989	36.89780993
2990	36.5498581
2991	36.20213632
2992	35.85464441
2993	35.50738219
2994	31.76585046
2995	31.31959623
2996	30.91893937
2997	30.51854704
2998	30.11841904
2999	29.71855513
3000	29.31895511
3001	28.91961875
3002	28.37796957
3003	27.13083773
3004	25.80893476
3005	24.15181916
3006	21.78721836
3007	21.15210593
3008	20.5174119
3009	19.88313592
3010	19.24927764
3011	18.61583673
3012	17.98281282
3013	17.35963911
3014	17.04183385
3015	17.36941441
3016	17.69677956
3017	18.02392948
3018	18.35086435
3019	18.67758436
3020	19.00408968
3021	19.33038049
3022	19.45617906
3023	18.88378229
3024	18.26866048
3025	17.6539423
3026	17.03962743
3027	16.42571552
3028	15.81220624
3029	15.19909925
3030	14.58639422
3031	11.35845131
3032	10.13818393
3033	9.813275567
3034	9.488583878
3035	9.164116634
3036	8.839861765
3037	8.51581909
3038	8.191988431
3039	7.871024134
3040	7.570247718
3041	7.286732729
3042	7.003403096
3043	6.720258662
3044	6.43729927
3045	6.154524762
3046	5.871935925
3047	5.589543085
3048	5.318420951
3049	5.11377801
3050	4.919414133
3051	4.725177034
3052	4.531066604
3053	4.337082735
3054	4.143225318
3055	3.949494245
3056	3.755889407
3057	3.562410696
3058	3.369058004
3059	3.175831222
3060	2.982733134
3061	2.78976533
3062	2.601785186
3063	2.450940519
3064	2.335693582
3065	2.220521557
3066	2.105424379
3067	1.990401983
3068	1.875454305
3069	1.760581279
3070	1.645782841
3071	1.531058925
3072	1.416409467
3073	1.301834402
3074	1.187333665
3075	1.072907191
3076	0.958556559
3077	0.84428218
3078	0.730081827
3079	0.615955434
3080	0.501902936
3081	0.387924268
3082	0.274019366
3083	0.197919602
3084	0.185915002
3085	0.179124437
3086	0.172338263
3087	0.165556475
3088	0.158779071
3089	0.152006045
3090	0.145237395
3091	0.138473116
3092	0.131713204
3093	0.124957656
3094	0.118206468
3095	0.111459635
3096	0.104717257
3097	0.097979296
3098	0.091245677
3099	0.084516395
3100	0.077791447
3101	0.071070829
3102	0.064354537
3103	0.057642567
3104	0.050934915
3105	0.044231578
3106	0.037532552
3107	0.030837832
3108	0.024147415
3109	0.017461296
3110	0.010779473
3111	0.004101941
3112	-0.002571304
3113	-0.009240265
3114	-0.015904947
3115	-0.022565353
3116	-0.029221487
3117	-0.035873354
3118	-0.042520956
3119	-0.049164299
3120	-0.055803385
3121	-0.062438219
3122	-0.069068804
3123	-0.075695144
3124	-0.082317244
3125	-0.088935107
3126	-0.095548641
3127	-0.102157949
3128	-0.108763034
3129	-0.1153639
3130	-0.121960551
3131	-0.128552991
3132	-0.135141224
3133	-0.141725254
3134	-0.148305085
3135	-0.154880719
3136	-0.159092853
3137	-0.154958356
3138	-0.150774784
3139	-0.146593877
3140	-0.142415632
3141	-0.138240046
3142	-0.134067117
3143	-0.129896843
3144	-0.125729222
3145	-0.12156425
3146	-0.117401925
3147	-0.113242245
3148	-0.109085207
3149	-0.104930809
3150	-0.100779048
3151	-0.096629923
3152	-0.092483429
3153	-0.088339566
3154	-0.08419833
3155	-0.080059719
3156	-0.07592373
3157	-0.071790362
3158	-0.067659611
3159	-0.063531475
3160	-0.059405952
3161	-0.055283039
3162	-0.051162734
3163	-0.047045034
3164	-0.042929937
3165	-0.03881744
3166	-0.034707541
3167	-0.030600237
3168	-0.026495526
3169	-0.022393406
3170	-0.018293873
3171	-0.014196926
3172	-0.010102562
3173	-0.006010778
3174	-0.001921572
3175	0.002165058
3176	0.006249115
3177	0.010330601
3178	0.014409519
3179	0.018485871
3180	0.022559661
3181	0.026630889
3182	0.030699559
3183	0.034765674
3184	0.038829235
3185	0.042890245
3186	0.046948707
3187	0.051004623
3188	0.055057995
3189	0.059108827
3190	0.063060332
3191	0.065939921
3192	0.065826943
3193	0.065714036
3194	0.0656012
3195	0.065488435
3196	0.065375739
3197	0.065263115
3198	0.065150561
3199	0.065038077
3200	0.064925663
3201	0.064813321
3202	0.06470105
3203	0.064588848
3204	0.064476716
3205	0.064364655
3206	0.064252663
3207	0.064140741
3208	0.064028889
3209	0.063917107
3210	0.063805394
3211	0.06369375
3212	0.063582176
3213	0.063470672
3214	0.063359237
3215	0.063247871
3216	0.063136574
3217	0.063025346
3218	0.062914188
3219	0.062803098
3220	0.062692077
3221	0.062581125
3222	0.062470242
3223	0.062359428
3224	0.062248682
3225	0.062138005
3226	0.062027396
3227	0.061916856
3228	0.061806384
3229	0.06169598
3230	0.061585645
3231	0.061475378
3232	0.061365182
3233	0.061255054
3234	0.061144994
3235	0.061035002
3236	0.060925078
3237	0.060815221
3238	0.060705433
3239	0.060595711
3240	0.060486058
3241	0.060376472
3242	0.060266953
3243	0.060157502
3244	0.060048118
3245	0.059938801
3246	0.059829552
3247	0.059720369
3248	0.059611254
3249	0.059502205
3250	0.059393223
3251	0.059284309
3252	0.059175463
3253	0.059066685
3254	0.058957975
3255	0.058849331
3256	0.058740753
3257	0.058632242
3258	0.058523797
3259	0.058415419
3260	0.058307106
3261	0.05819886
3262	0.05809068
3263	0.057982567
3264	0.057874519
3265	0.057766536
3266	0.05765862
3267	0.05755077
3268	0.057442985
3269	0.057335269
3270	0.05722762
3271	0.057120037
3272	0.057012519
3273	0.056905066
3274	0.056797679
3275	0.056690357
3276	0.056583101
3277	0.056475909
3278	0.056368783
3279	0.056261721
3280	0.056154724
3281	0.056047793
3282	0.055940926
3283	0.055834123
3284	0.05572739
3285	0.055620723
3286	0.05551412
3287	0.055407581
3288	0.055301107
3289	0.055194697
3290	0.055088351
3291	0.05498207
3292	0.054875852
3293	0.054769699
3294	0.05466361
3295	0.054557584
3296	0.054451623
3297	0.054345729
3298	0.054239901
3299	0.054134137
3300	0.054028436
3301	0.053922799
3302	0.053817225
3303	0.053711715
3304	0.053606268
3305	0.053500884
3306	0.053395564
3307	0.053290307
3308	0.053185112
3309	0.053079986
3310	0.052974924
3311	0.052869925
3312	0.052764989
3313	0.052660116
3314	0.052555305
3315	0.052450557
3316	0.052345872
3317	0.052241249
3318	0.052136689
3319	0.05203219
3320	0.051927758
3321	0.051823392
3322	0.051719087
3323	0.051614845
3324	0.051510665
3325	0.051406547
3326	0.05130249
3327	0.051198496
3328	0.051094563
3329	0.050990692
3330	0.050886883
3331	0.050783143
3332	0.050679464
3333	0.050575847
3334	0.050472291
3335	0.050368797
3336	0.050265364
3337	0.050161992
3338	0.050058681
3339	0.049955431
3340	0.049852243
3341	0.049749123
3342	0.049646064
3343	0.049543066
3344	0.049440128
3345	0.049337252
3346	0.049234435
3347	0.04913168
3348	0.049028985
3349	0.04892635
3350	0.048823781
3351	0.059158616
3352	0.074877508
3353	0.09174122
3354	0.108595031
3355	0.125438951
3356	0.142272993
3357	0.159097168
3358	0.175911486
3359	0.192714986
3360	0.209508175
3361	0.226291534
3362	0.243065075
3363	0.25982881
3364	0.276582749
3365	0.293326904
3366	0.310061287
3367	0.326785871
3368	0.343499234
3369	0.360202851
3370	0.376896733
3371	0.393580892
3372	0.410255339
3373	0.426920086
3374	0.443575143
3375	0.460220523
3376	0.476855144
3377	0.493479629
3378	0.510094462
3379	0.526699656
3380	0.543295221
3381	0.559881169
3382	0.576457511
3383	0.593024259
3384	0.609580363
3385	0.63785312
3386	0.704110597
3387	0.781966036
3388	0.85977651
3389	0.937542071
3390	1.015262773
3391	1.092938671
3392	1.17056296
3393	1.248141462
3394	1.325675284
3395	1.403164479
3396	1.480609102
3397	1.558009205
3398	1.635364843
3399	1.712673533
3400	1.789932222
3401	1.867146569
3402	1.94431663
3403	2.021442457
3404	2.098524104
3405	2.175593865
3406	2.252834311
3407	2.339470098
3408	2.426056018
3409	2.512592453
3410	2.599079463
3411	2.685517109
3412	2.77190545
3413	2.858244547
3414	2.944526539
3415	3.030757557
3416	3.116939473
3417	3.203072345
3418	3.289156235
3419	3.375191203
3420	3.46117731
3421	3.547106229
3422	3.632984759
3423	3.718814568
3424	3.804595716
3425	3.890328264
3426	3.976012271
3427	4.061647518
3428	4.147224371
3429	4.232752825
3430	4.31823294
3431	4.403664777
3432	4.489048395
3433	4.574383855
3434	4.659667357
3435	4.734104512
3436	4.805333229
3437	4.875738815
3438	4.946104789
3439	5.016431203
3440	5.086718105
3441	5.156957996
3442	5.227157113
3443	5.297316834
3444	5.367437211
3445	5.437518293
3446	5.50756013
3447	5.577558564
3448	5.647512964
3449	5.717428235
3450	5.787304428
3451	5.82938877
3452	5.816108062
3453	5.789029653
3454	5.761969216
3455	5.734923865
3456	5.707893579
3457	5.680878341
3458	5.65387813
3459	5.626893128
3460	5.599926587
3461	5.572975029
3462	5.546038434
3463	5.519116782
3464	5.492210055
3465	5.465318297
3466	5.438445104
3467	5.411586791
3468	5.384743337
3469	5.357914723
3470	5.331100931
3471	5.304302256
3472	5.277521863
3473	5.250756245
3474	5.224005384
3475	5.197269259
3476	5.170547853
3477	5.1438421
3478	5.117153957
3479	5.090480486
3480	5.063821669
3481	5.037177485
3482	5.010547916
3483	4.983934924
3484	4.957338483
3485	4.930756611
3486	4.904189288
3487	4.877636497
3488	4.851098216
3489	4.824577823
3490	4.798072535
3491	4.771581713
3492	4.745105337
3493	4.718643389
3494	4.692196959
3495	4.665767893
3496	4.639353209
3497	4.612952888
3498	4.586717528
3499	4.561145471
3500	4.540352301
3501	4.519571135
3502	4.498801235
3503	4.478042585
3504	4.457295171
3505	4.436560173
3506	4.41583851
3507	4.395128045
3508	4.374428766
3509	4.353740655
3510	4.333063749
3511	4.312401302
3512	4.291749988
3513	4.271109793
3514	4.250480701
3515	4.229862696
3516	4.209258289
3517	4.188665841
3518	4.168084445
3519	4.147514086
3520	4.126954748
3521	4.106408249
3522	4.096656146
3523	4.090819225
3524	4.086345186
3525	4.081873537
3526	4.077404568
3527	4.072938455
3528	4.068474724
3529	4.064013372
3530	4.059554395
3531	4.055098021
3532	4.050644561
3533	4.046193469
3534	4.041744741
3535	4.037298374
3536	4.032854577
3537	4.028413708
3538	4.023975193
3539	4.019539026
3540	4.015105206
3541	4.010673969
3542	4.00624563
3543	4.001819628
3544	3.997395962
3545	3.992974627
3546	3.988555932
3547	3.984140058
3548	3.979726509
3549	3.97531528
3550	3.970906369
3551	3.966500198
3552	3.962096728
3553	3.957695569
3554	3.953296715
3555	3.948900165
3556	3.9445065
3557	3.940115373
3558	3.935726541
3559	3.93134
3560	3.926955749
3561	3.922574573
3562	3.918195725
3563	3.913819158
3564	3.909444869
3565	3.905073048
3566	3.900704149
3567	3.896337519
3568	3.891973155
3569	3.887611054
3570	3.883251691
3571	3.878894961
3572	3.874540487
3573	3.870188264
3574	3.865867626
3575	3.863099199
3576	3.880003897
3577	3.903784431
3578	3.927552713
3579	3.951307093
3580	3.975046143
3581	3.998772982
3582	4.02248763
3583	4.046190104
3584	4.06987653
3585	4.093549876
3586	4.117211091
3587	4.140860193
3588	4.164495717
3589	4.18811577
3590	4.211723753
3591	4.235319684
3592	4.258903581
3593	4.282471321
3594	4.306026272
3595	4.32560175
3596	4.340294264
3597	4.353606015
3598	4.366909363
3599	4.380205959
3600	4.393495812
3601	4.406778853
3602	4.420052411
3603	4.43331925
3604	4.44657938
3605	4.459832813
3606	4.473077623
3607	4.486314819
3608	4.499545341
3609	4.5127692
3610	4.525985372
3611	4.539193039
3612	4.552394066
3613	4.565588465
3614	4.578776031
3615	4.591954282
3616	4.605125928
3617	4.618290979
3618	4.631449446
3619	4.644598919
3620	4.657741297
3621	4.670877115
3622	4.684006384
3623	4.697127322
3624	4.710240546
3625	4.723347245
3626	4.736447429
3627	4.749539864
3628	4.762624048
3629	4.775701741
3630	4.788772953
3631	4.801836916
3632	4.814892173
3633	4.827940974
3634	4.840983328
3635	4.85401885
3636	4.867045294
3637	4.880065316
3638	4.89521867
3639	4.915049628
3640	4.948674672
3641	4.982425369
3642	5.016159497
3643	5.049877084
3644	5.083570426
3645	5.117246949
3646	5.150906992
3647	5.184550583
3648	5.218170305
3649	5.251772948
3650	5.285359202
3651	5.318929093
3652	5.352475275
3653	5.386004335
3654	5.419517094
3655	5.453013579
3656	5.486486303
3657	5.519942074
3658	5.553381634
3659	5.586805009
3660	5.620204355
3661	5.653587132
3662	5.686953788
3663	5.720304259
3664	5.753630397
3665	5.786940476
3666	5.820234522
3667	5.85351175
3668	5.886765395
3669	5.92000307
3670	5.953224803
3671	5.986428867
3672	6.019610315
3673	6.052775883
3674	6.085925597
3675	6.119056578
3676	6.152166124
3677	6.185259879
3678	6.218337871
3679	6.251395849
3680	6.284433788
3681	6.317456025
3682	6.350462589
3683	6.383447645
3684	6.416414272
3685	6.449365288
3686	6.482300719
3687	6.515212934
3688	6.548108544
3689	6.580988633
3690	6.613852331
3691	6.64669268
3692	6.679517569
3693	6.712327026
3694	6.745118018
3695	6.777887851
3696	6.810642314
3697	6.843381435
3698	6.876099799
3699	6.908799413
3700	6.941483745
3701	6.974152824
3702	7.006798643
3703	7.039428331
3704	7.072042828
3705	7.104640327
3706	7.137215514
3707	7.169775572
3708	7.202320529
3709	7.234845616
3710	7.267351379
3711	7.299842103
3712	7.332317815
3713	7.36477057
3714	7.397207204
3715	7.429628889
3716	7.462033468
3717	7.494416156
3718	7.526783956
3719	7.559136897
3720	7.591469279
3721	7.623783338
3722	7.656082601
3723	7.688366896
3724	7.720627358
3725	7.752873085
3726	7.785104104
3727	7.817316336
3728	7.849508671
3729	7.881686361
3730	7.913849432
3731	7.945989682
3732	7.978114185
3733	8.019012638
3734	8.084406788
3735	8.194902388
3736	8.31209257
3737	8.429229867
3738	8.546286579
3739	8.663283603
3740	8.780227973
3741	8.897109745
3742	9.013914136
3743	9.130666101
3744	9.247365738
3745	9.363985345
3746	9.480545429
3747	9.597053413
3748	9.713498407
3749	9.829867133
3750	9.947231055
3751	10.06602181
3752	10.18912306
3753	10.31216385
3754	10.43515002
3755	10.55806661
3756	10.68090599
3757	10.80369101
3758	10.92642176
3759	11.04906162
3760	11.17164603
3761	11.29417642
3762	11.41663195
3763	11.53901632
3764	11.6613469
3765	11.78361826
3766	11.90580313
3767	12.02793446
3768	12.15001235
3769	12.27200771
3770	12.39394034
3771	12.51581978
3772	12.6376313
3773	12.75936579
3774	12.88104733
3775	13.00267516
3776	13.26727223
3777	13.8027233
3778	14.54561994
3779	15.28803301
3780	15.87980117
3781	16.31424284
3782	16.50398825
3783	16.69361146
3784	16.88315305
3785	17.07261156
3786	17.26192834
3787	17.45116388
3788	17.63355695
3789	17.76680403
3790	17.84057522
3791	17.887097
3792	17.93359231
3793	17.980059
3794	18.02650591
3795	18.07293073
3796	18.11932267
3797	18.16569492
3798	18.21204752
3799	18.25836671
3800	18.30466451
3801	18.35094276
3802	18.3971916
3803	18.44341517
3804	18.48961928
3805	18.53579782
3806	18.58383571
3807	18.63488943
3808	18.69028463
3809	18.74564073
3810	18.80097369
3811	18.85628353
3812	18.91155225
3813	18.9667969
3814	19.02201856
3815	19.07720305
3816	19.13235966
3817	19.18749339
3818	19.24259371
3819	19.29766253
3820	19.35270859
3821	19.4077248
3822	19.4627061
3823	19.51766474
3824	19.57259691
3825	19.62749094
3826	19.68236242
3827	19.73721061
3828	19.79201763
3829	19.84680221
3830	19.9015644
3831	19.95628675
3832	20.01098468
3833	20.06566034
3834	20.12029887
3835	20.17491042
3836	20.2294998
3837	20.28405458
3838	20.33858
3839	20.39308337
3840	20.44755445
3841	20.501994
3842	20.55641161
3843	20.61079907
3844	20.665153
3845	20.7194851
3846	20.773789
3847	20.82805757
3848	20.88230443
3849	20.93652483
3850	20.9907083
3851	21.0234072
3852	21.02430701
3853	21.02037554
3854	21.01602471
3855	21.01167577
3856	21.00733002
3857	21.00298599
3858	20.99864375
3859	20.99430479
3860	20.98996753
3861	20.98563199
3862	20.98129979
3863	20.97696929
3864	20.97264049
3865	20.96831499
3866	20.96399122
3867	20.95966914
3868	20.95535033
3869	20.95103327
3870	20.9467179
3871	20.94240576
3872	20.9380954
3873	20.93378671
3874	20.92948125
3875	20.92517756
3876	20.92087554
3877	20.91657674
3878	20.86984452
3879	20.78392911
3880	20.64658776
3881	20.50930169
3882	20.37206822
3883	20.23493992
3884	20.09786538
3885	19.96084356
3886	19.82392774
3887	19.68706406
3888	19.55025505
3889	19.41354973
3890	19.27689625
3891	19.14029988
3892	19.00380439
3893	18.86736045
3894	18.73097656
3895	18.59469023
3896	18.43932234
3897	18.25555966
3898	17.93455483
3899	17.59561363
3900	17.25684036
3901	16.93371434
3902	16.6847418
3903	16.58562483
3904	16.48656968
3905	16.38755134
3906	16.28858902
3907	16.18968467
3908	16.09081691
3909	15.99200913
3910	15.89325509
3911	15.79453743
3912	15.69588407
3913	15.59727986
3914	15.49871181
3915	15.40021275
3916	15.30175788
3917	15.20333897
3918	15.10499409
3919	15.00668808
3920	14.90842024
3921	14.81022699
3922	14.71206937
3923	14.61395552
3924	14.51591038
3925	14.40872587
3926	14.28479108
3927	14.15068206
3928	14.01425145
3929	13.87789904
3930	13.74162449
3931	13.60539872
3932	13.4692605
3933	13.33319041
3934	13.1971688
3935	13.06124458
3936	12.92537828
3937	12.789561
3938	12.65384979
3939	12.51818659
3940	12.38258308
3941	12.24707459
3942	12.11161384
3943	11.97622391
3944	11.84091749
3945	11.70565849
3946	11.57048199
3947	11.43537695
3948	11.07899128
3949	8.970002494
3950	7.839919635
3951	7.501352137
3952	7.621325289
3953	7.744724677
3954	7.868068546
3955	7.991327788
3956	8.114544542
3957	8.237693439
3958	8.360770394
3959	8.483805131
3960	8.606759211
3961	8.729654496
3962	8.852507833
3963	8.97526725
3964	9.097981481
3965	9.220643625
3966	9.343218943
3967	9.465752738
3968	9.58822045
3969	9.710615679
3970	9.832969654
3971	9.955243088
3972	10.07745884
3973	10.19963362
3974	10.32171293
3975	10.44374983
3976	10.56573214
3977	10.68763136
3978	10.80949002
3979	10.93127844
3980	11.05299977
3981	11.17468081
3982	11.29627548
3983	10.98188063
3984	10.26968269
3985	9.445702151
3986	8.6143417
3987	7.78341305
3988	7.997455816
3989	8.747873979
3990	10.50768894
3991	12.26669383
3992	14.02510487
3993	11.51134787
3994	10.04626543
3995	10.33149414
3996	10.61654191
3997	10.90149784
3998	11.18627101
3999	11.47090774
4000	11.75545328
4001    11.75545328
4010    11.75545328
4200    11.75545328
