1000.25 -21.7367 40.0166
998.003 -21.6865 39.8735
995.766 -21.6363 39.7303
993.539 -21.5861 39.5872
991.321 -21.5358 39.4441
989.114 -21.4856 39.3009
986.917 -21.4354 39.1578
984.729 -21.3852 39.0146
982.551 -21.3349 38.8715
980.382 -21.2847 38.7284
978.223 -21.2345 38.5852
976.074 -21.1843 38.4421
973.934 -21.134 38.299
971.803 -21.0838 38.1558
969.682 -21.0336 38.0127
967.57 -20.9834 37.8695
965.467 -20.9331 37.7264
963.373 -20.8829 37.5833
961.289 -20.8327 37.4401
959.213 -20.7825 37.297
957.146 -20.7322 37.1538
955.088 -20.682 37.0107
953.039 -20.6304 36.8784
950.999 -20.5758 36.7686
948.967 -20.5212 36.6589
946.944 -20.4666 36.5492
944.93 -20.412 36.4395
942.924 -20.3574 36.3298
940.927 -20.3028 36.2201
938.938 -20.2482 36.1103
936.958 -20.1936 36.0006
934.986 -20.139 35.8909
933.022 -20.0844 35.7812
931.066 -20.0298 35.6715
929.119 -19.9752 35.5618
927.18 -19.9206 35.452
925.249 -19.866 35.3423
923.325 -19.8114 35.2326
921.41 -19.7568 35.1229
919.503 -19.7022 35.0132
917.604 -19.6476 34.9035
915.712 -19.593 34.7937
913.828 -19.5384 34.684
911.952 -19.4838 34.5743
910.084 -19.4292 34.4646
908.223 -19.3746 34.3549
906.37 -19.32 34.2452
904.525 -19.2654 34.1354
902.687 -19.2108 34.0257
900.856 -19.1562 33.916
899.033 -19.1016 33.8063
897.217 -19.047 33.6966
895.409 -18.9924 33.5869
893.607 -18.9378 33.4771
891.813 -18.8832 33.3674
890.027 -18.8286 33.2577
888.247 -18.774 33.148
886.474 -18.7194 33.0383
884.709 -18.6711 32.9365
882.95 -18.6289 32.8424
881.199 -18.5867 32.7483
879.454 -18.5445 32.6542
877.717 -18.5022 32.5601
875.986 -18.46 32.466
874.262 -18.4178 32.3719
872.545 -18.3756 32.2778
870.834 -18.3334 32.1837
869.13 -18.2912 32.0896
867.433 -18.249 31.9955
865.743 -18.2068 31.9013
864.059 -18.1646 31.8072
862.381 -18.1224 31.7131
860.71 -18.0802 31.619
859.046 -18.038 31.5249
857.388 -17.9958 31.4308
855.736 -17.9535 31.3367
854.091 -17.9113 31.2426
852.452 -17.8691 31.1485
850.819 -17.8269 31.0544
849.193 -17.7847 30.9603
847.572 -17.7425 30.8662
845.958 -17.7003 30.7721
844.35 -17.6581 30.678
842.749 -17.6159 30.5839
841.153 -17.5737 30.4898
839.563 -17.5315 30.3957
837.979 -17.4893 30.3016
836.402 -17.4471 30.2075
834.83 -17.4048 30.1134
833.264 -17.3626 30.0193
831.704 -17.3204 29.9252
830.149 -17.2782 29.8311
828.601 -17.236 29.737
827.058 -17.1938 29.6429
825.521 -17.1541 29.5573
823.99 -17.1158 29.4765
822.464 -17.0775 29.3957
820.944 -17.0392 29.3149
819.43 -17.0009 29.2341
817.921 -16.9626 29.1533
816.418 -16.9243 29.0725
814.92 -16.886 28.9917
813.428 -16.8478 28.9109
811.941 -16.8095 28.8301
810.46 -16.7712 28.7493
808.984 -16.7329 28.6685
807.514 -16.6946 28.5877
806.048 -16.6563 28.5068
804.588 -16.618 28.426
803.134 -16.5797 28.3452
801.684 -16.5414 28.2644
800.24 -16.5031 28.1836
798.801 -16.4648 28.1028
797.367 -16.4265 28.022
795.939 -16.3882 27.9412
794.515 -16.3499 27.8604
793.096 -16.3117 27.7796
791.683 -16.2734 27.6988
790.275 -16.2351 27.618
788.871 -16.1968 27.5372
787.473 -16.1585 27.4564
786.079 -16.1202 27.3756
784.691 -16.0819 27.2948
783.307 -16.0436 27.214
781.928 -16.0053 27.1332
780.554 -15.967 27.0524
779.185 -15.9287 26.9716
777.821 -15.8904 26.8908
776.461 -15.8521 26.8099
775.107 -15.8138 26.7291
773.756 -15.7776 26.6609
772.411 -15.7416 26.595
771.07 -15.7057 26.5291
769.734 -15.6698 26.4632
768.403 -15.6338 26.3972
767.076 -15.5979 26.3313
765.754 -15.562 26.2654
764.436 -15.526 26.1995
763.123 -15.4901 26.1335
761.814 -15.4542 26.0676
760.51 -15.4182 26.0017
759.21 -15.3823 25.9358
757.915 -15.3463 25.8698
756.624 -15.3104 25.8039
755.337 -15.2745 25.738
754.055 -15.2385 25.6721
752.777 -15.2026 25.6061
751.504 -15.1667 25.5402
750.234 -15.1307 25.4743
748.97 -15.0948 25.4084
747.709 -15.0589 25.3424
746.452 -15.0229 25.2765
745.2 -14.987 25.2106
743.952 -14.9511 25.1447
742.708 -14.9151 25.0787
741.469 -14.8792 25.0128
740.233 -14.8433 24.9469
739.002 -14.8073 24.881
737.774 -14.7714 24.815
736.551 -14.7355 24.7491
735.332 -14.6995 24.6832
734.117 -14.6636 24.6173
732.905 -14.6277 24.5513
731.698 -14.5917 24.4854
730.495 -14.5558 24.4195
729.296 -14.5199 24.3536
728.1 -14.4865 24.2945
726.909 -14.4531 24.2355
725.721 -14.4198 24.1764
724.538 -14.3864 24.1174
723.358 -14.353 24.0583
722.182 -14.3196 23.9992
721.01 -14.2863 23.9402
719.841 -14.2529 23.8811
718.677 -14.2195 23.822
717.516 -14.1862 23.763
716.359 -14.1528 23.7039
715.206 -14.1194 23.6449
714.056 -14.086 23.5858
712.91 -14.0527 23.5267
711.768 -14.0193 23.4677
710.629 -13.9859 23.4086
709.494 -13.9526 23.3496
708.363 -13.9192 23.2905
707.235 -13.8858 23.2314
706.111 -13.8524 23.1724
704.99 -13.8191 23.1133
703.873 -13.7857 23.0543
702.76 -13.7523 22.9952
701.65 -13.719 22.9361
700.543 -13.6856 22.8771
699.44 -13.6522 22.818
698.341 -13.6188 22.759
697.244 -13.5855 22.6999
696.152 -13.5521 22.6408
695.063 -13.5187 22.5818
693.977 -13.4853 22.5227
692.894 -13.452 22.4637
691.815 -13.4186 22.4046
690.739 -13.3852 22.3455
689.667 -13.3519 22.2865
688.598 -13.3204 22.2283
687.532 -13.2969 22.1736
686.47 -13.2734 22.1189
685.411 -13.25 22.0643
684.355 -13.2265 22.0096
683.302 -13.2031 21.955
682.252 -13.1796 21.9003
681.206 -13.1562 21.8457
680.163 -13.1327 21.791
679.123 -13.1092 21.7363
678.087 -13.0858 21.6817
677.053 -13.0623 21.627
676.023 -13.0389 21.5724
674.996 -13.0154 21.5177
673.972 -12.992 21.4631
672.951 -12.9685 21.4084
671.933 -12.945 21.3537
670.918 -12.9216 21.2991
669.906 -12.8981 21.2444
668.897 -12.8747 21.1898
667.892 -12.8512 21.1351
666.889 -12.8278 21.0805
665.889 -12.8043 21.0258
664.893 -12.7808 20.9711
663.899 -12.7574 20.9165
662.908 -12.7339 20.8618
661.92 -12.7105 20.8072
660.936 -12.687 20.7525
659.954 -12.6636 20.6979
658.975 -12.6401 20.6432
657.999 -12.6167 20.5886
657.025 -12.5932 20.5339
656.055 -12.5697 20.4792
655.088 -12.5463 20.4246
654.123 -12.5228 20.3699
653.161 -12.4994 20.3153
652.202 -12.4727 20.2641
651.246 -12.439 20.2206
650.293 -12.4052 20.1772
649.342 -12.3715 20.1337
648.394 -12.3377 20.0903
647.449 -12.304 20.0468
646.507 -12.2702 20.0034
645.568 -12.2365 19.9599
644.631 -12.2027 19.9165
643.697 -12.169 19.8731
642.765 -12.1352 19.8296
641.837 -12.1015 19.7862
640.91 -12.0677 19.7427
639.987 -12.034 19.6993
639.066 -12.0002 19.6558
638.148 -11.9665 19.6124
637.233 -11.9327 19.5689
636.32 -11.899 19.5255
635.41 -11.8652 19.482
634.502 -11.8315 19.4386
633.597 -11.7977 19.3951
632.695 -11.764 19.3517
631.795 -11.7302 19.3082
630.898 -11.6965 19.2648
630.003 -11.6627 19.2213
629.111 -11.629 19.1779
628.221 -11.5952 19.1344
627.334 -11.5615 19.091
626.449 -11.5277 19.0475
625.567 -11.494 19.0041
624.687 -11.4602 18.9606
623.81 -11.4265 18.9172
622.935 -11.3927 18.8737
622.063 -11.359 18.8303
621.193 -11.3252 18.7868
620.326 -11.2915 18.7434
619.461 -11.2624 18.7044
618.598 -11.2378 18.6698
617.738 -11.2132 18.6352
616.88 -11.1885 18.6006
616.025 -11.1639 18.566
615.172 -11.1393 18.5314
614.321 -11.1147 18.4968
613.472 -11.0901 18.4622
612.626 -11.0655 18.4276
611.783 -11.0408 18.393
610.941 -11.0162 18.3584
610.102 -10.9916 18.3238
609.265 -10.967 18.2892
608.431 -10.9424 18.2546
607.599 -10.9178 18.2201
606.769 -10.8932 18.1855
605.941 -10.8685 18.1509
605.116 -10.8439 18.1163
604.293 -10.8193 18.0817
603.472 -10.7947 18.0471
602.653 -10.7701 18.0125
601.836 -10.7455 17.9779
601.022 -10.7208 17.9433
600.21 -10.6962 17.9087
599.4 -10.6716 17.8741
598.593 -10.647 17.8395
597.787 -10.6224 17.8049
596.984 -10.5978 17.7703
596.182 -10.5731 17.7357
595.383 -10.5485 17.7011
594.587 -10.5239 17.6665
593.792 -10.4993 17.6319
592.999 -10.4747 17.5973
592.209 -10.4501 17.5627
591.42 -10.4254 17.5281
590.634 -10.4008 17.4935
589.849 -10.376 17.4612
589.067 -10.3512 17.4298
588.287 -10.3263 17.3985
587.509 -10.3015 17.3672
586.733 -10.2766 17.3358
585.959 -10.2517 17.3045
585.187 -10.2269 17.2731
584.417 -10.202 17.2418
583.65 -10.1771 17.2104
582.884 -10.1523 17.1791
582.12 -10.1274 17.1478
581.358 -10.1026 17.1164
580.598 -10.0777 17.0851
579.84 -10.0528 17.0537
579.085 -10.028 17.0224
578.331 -10.0031 16.991
577.579 -9.97826 16.9597
576.829 -9.95339 16.9284
576.081 -9.92853 16.897
575.335 -9.90367 16.8657
574.59 -9.87881 16.8343
573.848 -9.85395 16.803
573.108 -9.82909 16.7716
572.369 -9.80422 16.7403
571.633 -9.77936 16.709
570.898 -9.7545 16.6776
570.165 -9.72964 16.6463
569.435 -9.70478 16.6149
568.705 -9.67992 16.5836
567.978 -9.65506 16.5522
567.253 -9.63019 16.5209
566.53 -9.60533 16.4896
565.808 -9.58047 16.4582
565.088 -9.55561 16.4269
564.37 -9.53075 16.3955
563.654 -9.50589 16.3642
562.94 -9.49257 16.3375
562.227 -9.48019 16.3111
561.517 -9.46782 16.2848
560.808 -9.45545 16.2584
560.101 -9.44307 16.2321
559.396 -9.4307 16.2057
558.692 -9.41833 16.1794
557.99 -9.40595 16.153
557.29 -9.39358 16.1267
556.592 -9.38121 16.1003
555.895 -9.36883 16.074
555.201 -9.35646 16.0476
554.508 -9.34409 16.0213
553.816 -9.33171 15.9949
553.127 -9.31934 15.9686
552.439 -9.30697 15.9422
551.753 -9.29459 15.9159
551.068 -9.28222 15.8895
550.385 -9.26985 15.8632
549.704 -9.25747 15.8368
549.025 -9.2451 15.8105
548.347 -9.23273 15.7842
547.671 -9.22036 15.7578
546.997 -9.20798 15.7315
546.324 -9.19561 15.7051
545.653 -9.18324 15.6788
544.984 -9.17086 15.6524
544.316 -9.15849 15.6261
543.65 -9.14612 15.5997
542.985 -9.13374 15.5734
542.322 -9.12137 15.547
541.661 -9.109 15.5207
541.001 -9.09662 15.4943
540.343 -9.08425 15.468
539.687 -9.07188 15.4416
539.032 -9.0595 15.4153
538.379 -9.04165 15.3863
537.727 -9.02351 15.3571
537.077 -9.00537 15.328
536.428 -8.98723 15.2988
535.781 -8.96909 15.2697
535.136 -8.95095 15.2405
534.492 -8.93281 15.2114
533.85 -8.91468 15.1822
533.209 -8.89654 15.1531
532.57 -8.8784 15.124
531.932 -8.86026 15.0948
531.296 -8.84212 15.0657
530.661 -8.82398 15.0365
530.028 -8.80584 15.0074
529.396 -8.78771 14.9782
528.766 -8.76957 14.9491
528.137 -8.75143 14.9199
527.51 -8.73329 14.8908
526.885 -8.71515 14.8616
526.26 -8.69701 14.8325
525.638 -8.67887 14.8033
525.016 -8.66074 14.7742
524.397 -8.6426 14.745
523.778 -8.62446 14.7159
523.161 -8.60632 14.6867
522.546 -8.58818 14.6576
521.932 -8.57004 14.6284
521.32 -8.5519 14.5993
520.708 -8.53377 14.5702
520.099 -8.51563 14.541
519.491 -8.49749 14.5119
518.884 -8.47935 14.4827
518.278 -8.46121 14.4536
517.674 -8.44307 14.4244
517.072 -8.42493 14.3953
516.471 -8.40737 14.3666
515.871 -8.39188 14.3397
515.273 -8.37639 14.3128
514.676 -8.3609 14.2859
514.08 -8.34542 14.259
513.486 -8.32993 14.232
512.893 -8.31444 14.2051
512.301 -8.29896 14.1782
511.711 -8.28347 14.1513
511.122 -8.26798 14.1244
510.535 -8.25249 14.0975
509.949 -8.23701 14.0706
509.364 -8.22152 14.0437
508.781 -8.20603 14.0167
508.199 -8.19054 13.9898
507.618 -8.17506 13.9629
507.039 -8.15957 13.936
506.461 -8.14408 13.9091
505.884 -8.1286 13.8822
505.308 -8.11311 13.8553
504.734 -8.09762 13.8284
504.161 -8.08213 13.8014
503.59 -8.06665 13.7745
503.02 -8.05116 13.7476
502.451 -8.03567 13.7207
501.883 -8.02018 13.6938
501.317 -8.0047 13.6669
500.751 -7.98921 13.64
500.188 -7.97372 13.6131
499.625 -7.95824 13.5861
499.064 -7.94275 13.5592
498.504 -7.92726 13.5323
497.945 -7.91177 13.5054
497.387 -7.89629 13.4785
496.831 -7.8808 13.4516
496.276 -7.86531 13.4247
495.722 -7.84928 13.3992
495.17 -7.83211 13.3768
494.618 -7.81494 13.3543
494.068 -7.79776 13.3319
493.519 -7.78059 13.3095
492.972 -7.76342 13.2871
492.425 -7.74624 13.2646
491.88 -7.72907 13.2422
491.336 -7.7119 13.2198
490.793 -7.69472 13.1974
490.251 -7.67755 13.1749
489.711 -7.66038 13.1525
489.172 -7.6432 13.1301
488.634 -7.62603 13.1076
488.097 -7.60885 13.0852
487.561 -7.59168 13.0628
487.026 -7.57451 13.0404
486.493 -7.55733 13.0179
485.961 -7.54016 12.9955
485.43 -7.52299 12.9731
484.9 -7.50581 12.9507
484.371 -7.48864 12.9282
483.844 -7.47147 12.9058
483.317 -7.45429 12.8834
482.792 -7.43712 12.8609
482.268 -7.41995 12.8385
481.745 -7.40277 12.8161
481.223 -7.3856 12.7937
480.702 -7.36843 12.7712
480.183 -7.35125 12.7488
479.664 -7.33408 12.7264
479.147 -7.31691 12.704
478.63 -7.29973 12.6815
478.115 -7.28256 12.6591
477.601 -7.26539 12.6367
477.088 -7.24821 12.6142
476.576 -7.23311 12.5948
476.066 -7.21922 12.577
475.556 -7.20533 12.5592
475.047 -7.19144 12.5415
474.54 -7.17754 12.5237
474.034 -7.16365 12.5059
473.528 -7.14976 12.4881
473.024 -7.13587 12.4704
472.521 -7.12197 12.4526
472.019 -7.10808 12.4348
471.518 -7.09419 12.4171
471.018 -7.0803 12.3993
470.519 -7.0664 12.3815
470.021 -7.05251 12.3638
469.524 -7.03862 12.346
469.029 -7.02473 12.3282
468.534 -7.01083 12.3104
468.04 -6.99694 12.2927
467.548 -6.98305 12.2749
467.056 -6.96916 12.2571
466.565 -6.95526 12.2394
466.076 -6.94137 12.2216
465.587 -6.92748 12.2038
465.1 -6.91359 12.1861
464.614 -6.89969 12.1683
464.128 -6.8858 12.1505
463.644 -6.87191 12.1328
463.16 -6.85802 12.115
462.678 -6.84412 12.0972
462.197 -6.83023 12.0794
461.716 -6.81634 12.0617
461.237 -6.80245 12.0439
460.758 -6.78855 12.0261
460.281 -6.77466 12.0084
459.804 -6.76077 11.9906
459.329 -6.74687 11.9728
458.855 -6.7333 11.9554
458.381 -6.71985 11.938
457.909 -6.7064 11.9206
457.437 -6.69294 11.9033
456.966 -6.67949 11.8859
456.497 -6.66604 11.8686
456.028 -6.65259 11.8512
455.561 -6.63913 11.8338
455.094 -6.62568 11.8165
454.628 -6.61223 11.7991
454.163 -6.59877 11.7818
453.699 -6.58532 11.7644
453.237 -6.57187 11.747
452.775 -6.55842 11.7297
452.314 -6.54496 11.7123
451.853 -6.53151 11.695
451.394 -6.51806 11.6776
450.936 -6.50461 11.6602
450.479 -6.49115 11.6429
450.022 -6.4777 11.6255
449.567 -6.46425 11.6082
449.113 -6.45079 11.5908
448.659 -6.43734 11.5734
448.206 -6.42389 11.5561
447.754 -6.41044 11.5387
447.304 -6.39698 11.5214
446.854 -6.38353 11.504
446.405 -6.37008 11.4866
445.956 -6.35662 11.4693
445.509 -6.34317 11.4519
445.063 -6.32972 11.4345
444.617 -6.31627 11.4172
444.173 -6.30281 11.3998
443.729 -6.28936 11.3825
443.286 -6.27591 11.3651
442.844 -6.26245 11.3477
442.403 -6.25095 11.3317
441.963 -6.23967 11.3158
441.524 -6.22839 11.3
441.086 -6.21711 11.2841
440.648 -6.20582 11.2682
440.211 -6.19454 11.2523
439.776 -6.18326 11.2364
439.341 -6.17197 11.2206
438.907 -6.16069 11.2047
438.473 -6.14941 11.1888
438.041 -6.13813 11.1729
437.609 -6.12684 11.157
437.179 -6.11556 11.1411
436.749 -6.10428 11.1253
436.32 -6.093 11.1094
435.892 -6.08171 11.0935
435.465 -6.07043 11.0776
435.038 -6.05915 11.0617
434.612 -6.04786 11.0459
434.188 -6.03658 11.03
433.764 -6.0253 11.0141
433.341 -6.01402 10.9982
432.918 -6.00273 10.9823
432.497 -5.99145 10.9665
432.076 -5.98017 10.9506
431.656 -5.96889 10.9347
431.237 -5.9576 10.9188
430.819 -5.94632 10.9029
430.402 -5.93504 10.887
429.985 -5.92375 10.8712
429.569 -5.91247 10.8553
429.154 -5.90119 10.8394
428.74 -5.88991 10.8235
428.327 -5.87862 10.8076
427.914 -5.86734 10.7918
427.502 -5.85606 10.7759
427.091 -5.84507 10.7603
426.681 -5.83409 10.7447
426.271 -5.82311 10.7292
425.863 -5.81213 10.7136
425.455 -5.80114 10.698
425.048 -5.79016 10.6825
424.642 -5.77918 10.6669
424.236 -5.76819 10.6513
423.831 -5.75721 10.6358
423.427 -5.74623 10.6202
423.024 -5.73525 10.6046
422.622 -5.72426 10.5891
422.22 -5.71328 10.5735
421.819 -5.7023 10.5579
421.419 -5.69132 10.5424
421.019 -5.68033 10.5268
420.621 -5.66935 10.5112
420.223 -5.65837 10.4957
419.826 -5.64738 10.4801
419.429 -5.6364 10.4645
419.034 -5.62542 10.449
418.639 -5.61444 10.4334
418.245 -5.60345 10.4178
417.851 -5.59247 10.4022
417.458 -5.58149 10.3867
417.067 -5.57051 10.3711
416.675 -5.55952 10.3555
416.285 -5.54854 10.34
415.895 -5.53756 10.3244
415.506 -5.52658 10.3088
415.118 -5.51559 10.2933
414.73 -5.50461 10.2777
414.343 -5.49363 10.2621
413.957 -5.48264 10.2466
413.572 -5.47166 10.231
413.187 -5.461 10.2163
412.803 -5.45109 10.2038
412.42 -5.44119 10.1913
412.037 -5.43128 10.1788
411.656 -5.42138 10.1663
411.275 -5.41147 10.1538
410.894 -5.40157 10.1413
410.514 -5.39167 10.1288
410.135 -5.38176 10.1163
409.757 -5.37186 10.1038
409.379 -5.36195 10.0913
409.003 -5.35205 10.0788
408.626 -5.34215 10.0663
408.251 -5.33224 10.0538
407.876 -5.32234 10.0413
407.502 -5.31243 10.0287
407.128 -5.30253 10.0162
406.755 -5.29263 10.0037
406.383 -5.28272 9.99123
406.012 -5.27282 9.97872
405.641 -5.26291 9.96622
405.271 -5.25301 9.95371
404.902 -5.2431 9.94121
404.533 -5.2332 9.9287
404.165 -5.2233 9.91619
403.798 -5.21339 9.90369
403.431 -5.20349 9.89118
403.065 -5.19358 9.87868
402.699 -5.18368 9.86617
402.335 -5.17378 9.85366
401.971 -5.16387 9.84116
401.607 -5.15397 9.82865
401.244 -5.14406 9.81615
400.882 -5.13416 9.80364
400.521 -5.12426 9.79114
400.16 -5.11435 9.77863
399.8 -5.10478 9.76575
399.44 -5.09608 9.75192
399.082 -5.08737 9.73808
398.723 -5.07867 9.72424
398.366 -5.06996 9.7104
398.009 -5.06126 9.69656
397.653 -5.05255 9.68272
397.297 -5.04385 9.66889
396.942 -5.03514 9.65505
396.588 -5.02644 9.64121
396.234 -5.01773 9.62737
395.881 -5.00903 9.61353
395.528 -5.00032 9.59969
395.176 -4.99162 9.58586
394.825 -4.98291 9.57202
394.475 -4.97421 9.55818
394.125 -4.96551 9.54434
393.775 -4.9568 9.5305
393.426 -4.9481 9.51667
393.078 -4.93939 9.50283
392.731 -4.93069 9.48899
392.384 -4.92198 9.47515
392.038 -4.91328 9.46131
391.692 -4.90457 9.44747
391.347 -4.89587 9.43364
391.002 -4.88716 9.4198
390.659 -4.87846 9.40596
390.315 -4.86975 9.39212
389.973 -4.86105 9.37828
389.631 -4.85234 9.36444
389.289 -4.84364 9.35061
388.948 -4.83493 9.33677
388.608 -4.82623 9.32293
388.268 -4.81752 9.30909
387.929 -4.80882 9.29525
387.591 -4.80012 9.28141
387.253 -4.79177 9.26877
386.916 -4.78388 9.25766
386.579 -4.776 9.24655
386.243 -4.76811 9.23545
385.907 -4.76022 9.22434
385.572 -4.75234 9.21323
385.238 -4.74445 9.20213
384.904 -4.73657 9.19102
384.571 -4.72868 9.17992
384.238 -4.72079 9.16881
383.906 -4.71291 9.1577
383.575 -4.70502 9.1466
383.244 -4.69714 9.13549
382.913 -4.68925 9.12438
382.584 -4.68137 9.11328
382.255 -4.67348 9.10217
381.926 -4.66559 9.09107
381.598 -4.65771 9.07996
381.27 -4.64982 9.06885
380.943 -4.64194 9.05775
380.617 -4.63405 9.04664
380.291 -4.62616 9.03553
379.966 -4.61828 9.02443
379.641 -4.61039 9.01332
379.317 -4.60251 9.00222
378.993 -4.59462 8.99111
378.67 -4.58674 8.98
378.348 -4.57885 8.9689
378.026 -4.57096 8.95779
377.704 -4.56308 8.94668
377.383 -4.55519 8.93558
377.063 -4.54731 8.92447
376.743 -4.53942 8.91337
376.424 -4.53153 8.90226
376.105 -4.52365 8.89115
375.787 -4.51576 8.88005
375.47 -4.50803 8.8691
375.152 -4.50036 8.85822
374.836 -4.49269 8.84733
374.52 -4.48502 8.83644
374.204 -4.47735 8.82556
373.889 -4.46967 8.81467
373.575 -4.462 8.80379
373.261 -4.45433 8.7929
372.948 -4.44666 8.78202
372.635 -4.43899 8.77113
372.323 -4.43131 8.76025
372.011 -4.42364 8.74936
371.7 -4.41597 8.73848
371.389 -4.4083 8.72759
371.079 -4.40063 8.71671
370.769 -4.39295 8.70582
370.46 -4.38528 8.69494
370.151 -4.37761 8.68405
369.843 -4.36994 8.67317
369.535 -4.36227 8.66228
369.228 -4.3546 8.6514
368.921 -4.34692 8.64051
368.615 -4.33925 8.62962
368.31 -4.33158 8.61874
368.004 -4.32391 8.60785
367.7 -4.31624 8.59697
367.396 -4.30856 8.58608
367.092 -4.30089 8.5752
366.789 -4.29322 8.56431
366.486 -4.28555 8.55343
366.184 -4.27788 8.54254
365.883 -4.27021 8.53166
365.582 -4.26253 8.52077
365.281 -4.25486 8.50989
364.981 -4.24719 8.499
364.681 -4.23948 8.48823
364.382 -4.23124 8.47912
364.083 -4.223 8.47002
363.785 -4.21476 8.46091
363.488 -4.20653 8.4518
363.19 -4.19829 8.4427
362.894 -4.19005 8.43359
362.597 -4.18181 8.42449
362.302 -4.17357 8.41538
362.007 -4.16533 8.40627
361.712 -4.15709 8.39717
361.417 -4.14885 8.38806
361.124 -4.14061 8.37896
360.83 -4.13237 8.36985
360.537 -4.12413 8.36074
360.245 -4.1159 8.35164
359.953 -4.10766 8.34253
359.662 -4.09942 8.33343
359.371 -4.09118 8.32432
359.08 -4.08294 8.31521
358.79 -4.0747 8.30611
358.501 -4.06646 8.297
358.212 -4.05822 8.2879
357.923 -4.04998 8.27879
357.635 -4.04174 8.26968
357.347 -4.0335 8.26058
357.06 -4.02526 8.25147
356.773 -4.01703 8.24237
356.487 -4.00879 8.23326
356.201 -4.00055 8.22415
355.916 -3.99231 8.21505
355.631 -3.98407 8.20594
355.346 -3.97583 8.19684
355.062 -3.96759 8.18773
354.779 -3.95935 8.17862
354.495 -3.95111 8.16952
354.213 -3.94287 8.16041
353.931 -3.93478 8.15135
353.649 -3.9267 8.1423
353.367 -3.91861 8.13324
353.087 -3.91053 8.12418
352.806 -3.90245 8.11513
352.526 -3.89436 8.10607
352.247 -3.88628 8.09702
351.968 -3.87819 8.08796
351.689 -3.87011 8.0789
351.411 -3.86203 8.06985
351.133 -3.85394 8.06079
350.856 -3.84586 8.05173
350.579 -3.83777 8.04268
350.302 -3.82969 8.03362
350.026 -3.8216 8.02456
349.751 -3.81352 8.01551
349.476 -3.80544 8.00645
349.201 -3.79735 7.99739
348.927 -3.78927 7.98834
348.653 -3.78118 7.97928
348.379 -3.7731 7.97023
348.106 -3.76502 7.96117
347.834 -3.75693 7.95211
347.561 -3.74885 7.94306
347.29 -3.74076 7.934
347.018 -3.73268 7.92494
346.748 -3.7246 7.91589
346.477 -3.71651 7.90683
346.207 -3.70843 7.89777
345.938 -3.70034 7.88872
345.668 -3.69226 7.87966
345.4 -3.68418 7.8706
345.131 -3.67609 7.86155
344.863 -3.66801 7.85249
344.596 -3.65992 7.84344
344.329 -3.65227 7.83466
344.062 -3.64581 7.82666
343.796 -3.63936 7.81866
343.53 -3.6329 7.81066
343.264 -3.62644 7.80266
342.999 -3.61998 7.79466
342.735 -3.61352 7.78666
342.47 -3.60706 7.77866
342.207 -3.6006 7.77066
341.943 -3.59415 7.76266
341.68 -3.58769 7.75465
341.418 -3.58123 7.74665
341.155 -3.57477 7.73865
340.894 -3.56831 7.73065
340.632 -3.56185 7.72265
340.371 -3.55539 7.71465
340.111 -3.54894 7.70665
339.85 -3.54248 7.69865
339.591 -3.53602 7.69065
339.331 -3.52956 7.68265
339.072 -3.5231 7.67465
338.814 -3.51664 7.66665
338.555 -3.51018 7.65865
338.298 -3.50372 7.65065
338.04 -3.49727 7.64264
337.783 -3.49081 7.63464
337.526 -3.48435 7.62664
337.27 -3.47789 7.61864
337.014 -3.47143 7.61064
336.759 -3.46497 7.60264
336.504 -3.45851 7.59464
336.249 -3.45206 7.58664
335.995 -3.4456 7.57864
335.741 -3.43914 7.57064
335.487 -3.43268 7.56264
335.234 -3.42622 7.55464
334.981 -3.42087 7.54648
334.729 -3.41676 7.53814
334.477 -3.41266 7.52979
334.225 -3.40855 7.52145
333.974 -3.40444 7.51311
333.723 -3.40034 7.50477
333.472 -3.39623 7.49643
333.222 -3.39213 7.48809
332.972 -3.38802 7.47975
332.723 -3.38391 7.47141
332.474 -3.37981 7.46307
332.225 -3.3757 7.45473
331.977 -3.37159 7.44639
331.729 -3.36749 7.43804
331.482 -3.36338 7.4297
331.234 -3.35928 7.42136
330.988 -3.35517 7.41302
330.741 -3.35106 7.40468
330.495 -3.34696 7.39634
330.249 -3.34285 7.388
330.004 -3.33875 7.37966
329.759 -3.33464 7.37132
329.515 -3.33053 7.36298
329.27 -3.32643 7.35463
329.026 -3.32232 7.34629
328.783 -3.31821 7.33795
328.54 -3.31411 7.32961
328.297 -3.31 7.32127
328.054 -3.3059 7.31293
327.812 -3.30179 7.30459
327.571 -3.29768 7.29625
327.329 -3.29358 7.28791
327.088 -3.28947 7.27957
326.848 -3.28537 7.27122
326.607 -3.28126 7.26288
326.367 -3.27715 7.25454
326.128 -3.27253 7.24729
325.888 -3.2677 7.24045
325.65 -3.26287 7.23362
325.411 -3.25804 7.22679
325.173 -3.25321 7.21995
324.935 -3.24838 7.21312
324.697 -3.24356 7.20629
324.46 -3.23873 7.19946
324.223 -3.2339 7.19262
323.987 -3.22907 7.18579
323.751 -3.22424 7.17896
323.515 -3.21941 7.17212
323.28 -3.21458 7.16529
323.045 -3.20975 7.15846
322.81 -3.20493 7.15162
322.575 -3.2001 7.14479
322.341 -3.19527 7.13796
322.108 -3.19044 7.13113
321.874 -3.18561 7.12429
321.641 -3.18078 7.11746
321.408 -3.17595 7.11063
321.176 -3.17113 7.10379
320.944 -3.1663 7.09696
320.712 -3.16147 7.09013
320.481 -3.15664 7.08329
320.25 -3.15181 7.07646
320.019 -3.14698 7.06963
319.789 -3.14215 7.0628
319.559 -3.13732 7.05596
319.329 -3.1325 7.04913
319.1 -3.12767 7.0423
318.871 -3.12284 7.03546
318.642 -3.11801 7.02863
318.413 -3.11318 7.0218
318.185 -3.10835 7.01497
317.958 -3.10352 7.00813
317.73 -3.09685 7.00008
317.503 -3.08955 6.99162
317.276 -3.08225 6.98315
317.05 -3.07496 6.97469
316.824 -3.06766 6.96623
316.598 -3.06036 6.95776
316.373 -3.05306 6.9493
316.147 -3.04576 6.94083
315.923 -3.03846 6.93237
315.698 -3.03117 6.92391
315.474 -3.02387 6.91544
315.25 -3.01657 6.90698
315.026 -3.00927 6.89852
314.803 -3.00197 6.89005
314.58 -2.99467 6.88159
314.358 -2.98737 6.87312
314.135 -2.98008 6.86466
313.913 -2.97278 6.8562
313.692 -2.96548 6.84773
313.47 -2.95818 6.83927
313.249 -2.95088 6.8308
313.028 -2.94358 6.82234
312.808 -2.93629 6.81388
312.588 -2.92899 6.80541
312.368 -2.92169 6.79695
312.149 -2.91439 6.78849
311.929 -2.90709 6.78002
311.711 -2.89979 6.77156
311.492 -2.89249 6.76309
311.274 -2.8852 6.75463
311.056 -2.8779 6.74617
310.838 -2.8706 6.7377
310.621 -2.8633 6.72924
310.404 -2.856 6.72077
310.187 -2.8487 6.71231
309.971 -2.84171 6.70405
309.754 -2.83662 6.69711
309.539 -2.83154 6.69016
309.323 -2.82645 6.68322
309.108 -2.82137 6.67627
308.893 -2.81628 6.66933
308.678 -2.8112 6.66238
308.464 -2.80611 6.65543
308.25 -2.80103 6.64849
308.036 -2.79594 6.64154
307.823 -2.79086 6.6346
307.609 -2.78578 6.62765
307.397 -2.78069 6.62071
307.184 -2.77561 6.61376
306.972 -2.77052 6.60681
306.76 -2.76544 6.59987
306.548 -2.76035 6.59292
306.337 -2.75527 6.58598
306.126 -2.75018 6.57903
305.915 -2.7451 6.57209
305.704 -2.74001 6.56514
305.494 -2.73493 6.55819
305.284 -2.72984 6.55125
305.074 -2.72476 6.5443
304.865 -2.71967 6.53736
304.656 -2.71459 6.53041
304.447 -2.7095 6.52347
304.239 -2.70442 6.51652
304.03 -2.69934 6.50957
303.822 -2.69425 6.50263
303.615 -2.68917 6.49568
303.407 -2.68408 6.48874
303.2 -2.679 6.48179
302.994 -2.67391 6.47485
302.787 -2.66883 6.4679
302.581 -2.66374 6.46095
302.375 -2.65866 6.45401
302.169 -2.65357 6.44706
301.964 -2.64849 6.44012
301.759 -2.6434 6.43317
301.554 -2.63832 6.42623
301.349 -2.63323 6.41928
301.145 -2.62815 6.41233
300.941 -2.62306 6.40539
300.737 -2.61798 6.39844
300.534 -2.6129 6.3915
300.331 -2.60781 6.38455
300.128 -2.60273 6.37761
299.925 -2.59764 6.37066
299.723 -2.59256 6.36371
299.521 -2.58747 6.35677
299.319 -2.58239 6.34982
299.117 -2.5773 6.34288
298.916 -2.57222 6.33593
298.715 -2.56713 6.32899
298.514 -2.56205 6.32204
298.314 -2.55696 6.31509
298.113 -2.55188 6.30815
297.914 -2.54679 6.3012
297.714 -2.54171 6.29426
297.515 -2.53663 6.28731
297.315 -2.53154 6.28037
297.117 -2.52646 6.27342
296.918 -2.52137 6.26647
296.72 -2.51629 6.25953
296.522 -2.5112 6.25258
296.324 -2.50612 6.24564
296.126 -2.50103 6.23869
295.929 -2.49595 6.23175
295.732 -2.49086 6.2248
295.535 -2.48578 6.21785
295.339 -2.48069 6.21091
295.142 -2.47562 6.20448
294.947 -2.47059 6.19928
294.751 -2.46555 6.19409
294.555 -2.46051 6.1889
294.36 -2.45548 6.1837
294.165 -2.45044 6.17851
293.971 -2.4454 6.17332
293.776 -2.44037 6.16812
293.582 -2.43533 6.16293
293.388 -2.43029 6.15774
293.194 -2.42526 6.15255
293.001 -2.42022 6.14735
292.808 -2.41518 6.14216
292.615 -2.41015 6.13697
292.422 -2.40511 6.13177
292.23 -2.40007 6.12658
292.038 -2.39504 6.12139
291.846 -2.39 6.11619
291.655 -2.38496 6.111
291.463 -2.37993 6.10581
291.272 -2.37489 6.10061
291.081 -2.36985 6.09542
290.891 -2.36482 6.09023
290.7 -2.35978 6.08504
290.51 -2.35474 6.07984
290.32 -2.34971 6.07465
290.131 -2.34467 6.06946
289.941 -2.33963 6.06426
289.752 -2.3346 6.05907
289.563 -2.32956 6.05388
289.375 -2.32452 6.04868
289.186 -2.31949 6.04349
288.998 -2.31445 6.0383
288.81 -2.30942 6.0331
288.623 -2.30438 6.02791
288.435 -2.29934 6.02272
288.248 -2.29431 6.01752
288.061 -2.28927 6.01233
287.874 -2.28423 6.00714
287.688 -2.2792 6.00195
287.502 -2.27416 5.99675
287.316 -2.26912 5.99156
287.13 -2.26409 5.98637
286.945 -2.25905 5.98117
286.759 -2.25401 5.97598
286.574 -2.24898 5.97079
286.39 -2.24394 5.96559
286.205 -2.2389 5.9604
286.021 -2.23387 5.95521
285.837 -2.22883 5.95001
285.653 -2.22379 5.94482
285.469 -2.21876 5.93963
285.286 -2.21372 5.93443
285.103 -2.20868 5.92924
284.92 -2.20365 5.92405
284.738 -2.19861 5.91886
284.555 -2.19357 5.91366
284.373 -2.18854 5.90847
284.191 -2.1835 5.90328
284.009 -2.17846 5.89808
283.828 -2.17343 5.89289
283.647 -2.16839 5.8877
283.466 -2.16335 5.8825
283.285 -2.15832 5.87731
283.104 -2.15328 5.87212
282.924 -2.14824 5.86692
282.744 -2.14321 5.86173
282.564 -2.13817 5.85654
282.385 -2.13313 5.85134
282.205 -2.1281 5.84615
282.026 -2.12306 5.84096
281.847 -2.11802 5.83577
281.668 -2.11418 5.83016
281.49 -2.11075 5.82442
281.312 -2.10733 5.81867
281.134 -2.10391 5.81293
280.956 -2.10048 5.80718
280.778 -2.09706 5.80144
280.601 -2.09364 5.79569
280.424 -2.09021 5.78994
280.247 -2.08679 5.7842
280.07 -2.08337 5.77845
279.894 -2.07994 5.77271
279.717 -2.07652 5.76696
279.541 -2.0731 5.76121
279.366 -2.06967 5.75547
279.19 -2.06625 5.74972
279.015 -2.06283 5.74398
278.839 -2.0594 5.73823
278.665 -2.05598 5.73248
278.49 -2.05256 5.72674
278.315 -2.04913 5.72099
278.141 -2.04571 5.71525
277.967 -2.04229 5.7095
277.793 -2.03886 5.70375
277.62 -2.03544 5.69801
277.446 -2.03202 5.69226
277.273 -2.02859 5.68652
277.1 -2.02517 5.68077
276.927 -2.02174 5.67502
276.755 -2.01832 5.66928
276.582 -2.0149 5.66353
276.41 -2.01147 5.65779
276.239 -2.00805 5.65204
276.067 -2.00463 5.64629
275.895 -2.0012 5.64055
275.724 -1.99778 5.6348
275.553 -1.99436 5.62906
275.382 -1.99093 5.62331
275.212 -1.98751 5.61756
275.041 -1.98409 5.61182
274.871 -1.98066 5.60607
274.701 -1.97724 5.60033
274.531 -1.97382 5.59458
274.362 -1.97039 5.58883
274.192 -1.96697 5.58309
274.023 -1.96355 5.57734
273.854 -1.96012 5.5716
273.686 -1.9567 5.56585
273.517 -1.95328 5.5601
273.349 -1.94985 5.55436
273.181 -1.94643 5.54861
273.013 -1.94301 5.54287
272.845 -1.93958 5.53712
272.678 -1.93616 5.53137
272.51 -1.93274 5.52563
272.343 -1.92931 5.51988
272.176 -1.92589 5.51414
272.01 -1.92247 5.50839
271.843 -1.91904 5.50264
271.677 -1.91562 5.4969
271.511 -1.9122 5.49115
271.345 -1.90877 5.48541
271.18 -1.90535 5.47966
271.014 -1.90193 5.47391
270.849 -1.8985 5.46817
270.684 -1.89508 5.46242
270.519 -1.89166 5.45668
270.354 -1.88823 5.45093
270.19 -1.88481 5.44518
270.026 -1.88139 5.43944
269.862 -1.87796 5.43369
269.698 -1.87454 5.42795
269.534 -1.87111 5.4222
269.371 -1.8665 5.41751
269.207 -1.86157 5.41311
269.044 -1.85664 5.4087
268.882 -1.85171 5.40429
268.719 -1.84678 5.39988
268.556 -1.84185 5.39548
268.394 -1.83692 5.39107
268.232 -1.832 5.38666
268.07 -1.82707 5.38225
267.909 -1.82214 5.37785
267.747 -1.81721 5.37344
267.586 -1.81228 5.36903
267.425 -1.80735 5.36462
267.264 -1.80242 5.36022
267.103 -1.79749 5.35581
266.943 -1.79256 5.3514
266.782 -1.78763 5.347
266.622 -1.7827 5.34259
266.462 -1.77777 5.33818
266.303 -1.77284 5.33377
266.143 -1.76792 5.32937
265.984 -1.76299 5.32496
265.824 -1.75806 5.32055
265.665 -1.75313 5.31614
265.507 -1.7482 5.31174
265.348 -1.74327 5.30733
265.19 -1.73834 5.30292
265.031 -1.73341 5.29852
264.873 -1.72848 5.29411
264.716 -1.72355 5.2897
264.558 -1.71862 5.28529
264.4 -1.71369 5.28089
264.243 -1.70877 5.27648
264.086 -1.70384 5.27207
263.929 -1.69891 5.26766
263.773 -1.69398 5.26326
263.616 -1.68905 5.25885
263.46 -1.68412 5.25444
263.303 -1.67919 5.25003
263.147 -1.67426 5.24563
262.992 -1.66933 5.24122
262.836 -1.6644 5.23681
262.681 -1.65947 5.23241
262.525 -1.65454 5.228
262.37 -1.64961 5.22359
262.216 -1.64469 5.21918
262.061 -1.63976 5.21478
261.906 -1.63483 5.21037
261.752 -1.6299 5.20596
261.598 -1.62497 5.20155
261.444 -1.62004 5.19715
261.29 -1.61511 5.19274
261.137 -1.61018 5.18833
260.983 -1.60525 5.18392
260.83 -1.60032 5.17952
260.677 -1.59539 5.17511
260.524 -1.59046 5.1707
260.371 -1.58553 5.1663
260.219 -1.58061 5.16189
260.066 -1.57568 5.15748
259.914 -1.57075 5.15307
259.762 -1.56582 5.14867
259.61 -1.56089 5.14426
259.459 -1.55596 5.13985
259.307 -1.55103 5.13544
259.156 -1.5461 5.13104
259.005 -1.54117 5.12663
258.854 -1.53624 5.12222
258.703 -1.53131 5.11781
258.553 -1.52638 5.11341
258.402 -1.52146 5.109
258.252 -1.51689 5.10457
258.102 -1.51311 5.10011
257.952 -1.50933 5.09565
257.802 -1.50555 5.09118
257.653 -1.50177 5.08672
257.504 -1.49798 5.08226
257.354 -1.4942 5.07779
257.205 -1.49042 5.07333
257.057 -1.48664 5.06887
256.908 -1.48286 5.0644
256.759 -1.47908 5.05994
256.611 -1.4753 5.05548
256.463 -1.47151 5.05102
256.315 -1.46773 5.04655
256.167 -1.46395 5.04209
256.019 -1.46017 5.03763
255.872 -1.45639 5.03316
255.725 -1.45261 5.0287
255.578 -1.44883 5.02424
255.431 -1.44504 5.01977
255.284 -1.44126 5.01531
255.137 -1.43748 5.01085
254.991 -1.4337 5.00638
254.844 -1.42992 5.00192
254.698 -1.42614 4.99746
254.552 -1.42236 4.99299
254.407 -1.41857 4.98853
254.261 -1.41479 4.98407
254.116 -1.41101 4.9796
253.97 -1.40723 4.97514
253.825 -1.40345 4.97068
253.68 -1.39967 4.96621
253.535 -1.39588 4.96175
253.391 -1.3921 4.95729
253.246 -1.38832 4.95282
253.102 -1.38454 4.94836
252.958 -1.38076 4.9439
252.814 -1.37698 4.93943
252.67 -1.3732 4.93497
252.527 -1.36941 4.93051
252.383 -1.36563 4.92604
252.24 -1.36185 4.92158
252.097 -1.35807 4.91712
251.954 -1.35429 4.91265
251.811 -1.35051 4.90819
251.668 -1.34673 4.90373
251.526 -1.34294 4.89926
251.383 -1.33916 4.8948
251.241 -1.33538 4.89034
251.099 -1.3316 4.88587
250.957 -1.32782 4.88141
250.816 -1.32404 4.87695
250.674 -1.32025 4.87248
250.533 -1.31647 4.86802
250.391 -1.31269 4.86356
250.25 -1.30891 4.85909
250.109 -1.30513 4.85463
249.969 -1.30135 4.85017
249.828 -1.29757 4.8457
249.688 -1.29378 4.84124
249.547 -1.29 4.83678
249.407 -1.28622 4.83231
249.267 -1.28244 4.82785
249.128 -1.27866 4.82339
248.988 -1.27488 4.81892
248.848 -1.2711 4.81446
248.709 -1.26731 4.81
248.57 -1.26353 4.80553
248.431 -1.25975 4.80107
248.292 -1.25597 4.79661
248.153 -1.25219 4.79214
248.015 -1.24841 4.78768
247.876 -1.24418 4.78417
247.738 -1.2399 4.78078
247.6 -1.23562 4.77738
247.462 -1.23134 4.77399
247.324 -1.22706 4.7706
247.187 -1.22278 4.7672
247.049 -1.2185 4.76381
246.912 -1.21422 4.76041
246.775 -1.20994 4.75702
246.638 -1.20566 4.75363
246.501 -1.20138 4.75023
246.364 -1.1971 4.74684
246.228 -1.19282 4.74344
246.091 -1.18854 4.74005
245.955 -1.18426 4.73666
245.819 -1.17998 4.73326
245.683 -1.1757 4.72987
245.547 -1.17142 4.72647
245.412 -1.16714 4.72308
245.276 -1.16286 4.71969
245.141 -1.15858 4.71629
245.006 -1.1543 4.7129
244.87 -1.15002 4.70951
244.736 -1.14575 4.70611
244.601 -1.14147 4.70272
244.466 -1.13719 4.69932
244.332 -1.13291 4.69593
244.197 -1.12863 4.69254
244.063 -1.12435 4.68914
243.929 -1.12007 4.68575
243.795 -1.11579 4.68235
243.662 -1.11151 4.67896
243.528 -1.10723 4.67557
243.395 -1.10295 4.67217
243.261 -1.09867 4.66878
243.128 -1.09439 4.66538
242.995 -1.09011 4.66199
242.862 -1.08583 4.6586
242.73 -1.08155 4.6552
242.597 -1.07727 4.65181
242.465 -1.07299 4.64842
242.332 -1.06871 4.64502
242.2 -1.06443 4.64163
242.068 -1.06015 4.63823
241.936 -1.05587 4.63484
241.805 -1.05159 4.63145
241.673 -1.04731 4.62805
241.542 -1.04303 4.62466
241.411 -1.03875 4.62126
241.279 -1.03447 4.61787
241.148 -1.03019 4.61448
241.018 -1.02591 4.61108
240.887 -1.02163 4.60769
240.756 -1.01735 4.60429
240.626 -1.01307 4.6009
240.496 -1.00879 4.59751
240.366 -1.00451 4.59411
240.236 -1.00023 4.59072
240.106 -0.995952 4.58733
239.976 -0.991672 4.58393
239.846 -0.987393 4.58054
239.717 -0.983113 4.57714
239.588 -0.978833 4.57375
239.459 -0.974553 4.57036
239.33 -0.970273 4.56696
239.201 -0.965994 4.56357
239.072 -0.961714 4.56017
238.943 -0.957434 4.55678
238.815 -0.953154 4.55339
238.687 -0.948874 4.54999
238.558 -0.944595 4.5466
238.43 -0.940315 4.5432
238.302 -0.937198 4.54066
238.175 -0.934442 4.53837
238.047 -0.931687 4.53609
237.92 -0.928931 4.5338
237.792 -0.926175 4.53152
237.665 -0.92342 4.52923
237.538 -0.920664 4.52695
237.411 -0.917908 4.52466
237.284 -0.915153 4.52238
237.157 -0.912397 4.52009
237.031 -0.909642 4.51781
236.904 -0.906886 4.51552
236.778 -0.90413 4.51323
236.652 -0.901375 4.51095
236.526 -0.898619 4.50866
236.4 -0.895863 4.50638
236.274 -0.893108 4.50409
236.149 -0.890352 4.50181
236.023 -0.887597 4.49952
235.898 -0.884841 4.49724
235.773 -0.882085 4.49495
235.648 -0.87933 4.49267
235.523 -0.876574 4.49038
235.398 -0.873818 4.4881
235.273 -0.871063 4.48581
235.149 -0.868307 4.48353
235.024 -0.865552 4.48124
234.9 -0.862796 4.47896
234.776 -0.86004 4.47667
234.652 -0.857285 4.47439
234.528 -0.854529 4.4721
234.404 -0.851773 4.46982
234.281 -0.849018 4.46753
234.157 -0.846262 4.46525
234.034 -0.843507 4.46296
233.911 -0.840751 4.46068
233.787 -0.837995 4.45839
233.665 -0.83524 4.45611
233.542 -0.832484 4.45382
233.419 -0.829728 4.45154
233.296 -0.826973 4.44925
233.174 -0.824217 4.44697
233.052 -0.821462 4.44468
232.929 -0.818706 4.4424
232.807 -0.81595 4.44011
232.685 -0.813195 4.43782
232.564 -0.810439 4.43554
232.442 -0.807683 4.43325
232.32 -0.804928 4.43097
232.199 -0.802172 4.42868
232.078 -0.799416 4.4264
231.956 -0.796661 4.42411
231.835 -0.793905 4.42183
231.714 -0.79115 4.41954
231.594 -0.788394 4.41726
231.473 -0.785638 4.41497
231.352 -0.782883 4.41269
231.232 -0.780127 4.4104
231.112 -0.777371 4.40812
230.991 -0.774616 4.40583
230.871 -0.77186 4.40355
230.751 -0.769105 4.40126
230.632 -0.766349 4.39898
230.512 -0.763593 4.39669
230.392 -0.760838 4.39441
230.273 -0.758082 4.39212
230.154 -0.755326 4.38984
230.035 -0.752571 4.38755
229.915 -0.749815 4.38527
229.797 -0.74706 4.38298
229.678 -0.744304 4.3807
229.559 -0.741437 4.37828
229.44 -0.73836 4.37563
229.322 -0.735283 4.37297
229.204 -0.732206 4.37031
229.085 -0.729129 4.36765
228.967 -0.726052 4.365
228.849 -0.722975 4.36234
228.732 -0.719898 4.35968
228.614 -0.71682 4.35703
228.496 -0.713743 4.35437
228.379 -0.710666 4.35171
228.261 -0.707589 4.34905
228.144 -0.704512 4.3464
228.027 -0.701435 4.34374
227.91 -0.698358 4.34108
227.793 -0.695281 4.33843
227.677 -0.692203 4.33577
227.56 -0.689126 4.33311
227.443 -0.686049 4.33046
227.327 -0.682972 4.3278
227.211 -0.679895 4.32514
227.095 -0.676818 4.32248
226.979 -0.673741 4.31983
226.863 -0.670664 4.31717
226.747 -0.667587 4.31451
226.631 -0.664509 4.31186
226.516 -0.661432 4.3092
226.4 -0.658355 4.30654
226.285 -0.655278 4.30388
226.17 -0.652201 4.30123
226.055 -0.649124 4.29857
225.94 -0.646047 4.29591
225.825 -0.64297 4.29326
225.71 -0.639892 4.2906
225.595 -0.636815 4.28794
225.481 -0.633738 4.28529
225.366 -0.630661 4.28263
225.252 -0.627584 4.27997
225.138 -0.624507 4.27731
225.024 -0.62143 4.27466
224.91 -0.618353 4.272
224.796 -0.615276 4.26934
224.682 -0.612198 4.26669
224.569 -0.609121 4.26403
224.455 -0.606044 4.26137
224.342 -0.602967 4.25871
224.229 -0.59989 4.25606
224.116 -0.596813 4.2534
224.003 -0.593736 4.25074
223.89 -0.590659 4.24809
223.777 -0.587581 4.24543
223.664 -0.584504 4.24277
223.552 -0.581427 4.24011
223.439 -0.57835 4.23746
223.327 -0.575273 4.2348
223.215 -0.572196 4.23214
223.103 -0.569119 4.22949
222.991 -0.566042 4.22683
222.879 -0.562965 4.22417
222.767 -0.559887 4.22152
222.655 -0.55681 4.21886
222.544 -0.553733 4.2162
222.432 -0.550656 4.21354
222.321 -0.547579 4.21089
222.21 -0.544502 4.20823
222.099 -0.541425 4.20557
221.988 -0.538348 4.20292
221.877 -0.535271 4.20026
221.766 -0.532193 4.1976
221.655 -0.529116 4.19494
221.545 -0.526039 4.19229
221.435 -0.522962 4.18963
221.324 -0.519969 4.18697
221.214 -0.517015 4.1843
221.104 -0.514061 4.18163
220.994 -0.511107 4.17896
220.884 -0.508153 4.17629
220.774 -0.505199 4.17362
220.665 -0.502244 4.17095
220.555 -0.49929 4.16828
220.446 -0.496336 4.16561
220.336 -0.493382 4.16294
220.227 -0.490428 4.16027
220.118 -0.487474 4.1576
220.009 -0.484519 4.15493
219.9 -0.481565 4.15226
219.791 -0.478611 4.14959
219.682 -0.475657 4.14692
219.574 -0.472703 4.14425
219.465 -0.469748 4.14158
219.357 -0.466794 4.13891
219.249 -0.46384 4.13624
219.141 -0.460886 4.13357
219.032 -0.457932 4.1309
218.925 -0.454978 4.12823
218.817 -0.452023 4.12557
218.709 -0.449069 4.1229
218.601 -0.446115 4.12023
218.494 -0.443161 4.11756
218.386 -0.440207 4.11489
218.279 -0.437253 4.11222
218.172 -0.434298 4.10955
218.065 -0.431344 4.10688
217.958 -0.42839 4.10421
217.851 -0.425436 4.10154
217.744 -0.422482 4.09887
217.637 -0.419528 4.0962
217.531 -0.416573 4.09353
217.424 -0.413619 4.09086
217.318 -0.410665 4.08819
217.212 -0.407711 4.08552
217.106 -0.404757 4.08285
217 -0.401803 4.08018
216.894 -0.398848 4.07751
216.788 -0.395894 4.07484
216.682 -0.39294 4.07217
216.576 -0.389986 4.0695
216.471 -0.387032 4.06684
216.365 -0.384077 4.06417
216.26 -0.381123 4.0615
216.155 -0.378169 4.05883
216.05 -0.375215 4.05616
215.945 -0.372261 4.05349
215.84 -0.369307 4.05082
215.735 -0.366352 4.04815
215.63 -0.363398 4.04548
215.526 -0.360444 4.04281
215.421 -0.35749 4.04014
215.317 -0.354536 4.03747
215.212 -0.351582 4.0348
215.108 -0.348627 4.03213
215.004 -0.345673 4.02946
214.9 -0.342719 4.02679
214.796 -0.339765 4.02412
214.692 -0.336811 4.02145
214.589 -0.333857 4.01878
214.485 -0.330902 4.01611
214.381 -0.327948 4.01344
214.278 -0.324994 4.01077
214.175 -0.32204 4.00811
214.072 -0.319086 4.00544
213.968 -0.316131 4.00277
213.865 -0.313177 4.0001
213.762 -0.309872 3.9976
213.66 -0.305956 3.99541
213.557 -0.30204 3.99322
213.454 -0.298123 3.99103
213.352 -0.294207 3.98883
213.249 -0.290291 3.98664
213.147 -0.286375 3.98445
213.045 -0.282458 3.98226
212.943 -0.278542 3.98007
212.841 -0.274626 3.97787
212.739 -0.270709 3.97568
212.637 -0.266793 3.97349
212.535 -0.262877 3.9713
212.434 -0.25896 3.96911
212.332 -0.255044 3.96692
212.231 -0.251128 3.96472
212.129 -0.247211 3.96253
212.028 -0.243295 3.96034
211.927 -0.239379 3.95815
211.826 -0.235462 3.95596
211.725 -0.231546 3.95376
211.624 -0.22763 3.95157
211.523 -0.223713 3.94938
211.423 -0.219797 3.94719
211.322 -0.215881 3.945
211.221 -0.211964 3.94281
211.121 -0.208048 3.94061
211.021 -0.204132 3.93842
210.921 -0.200216 3.93623
210.821 -0.196299 3.93404
210.72 -0.192383 3.93185
210.621 -0.188467 3.92965
210.521 -0.18455 3.92746
210.421 -0.180634 3.92527
210.321 -0.176718 3.92308
210.222 -0.172801 3.92089
210.122 -0.168885 3.9187
210.023 -0.165571 3.91703
209.924 -0.162433 3.91552
209.825 -0.159295 3.914
209.726 -0.156157 3.91249
209.627 -0.153019 3.91098
209.528 -0.149881 3.90946
209.429 -0.146743 3.90795
209.33 -0.143605 3.90644
209.232 -0.140467 3.90492
209.133 -0.137329 3.90341
209.035 -0.134191 3.9019
208.937 -0.131053 3.90038
208.838 -0.127915 3.89887
208.74 -0.124777 3.89736
208.642 -0.121639 3.89584
208.544 -0.118501 3.89433
208.446 -0.115363 3.89282
208.349 -0.112225 3.8913
208.251 -0.109087 3.88979
208.153 -0.105949 3.88828
208.056 -0.102811 3.88677
207.958 -0.0996729 3.88525
207.861 -0.0965349 3.88374
207.764 -0.0933969 3.88223
207.667 -0.0902589 3.88071
207.57 -0.0871208 3.8792
207.473 -0.0839828 3.87769
207.376 -0.0808448 3.87617
207.279 -0.0777068 3.87466
207.182 -0.0745688 3.87315
207.086 -0.0714308 3.87163
206.989 -0.0682928 3.87012
206.893 -0.0651548 3.86861
206.797 -0.0620168 3.86709
206.7 -0.0588787 3.86558
206.604 -0.0557407 3.86407
206.508 -0.0833922 3.83372
206.412 -0.112489 3.80202
206.316 -0.141586 3.77032
206.221 -0.170684 3.73862
206.125 -0.199781 3.70692
206.029 -0.228878 3.67521
205.934 -0.257975 3.64351
205.838 -0.287072 3.61181
205.743 -0.316169 3.58011
205.648 -0.345267 3.54841
205.553 -0.374364 3.51671
205.458 -0.403461 3.48501
205.363 -0.432558 3.45331
205.268 -0.461655 3.42161
205.173 -0.490752 3.3899
205.078 -0.51985 3.3582
204.984 -0.538431 3.3363
204.889 -0.506896 3.36109
204.795 -0.475362 3.38588
204.7 -0.443828 3.41067
204.606 -0.412294 3.43546
204.512 -0.380759 3.46025
204.418 -0.349225 3.48504
204.324 -0.317691 3.50983
204.23 -0.286157 3.53462
204.136 -0.254622 3.55941
204.042 -0.223088 3.5842
203.948 -0.191554 3.60899
203.855 -0.16002 3.63378
203.761 -0.128486 3.65857
203.668 -0.0969513 3.68336
203.575 -0.0654171 3.70815
203.481 -0.0338829 3.73294
203.388 -0.00234863 3.75773
203.295 0.0270767 3.78052
203.202 0.0191579 3.76782
203.109 0.0112391 3.75511
203.016 0.00332032 3.74241
202.924 -0.00459847 3.72971
202.831 -0.0125173 3.717
202.738 -0.0204361 3.7043
202.646 -0.0283549 3.6916
202.553 -0.0362737 3.67889
202.461 -0.0441925 3.66619
202.369 -0.0521113 3.65349
202.277 -0.0600301 3.64078
202.185 -0.0679489 3.62808
202.093 -0.0758677 3.61538
202.001 -0.0837865 3.60267
201.909 -0.0917052 3.58997
201.817 -0.099624 3.57727
201.726 -0.107543 3.56456
201.634 -0.115462 3.55186
201.543 -0.12338 3.53916
201.451 -0.131299 3.52645
201.36 -0.139218 3.51375
201.269 -0.147137 3.50105
201.177 -0.155056 3.48834
201.086 -0.162974 3.47564
200.995 -0.170893 3.46294
200.905 -0.178812 3.45023
200.814 -0.186731 3.43753
200.723 -0.19465 3.42483
200.632 -0.202568 3.41212
200.542 -0.210487 3.39942
200.451 -0.218406 3.38672
200.361 -0.226325 3.37401
200.271 -0.234244 3.36131
200.18 -0.242162 3.34861
200.09 -0.250081 3.3359
200 -0.258 3.3232
