2e-07 1.2400000000000002 1.3399999999999999
2.0009e-07 1.244021648676363 1.340772487178737
2.0018e-07 1.2480370220605614 1.3415507476177688
2.00271e-07 1.2520419617815026 1.3423312087788444
2.00361e-07 1.256038872873949 1.3431152780645674
2.00451e-07 1.2600295789071083 1.3439049593333694
2.00542e-07 1.26401014356492 1.3446964873290215
2.00632e-07 1.2679825823697448 1.345491668199044
2.00723e-07 1.2719487019089817 1.3462925017573053
2.00814e-07 1.2759049723147335 1.3470948364452522
2.00905e-07 1.2798532060355294 1.3479006747529372
2.00995e-07 1.2837953778548057 1.3487118195527772
2.01086e-07 1.2877276219233433 1.3495245193268441
2.01177e-07 1.2916517338748292 1.3503407724059333
2.01269e-07 1.295570041548662 1.3511619934554113
2.0136e-07 1.299478528283434 1.3519846321129836
2.01451e-07 1.303379157587018 1.3528104924313102
2.01543e-07 1.3072738705960345 1.353641375233166
2.01634e-07 1.3111586848103731 1.354473734242812
2.01726e-07 1.3150359159636633 1.355308990700789
2.01817e-07 1.318907304169046 1.3561491352319848
2.01909e-07 1.3227690475278555 1.3569904764211687
2.02001e-07 1.3266230946180377 1.3578347967164266
2.02093e-07 1.3304713907516514 1.35868385638773
2.02185e-07 1.3343101847921983 1.3595339529560089
2.02277e-07 1.3381413905287431 1.360386886531254
2.02369e-07 1.3419669004948651 1.3612444534409662
2.02461e-07 1.3457830137143392 1.362102940310331
2.02553e-07 1.3495916279061455 1.362964145571834
2.02646e-07 1.3533946198935443 1.3638298637135027
2.02738e-07 1.3571883198565324 1.3646963895148978
2.02831e-07 1.3609746096921624 1.3655655195656975
2.02924e-07 1.364755356244096 1.3664390408638614
2.03016e-07 1.3685269074661173 1.3673132693200833
2.03109e-07 1.3722911351748475 1.3681899939991782
2.03202e-07 1.3760498909782017 1.3690709997882216
2.03295e-07 1.37979956200608 1.3699526018487538
2.03388e-07 1.3702886746890304 1.3711453905334106
2.03481e-07 1.360001998133204 1.372402395409709
2.03575e-07 1.3496869787071284 1.3737074071619386
2.03668e-07 1.3393439490051022 1.3750612763570145
2.03761e-07 1.3289731875823905 1.3764649408222862
2.03855e-07 1.3185753063255072 1.3779190246351218
2.03948e-07 1.3081505974013334 1.3794245124259121
2.04042e-07 1.2976995063261936 1.3809822622753873
2.04136e-07 1.2872225054531659 1.3825931355771752
2.0423e-07 1.2767199146576143 1.3842581914091552
2.04324e-07 1.26619262244362 1.3859779064366975
2.04418e-07 1.2556410054469993 1.38775334067692
2.04512e-07 1.245065650193068 1.3895853602030668
2.04606e-07 1.2344669949724032 1.3914750309208552
2.047e-07 1.2238460444449992 1.393422814691819
2.04795e-07 1.2132032984993144 1.3954297701746288
2.04889e-07 1.2025394676759604 1.3974967518095998
2.04984e-07 1.1918551184798925 1.3996248152439705
2.05078e-07 1.1996558334933995 1.399651427618585
2.05173e-07 1.2112981899619333 1.3992838543358725
2.05268e-07 1.2228979006429368 1.3989761525476057
2.05363e-07 1.2344507775278564 1.3987232471576103
2.05458e-07 1.2459586042607207 1.398525596308957
2.05553e-07 1.2574211573419012 1.3983819102559378
2.05648e-07 1.268838247089351 1.3982909201152585
2.05743e-07 1.2802098941324935 1.398251183813098
2.05838e-07 1.291535615567682 1.3982618661323032
2.05934e-07 1.3028154916307788 1.3983215671772884
2.06029e-07 1.3140494522417265 1.3984291054382347
2.06125e-07 1.325239337235481 1.3985851067977013
2.06221e-07 1.3363813451517614 1.3987848653991188
2.06316e-07 1.3474775577740457 1.3990288662871495
2.06412e-07 1.3585276445116163 1.399316390564436
2.06508e-07 1.369531795635619 1.3996462193200547
2.06604e-07 1.3799875578486769 1.4000379851336733
2.067e-07 1.3797009966575073 1.4008759902924024
2.06797e-07 1.3794148128767492 1.4017139601158992
2.06893e-07 1.3791308543596081 1.402553640131693
2.06989e-07 1.378845478347729 1.4033914825022908
2.07086e-07 1.378560496664713 1.4042292700853591
2.07182e-07 1.3782777225281138 1.4050687813830627
2.07279e-07 1.3779935289311451 1.405906456979308
2.07376e-07 1.3777097287432718 1.4067440764665973
2.07473e-07 1.3774281362096612 1.4075834150848827
2.0757e-07 1.377145122258618 1.4084209199528044
2.07667e-07 1.3768624830567677 1.4092583855522192
2.07764e-07 1.3765820693442432 1.410097547561898
2.07861e-07 1.3763002322658136 1.4109348777795994
2.07958e-07 1.3760187867417317 1.4117721492741624
2.08056e-07 1.375739531340139 1.4126111489337698
2.08153e-07 1.3754588683352458 1.413448300604615
2.08251e-07 1.3751785959499232 1.4142853922595686
2.08349e-07 1.3748987138720081 1.4151224234697513
2.08446e-07 1.374621039674988 1.4159611586188179
2.08544e-07 1.3743419375991202 1.416798066572546
2.08642e-07 1.3740632248895066 1.417634912801512
2.0874e-07 1.3737867200887237 1.4184734584376735
2.08838e-07 1.3735087854896886 1.419310178860618
2.08937e-07 1.3732312393110884 1.4201468362883702
2.09035e-07 1.3729559010512333 1.4209851886038094
2.09133e-07 1.3726791310825295 1.4218217176951151
2.09232e-07 1.3724027485838748 1.4226581825303557
2.0933e-07 1.3721285739960152 1.4234963377460226
2.09429e-07 1.3718529657975604 1.4243326717335254
2.09528e-07 1.3715777441143027 1.4251689402136432
2.09627e-07 1.37130473031618 1.4260068945792412
2.09726e-07 1.371030281014608 1.4268430297194556
2.09825e-07 1.370756217269011 1.427679098110513
2.09924e-07 1.370484361365338 1.4285168479044823
2.10023e-07 1.3702110680742923 1.4293527804825834
2.10122e-07 1.3699365947150455 1.4302486754195771
2.10222e-07 1.3696523254799906 1.4313449942947878
2.10321e-07 1.369368500181092 1.4324413039591581
2.10421e-07 1.3690854668227879 1.4335372389531327
2.10521e-07 1.3688030500756518 1.4346329809036205
2.10621e-07 1.368521075173577 1.435728711558783
2.1072e-07 1.3682417142542806 1.4368258031596914
2.10821e-07 1.3679611427361358 1.4379209602881358
2.10921e-07 1.3676810109647974 1.4390161040633598
2.11021e-07 1.367401665251535 1.4401108686947237
2.11121e-07 1.3671229311095872 1.4412054360033717
2.11221e-07 1.3668466340891878 1.442301536129301
2.11322e-07 1.3665689478980165 1.4433958879528137
2.11423e-07 1.366292043835412 1.4444898577172316
2.11523e-07 1.3660157479749582 1.4455836273684013
2.11624e-07 1.3657398869502049 1.4466773789642107
2.11725e-07 1.3654648051055467 1.447770746348305
2.11826e-07 1.3651921569439163 1.4488656339982606
2.11927e-07 1.3649181137594828 1.4499587777825769
2.12028e-07 1.3646448468018493 1.4510515352332745
2.12129e-07 1.3643721829827073 1.452144088476415
2.12231e-07 1.3640999497716224 1.4532366197446798
2.12332e-07 1.3638303191313979 1.454330478048937
2.12434e-07 1.36355946004878 1.4554224132836897
2.12535e-07 1.3632890294539886 1.4565143246221774
2.12637e-07 1.363019369175977 1.4576058454701937
2.12739e-07 1.362750306961679 1.458697158125754
2.12841e-07 1.362481671113752 1.45978844498815
2.12943e-07 1.362215633395198 1.4608810464463835
2.13045e-07 1.3619483606698286 1.4619717292517094
2.13147e-07 1.3616815121844226 1.4630623843927009
2.13249e-07 1.3614154280999122 1.4641526450027222
2.13352e-07 1.3611499369955131 1.465242693543595
2.13454e-07 1.3608868699583825 1.4663342295756188
2.13557e-07 1.3606223926171521 1.4674240339081353
2.1366e-07 1.3603586757300454 1.4685134410804699
2.13762e-07 1.3600955484294994 1.4696026336590924
2.13865e-07 1.3599933718692685 1.4706321673104874
2.13968e-07 1.35998222410652 1.471625852547351
2.14072e-07 1.359971249389585 1.4726193666953686
2.14175e-07 1.3599607855691178 1.473612343286311
2.14278e-07 1.359948830264618 1.4746032757789815
2.14381e-07 1.3599390474307544 1.4755955451026774
2.14485e-07 1.3599296039558513 1.4765874602323825
2.14589e-07 1.3599203304991752 1.4775792044100327
2.14692e-07 1.3599115636884276 1.4785704112599793
2.14796e-07 1.3599031340629597 1.4795612640354774
2.149e-07 1.3598950409010018 1.480551762778707
2.15004e-07 1.3598872834821547 1.4815419075329845
2.15108e-07 1.35987986108739 1.4825316983427568
2.15212e-07 1.359872605117217 1.4835213184003408
2.15317e-07 1.3598658507406736 1.48451040144913
2.15421e-07 1.3598594292391941 1.4854991306933663
2.15526e-07 1.3598533398992196 1.48648750618196
2.1563e-07 1.3598475820085574 1.487475527964921
2.15735e-07 1.3598421548563793 1.4884631960933539
2.1584e-07 1.3598368905793239 1.4894506937057177
2.15945e-07 1.3598321228979091 1.4904376546722893
2.1605e-07 1.3598276838305332 1.491424262144046
2.16155e-07 1.3598235726718175 1.4924105161764123
2.1626e-07 1.3598197887177437 1.4933964168258773
2.16365e-07 1.359816331265653 1.4943819641499898
2.16471e-07 1.3598130331832077 1.4953673412292094
2.16576e-07 1.3598083966437702 1.496350518957006
2.16682e-07 1.3598059147272854 1.4973350078480465
2.16788e-07 1.3598037565166359 1.4983191436528982
2.16894e-07 1.3598019213159391 1.4993029264343212
2.17e-07 1.3598002425979743 1.500286539221595
2.17106e-07 1.3597990514542273 1.5012696161368937
2.17212e-07 1.3597981812407598 1.5022523402230659
2.17318e-07 1.359797631267095 1.503234711546937
2.17424e-07 1.3597974008441058 1.5042167301763352
2.17531e-07 1.3597974892840112 1.505198396180085
2.17637e-07 1.359797730781295 1.5061798925221246
2.17744e-07 1.3597984550074764 1.5071608534727536
2.17851e-07 1.359799496041147 1.508141462010032
2.17958e-07 1.3598008531999055 1.5091217182067163
2.18065e-07 1.3598025258026933 1.5101016221365318
2.18172e-07 1.3598045131697913 1.5110811738741678
2.18279e-07 1.359806650212324 1.5120605563143503
2.18386e-07 1.3598092651918514 1.5130394038826624
2.18494e-07 1.3598121929044267 1.5140178994884919
2.18601e-07 1.3598154326756822 1.514996043210329
2.18709e-07 1.359818983832585 1.5159738351276
2.18817e-07 1.359822845703435 1.5169512753206638
2.18925e-07 1.3598250265051732 1.5179269095413634
2.19032e-07 1.35982950804542 1.5189036476850826
2.19141e-07 1.359834298293331 1.5198800343497234
2.19249e-07 1.3598393965825224 1.5208560696193179
2.19357e-07 1.3598448022479381 1.5218317535788028
2.19465e-07 1.3598505146258468 1.5228070863140153
2.19574e-07 1.3598563700453554 1.5237822505702483
2.19682e-07 1.3598626939782996 1.524756881103974
2.19791e-07 1.3598693226403462 1.52573116067619
2.199e-07 1.3598762553730535 1.526705089376281
2.20009e-07 1.3598834915192979 1.5276786672945055
2.20118e-07 1.3598908679931654 1.5286520771095051
2.20227e-07 1.3598987091156407 1.5296249537237505
2.20336e-07 1.359906851688045 1.5305974798320066
2.20446e-07 1.3599152950585158 1.5315696555279783
2.20555e-07 1.359924038576503 1.532541480906219
2.20665e-07 1.3599330815927668 1.533512956062126
2.20774e-07 1.3599422617187842 1.5344842635911267
2.20884e-07 1.359951901903551 1.5354550385768664
2.20994e-07 1.3599618396465856 1.5364254636313877
2.21104e-07 1.359972074303874 1.5373955388534146
2.21214e-07 1.3599826052327062 1.5383652643424899
2.21324e-07 1.359993431791674 1.5393346401989707
2.21435e-07 1.3599964480908397 1.5403091698810663
2.21545e-07 1.3599862489876744 1.5412986723654714
2.21655e-07 1.359974548323212 1.542286216007562
2.21766e-07 1.35996499318485 1.543275018487719
2.21877e-07 1.359955598346894 1.5442636528375129
2.21988e-07 1.3599466844252937 1.5452517544009938
2.22099e-07 1.3599362667605488 1.5462379020223955
2.2221e-07 1.3599279913591302 1.547225304111227
2.22321e-07 1.3599200341324964 1.5482123559883283
2.22432e-07 1.3599105715501936 1.5491974575934389
2.22544e-07 1.359903248788677 1.5501838104128165
2.22655e-07 1.3598962421789116 1.5511698132352645
2.22767e-07 1.359889551048871 1.5521554661347232
2.22879e-07 1.3598811928917292 1.5531393558791278
2.22991e-07 1.359875130970853 1.5541243102895583
2.23103e-07 1.3598693825223165 1.5551089150029418
2.23215e-07 1.3598621250348695 1.5560915779941589
2.23327e-07 1.3598570016807212 1.5570754846891917
2.23439e-07 1.3598521898034603 1.5580590419214755
2.23552e-07 1.3598458673422658 1.559040661088683
2.23664e-07 1.3598416765830164 1.5600235207752824
2.23777e-07 1.3598377953169656 1.5610060312415532
2.2389e-07 1.3598340643577955 1.5619883746647545
2.24003e-07 1.3598289794267795 1.5629686027840985
2.24116e-07 1.3598260229602999 1.563950067208038
2.24229e-07 1.3598233733599068 1.5649311827476367
2.24342e-07 1.3598192096480903 1.5659103687401643
2.24455e-07 1.3598171719777397 1.5668907878998897
2.24569e-07 1.359815439217102 1.5678708584361147
2.24682e-07 1.3598140107163503 1.5688505804379478
2.24796e-07 1.3598109085123427 1.5698285597189148
2.2491e-07 1.3598100868605758 1.5708075860294812
2.25024e-07 1.3598095675277078 1.5717862640766052
2.25138e-07 1.3598075306628585 1.5727630210706955
2.25252e-07 1.359807614198912 1.5737410039880568
2.25366e-07 1.3598079981246074 1.5747186389205063
2.25481e-07 1.3598086817991446 1.5756959259629781
2.25595e-07 1.3598078460348173 1.5766712967951977
2.2571e-07 1.3598091274569923 1.5776478894592882
2.25825e-07 1.3598105500950615 1.578624316343136
2.2594e-07 1.359810608616112 1.5795986488044742
2.26055e-07 1.3598127819181913 1.5805742000513896
2.2617e-07 1.359815251152774 1.5815494039920728
2.26285e-07 1.3598161981508472 1.5825226989694097
2.264e-07 1.359819257528393 1.5834972097054891
2.26516e-07 1.3598226109475544 1.5844713734379126
2.26631e-07 1.3598262577803053 1.5854451902695308
2.26747e-07 1.3598282248195788 1.586417284643598
2.26863e-07 1.3598324568859945 1.5873904090678512
2.26979e-07 1.3598369804902042 1.5883631869030195
2.27095e-07 1.3598399786898736 1.5893340642052811
2.27211e-07 1.3598450836799396 1.59030615027689
2.27327e-07 1.3598504783435057 1.5912778900779905
2.27443e-07 1.3598561620613958 1.5922492837167015
2.2756e-07 1.3598603186102962 1.593218781627588
2.27677e-07 1.3598665787653887 1.5941894843597115
2.27793e-07 1.3598729713761675 1.5951600227812401
2.2791e-07 1.3598779903738232 1.5961284875294806
2.28027e-07 1.3598851105951686 1.5970981541591094
2.28144e-07 1.359892516183578 1.5980674752876058
2.28261e-07 1.3598983920164551 1.599034907876917
2.28379e-07 1.3599063666947295 1.6000035394263536
2.28496e-07 1.3599146249133633 1.60097182581495
2.28614e-07 1.3599231660656899 1.6019397671579696
2.28732e-07 1.3599300218962327 1.6029060061197247
2.28849e-07 1.3599391273974177 1.603873258779025
2.28967e-07 1.3599485140203624 1.6048401667412842
2.29085e-07 1.3599563679622073 1.605805194524217
2.29204e-07 1.359966315215753 1.606771414520906
2.29322e-07 1.3599765417903797 1.6077372901752698
2.2944e-07 1.359987047088079 1.60870282160732
2.29559e-07 1.3599960180769346 1.6096664776235845
2.29678e-07 1.3599957211069824 1.6105565377934736
2.29797e-07 1.3599872730264795 1.6114047855191442
2.29915e-07 1.3599810148785425 1.612254124147329
2.30035e-07 1.359973016389632 1.6131018583176682
2.30154e-07 1.3599672065238528 1.6139506816567513
2.30273e-07 1.3599596559979228 1.6147979025073038
2.30392e-07 1.3599541403180209 1.615646391933621
2.30512e-07 1.3599471886005097 1.6164929185686
2.30632e-07 1.3599421181400249 1.6173408931611102
2.30751e-07 1.3599354587699846 1.6181870880772495
2.30871e-07 1.3599309840996254 1.6190343669960114
2.30991e-07 1.35992476783999 1.6198800493199026
2.31112e-07 1.359920734973866 1.6207268139362228
2.31232e-07 1.3599149602182903 1.621571983917308
2.31352e-07 1.3599112158292714 1.6224184154952899
2.31473e-07 1.3599060326985792 1.6232628923775685
2.31594e-07 1.3599027270940727 1.6241088101349292
2.31714e-07 1.3598978306423908 1.6249529561762335
2.31835e-07 1.3598951136708308 1.6257981794139769
2.31956e-07 1.3598906539371673 1.6266418138808727
2.32078e-07 1.359888372380897 1.6274865238571916
2.32199e-07 1.3598843477809932 1.6283296470124644
2.3232e-07 1.359882349075618 1.6291740248750044
2.32442e-07 1.3598789090117311 1.6300164561055621
2.32564e-07 1.3598773427445818 1.6308603212139487
2.32685e-07 1.3598741837732715 1.6317024225308432
2.32807e-07 1.359873199076539 1.6325455943301126
2.32929e-07 1.3598722784814454 1.633388690355825
2.33052e-07 1.3598697645071465 1.6342300255535396
2.33174e-07 1.3598694228576247 1.635072428739207
2.33296e-07 1.3598673369548897 1.6359132538483765
2.33419e-07 1.3598674220792073 1.6367551452897127
2.33542e-07 1.3598657626938437 1.637595460590591
2.33665e-07 1.3598661230660238 1.6384370212683237
2.33787e-07 1.359865038621993 1.639276646349357
2.33911e-07 1.3598658228490066 1.640117695823323
2.34034e-07 1.359865011948339 1.6409569923435703
2.34157e-07 1.3598663681872458 1.6417973502618313
2.34281e-07 1.3598659791736936 1.6426361378327303
2.34404e-07 1.3598677560058134 1.643475985168109
2.34528e-07 1.3598677873468175 1.644314264082
2.34652e-07 1.3598698339938053 1.6451537816892194
2.34776e-07 1.359870433408949 1.6459913716845063
2.349e-07 1.359872897771906 1.6468303792724255
2.35024e-07 1.3598737653359143 1.6476676417435883
2.35149e-07 1.3598767948698014 1.6485059591112687
2.35273e-07 1.3598780782227124 1.6493427138198713
2.35398e-07 1.3598815222555676 1.6501805218133316
2.35523e-07 1.3598832198862558 1.6510167690632975
2.35648e-07 1.3598869283810657 1.6518542484074346
2.35773e-07 1.3598891873106334 1.6526898080899437
2.35898e-07 1.359893307468535 1.6535267786454841
2.36023e-07 1.3598958292320105 1.6543620118833169
2.36149e-07 1.3599005078117445 1.6551982936031082
2.36274e-07 1.3599034393513396 1.6560330203107676
2.364e-07 1.3599085264213648 1.6568687939102265
2.36526e-07 1.359911866247184 1.6577030144027305
2.36652e-07 1.3599172125055565 1.6585384604732212
2.36778e-07 1.3599211069460726 1.6593719947972583
2.36904e-07 1.3599268588998248 1.6602069333541356
2.37031e-07 1.3599328130983146 1.6610416178234353
2.37157e-07 1.359937314655539 1.6618743935064764
2.37284e-07 1.3599436723327987 1.6627085709522333
2.37411e-07 1.3599485768255495 1.6635408415815456
2.37538e-07 1.359955336510791 1.6643745123331406
2.37665e-07 1.3599604953678817 1.6652064583592194
2.37792e-07 1.3599678027008577 1.6660394426252334
2.3792e-07 1.3599733617429284 1.6668708842169995
2.38047e-07 1.3599809211406397 1.667703542559811
2.38175e-07 1.3599870257532116 1.668534299982193
2.38302e-07 1.3599949827777258 1.669366452634228
2.3843e-07 1.3599952276741714 1.6702999788350958
2.38558e-07 1.3599801928350883 1.6715684625236753
2.38687e-07 1.3599639891961681 1.672834735384926
2.38815e-07 1.3599499221258302 1.674102084907026
2.38943e-07 1.3599345378930991 1.675367406676672
2.39072e-07 1.3599196347778564 1.6766321639090485
2.39201e-07 1.3599070100074684 1.6778978144891459
2.3933e-07 1.3598932106459314 1.679161262166591
2.39459e-07 1.3598815407683795 1.6804257808432308
2.39588e-07 1.3598685486477862 1.6816882795576105
2.39717e-07 1.3598560312561667 1.682950214873801
2.39846e-07 1.3598457844904863 1.6842130380674964
2.39976e-07 1.3598343574586504 1.6854736662804854
2.40106e-07 1.3598250528756353 1.6867353599270467
2.40236e-07 1.3598147104987994 1.6879946821269711
2.40366e-07 1.3598045468631388 1.6892538014370921
2.40496e-07 1.3597966461894282 1.690513803252732
2.40626e-07 1.3597874153730076 1.6917717975562792
2.40756e-07 1.3597786492352923 1.6930292303785417
2.40887e-07 1.3597721414879074 1.694287542528307
2.41018e-07 1.359764300706589 1.6955438518292822
2.41148e-07 1.3597587152777388 1.6968010383582888
2.41279e-07 1.3597517949093085 1.6980562251465896
2.41411e-07 1.3597453330433091 1.6993108517081446
2.41542e-07 1.3597411219910516 1.7005663523760206
2.41673e-07 1.359735573172112 1.7018198579607924
2.41805e-07 1.359732272150999 1.7030742355895465
2.41936e-07 1.3597276315000129 1.704326621239202
2.42068e-07 1.3597234432555958 1.7055784479580098
2.422e-07 1.3597214983031818 1.7068311436541839
2.42332e-07 1.3597182109570178 1.708081852022365
2.42465e-07 1.3597171639088892 1.7093334273419076
2.42597e-07 1.3597147726456784 1.710583018432864
2.4273e-07 1.3597128277728425 1.7118320519285821
2.42862e-07 1.3597131187251144 1.7130819493629534
2.42995e-07 1.3597120627607586 1.7143298672125842
2.43128e-07 1.3597114496151796 1.7155772282863317
2.43261e-07 1.359713067841503 1.7168254503178104
2.43395e-07 1.359713336486622 1.718071697403686
2.43528e-07 1.359715833544763 1.7193188034777989
2.43662e-07 1.359716979266102 1.7205639376973276
2.43795e-07 1.3597185619159138 1.7218085165368069
2.43929e-07 1.3597223685583946 1.7230539514356624
2.44063e-07 1.3597248212604038 1.7242974191106468
2.44197e-07 1.3597294950181014 1.7255417409098457
2.44332e-07 1.359732813120046 1.7267840985703318
2.44466e-07 1.3597365623378443 1.7280259022822366
2.44601e-07 1.3597425282237834 1.7292685572404325
2.44736e-07 1.359747135910323 1.7305092526815125
2.4487e-07 1.359755359768803 1.7317490113812644
2.45006e-07 1.359760820093417 1.732988600037843
2.45141e-07 1.3597667058001444 1.7342276362123217
2.45276e-07 1.3597748009061044 1.7354675189064288
2.45412e-07 1.3597815336555332 1.7367054497728145
2.45547e-07 1.3597886883823984 1.7379428290518426
2.45683e-07 1.3597980481733039 1.7391810520517774
2.45819e-07 1.3598060431582177 1.740417327829624
2.45955e-07 1.3598162403269376 1.741654445479036
2.46091e-07 1.359825071076445 1.7428896189742076
2.46228e-07 1.359834318189069 1.744124242399242
2.46364e-07 1.3598457631829282 1.7453597049452472
2.46501e-07 1.3598558393658589 1.746593227931857
2.46638e-07 1.359868110571519 1.747827588221834
2.46775e-07 1.3598790113912418 1.7490600120128588
2.46912e-07 1.3598903230346115 1.7502918872814273
2.47049e-07 1.3599038254306686 1.7515245971498563
2.47187e-07 1.3599159551059496 1.7527553751027916
2.47324e-07 1.3599302726970761 1.7539869858690353
2.47462e-07 1.3599432160300546 1.7552166677724343
2.476e-07 1.3599565647212581 1.756445802730174
2.47738e-07 1.3599720970906881 1.7576757678437867
2.47876e-07 1.3599862529231486 1.758903808666053
2.48015e-07 1.360029027621795 1.7601389024659062
2.48153e-07 1.360302910157196 1.7614238579575716
2.48292e-07 1.3605787524835342 1.7627094320135832
2.48431e-07 1.3608529980826036 1.7639928804817813
2.4857e-07 1.3611274242154094 1.7652755776227333
2.48709e-07 1.3614038057631948 1.766558892974279
2.48848e-07 1.3616772224913818 1.767841864605498
2.48988e-07 1.3619521856624162 1.769122312343223
2.49128e-07 1.3622290999041038 1.770403377941181
2.49267e-07 1.3625044158694721 1.7716823313629935
2.49407e-07 1.3627799072661573 1.7729605397888462
2.49547e-07 1.3630573454233283 1.7742393657318314
2.49688e-07 1.3633331845786696 1.7755160861488741
2.49828e-07 1.3636078375185468 1.7767938356888815
2.49969e-07 1.3638857932424897 1.7780704308347
2.50109e-07 1.3641621492668934 1.7793449270707662
2.5025e-07 1.3644386757476201 1.7806186845801433
2.50391e-07 1.3647171404637517 1.7818930589335487
2.50533e-07 1.3649940048162015 1.7831653409552835
2.50674e-07 1.365271037185306 1.78443688736168
2.50816e-07 1.3655486524789469 1.7857108170941531
2.50957e-07 1.3658260190114482 1.7869808936327944
2.51099e-07 1.3661035511492685 1.788250237652058
2.51241e-07 1.36638301312397 1.789520197861354
2.51383e-07 1.3666608734929662 1.7907880787900496
2.51526e-07 1.3669388970883318 1.792055230279766
2.51668e-07 1.3672175020828805 1.7933247608845841
2.51811e-07 1.3674958503084857 1.794590454842254
2.51954e-07 1.3677743594090572 1.795855422425997
2.52097e-07 1.3680547900717601 1.7971210055637012
2.5224e-07 1.3683336180027126 1.798384522330081
2.52383e-07 1.3686126044887683 1.7996473157720456
2.52527e-07 1.3688935084458282 1.8009107244572478
2.5267e-07 1.3691714727117887 1.8021738322614078
2.52814e-07 1.369450930793666 1.8034344600931962
2.52958e-07 1.3697323022839847 1.8046957028596775
2.53102e-07 1.3700120700287552 1.8059548920237392
2.53246e-07 1.3702919917731833 1.8072133639163135
2.53391e-07 1.37057382289445 1.8084724504408431
2.53535e-07 1.3708540498056847 1.8097294896941496
2.5368e-07 1.3711330997821385 1.810987569620006
2.53825e-07 1.371415384930787 1.8122445083445164
2.5397e-07 1.3716960654287225 1.8134994060965772
2.54116e-07 1.3719768954835843 1.8147535925686369
2.54261e-07 1.3722596269382343 1.8160083930766018
2.54407e-07 1.3725407533306582 1.8172611588743899
2.54552e-07 1.3728207049528234 1.8185149677545047
2.54698e-07 1.3731038772630764 1.8197676383964227
2.54844e-07 1.3733854441225803 1.8210182805583741
2.54991e-07 1.3736671562059757 1.8222682173705966
2.55137e-07 1.373950761826676 1.8235187676369289
2.55284e-07 1.3742327616363748 1.824767295617372
2.55431e-07 1.3745149045446907 1.8260151211902658
2.55578e-07 1.3747976225032086 1.827265307184612
2.55725e-07 1.3750800499838365 1.8285117292113686
2.55872e-07 1.3753626184620844 1.8297574517577133
2.56019e-07 1.3756470727272396 1.8310037871896996
2.56167e-07 1.375929920532692 1.8322481126247885
2.56315e-07 1.3762129072627827 1.8334917414912677
2.56463e-07 1.3764977759464978 1.8347359829647576
2.56611e-07 1.3767797307338387 1.8359799636596095
2.56759e-07 1.3770631306041665 1.8372215069689741
2.56908e-07 1.3773466666728795 1.83846235756811
2.57057e-07 1.3776320796255992 1.8397038204052178
2.57205e-07 1.3779158854837126 1.8409432874122884
2.57354e-07 1.3781998255264738 1.8421820645856921
2.57504e-07 1.3784856386827629 1.84342145372528
2.57653e-07 1.378768544712802 1.844660592057373
2.57802e-07 1.3790528837802862 1.8458973038234614
2.57952e-07 1.379339092215994 1.8471346272849853
2.58102e-07 1.3796236931142372 1.8483699669173828
2.58252e-07 1.3799084242418274 1.849604622424361
2.58402e-07 1.3800858083234413 1.8509718631939727
2.58553e-07 1.3802147644651954 1.8523965007653502
2.58703e-07 1.380341086125734 1.8538207880069666
2.58854e-07 1.3804695371457485 1.855245574846467
2.59005e-07 1.3805983804977708 1.8566695689414063
2.59156e-07 1.3807276147952865 1.8580927711657136
2.59307e-07 1.3808555055090945 1.8595138953755568
2.59459e-07 1.3809855180574861 1.8609355177126645
2.5961e-07 1.381115917422481 1.8623563507980263
2.59762e-07 1.38124670223767 1.8637763955052224
2.59914e-07 1.381376139991269 1.8651943706051597
2.60066e-07 1.3815076921283067 1.866612842399216
2.60219e-07 1.3816396256464973 1.8680305284327112
2.60371e-07 1.3817732176414883 1.8694456999312155
2.60524e-07 1.3819041795251426 1.8708605403367344
2.60677e-07 1.3820372484156886 1.8722758760418852
2.6083e-07 1.3821706933330837 1.8736904294757062
2.60983e-07 1.3823027853100067 1.875102927915106
2.61137e-07 1.3824369788079691 1.8765159206294268
2.6129e-07 1.382571544366326 1.8779281336865603
2.61444e-07 1.3827064806724265 1.879339567958257
2.61598e-07 1.3828400607916276 1.880748955530799
2.61752e-07 1.3829757351790317 1.8821588360427988
2.61906e-07 1.3831117764051617 1.8835679403808725
2.62061e-07 1.3832481831763752 1.8849762694158096
2.62216e-07 1.3833832305957081 1.8863825600056365
2.6237e-07 1.3835216279271254 1.8877876191304264
2.62525e-07 1.383659122939767 1.8891936291694522
2.62681e-07 1.383796978372446 1.8905988673837484
2.62836e-07 1.3839334713712128 1.8920020753639715
2.62992e-07 1.3840720443448746 1.8934057737149212
2.63147e-07 1.3842109739418524 1.8948087028460292
2.63303e-07 1.3843485388424654 1.8962096078744217
2.6346e-07 1.384488178429209 1.897611002342216
2.63616e-07 1.3846281708837966 1.89901163019214
2.63773e-07 1.3847685149633997 1.9004114922915876
2.63929e-07 1.3849074913983395 1.9018093384278145
2.64086e-07 1.3850485355266262 1.9032076727894023
2.64243e-07 1.3851899275787365 1.9046052439982373
2.644e-07 1.3853329139304484 1.9060003364162943
2.64558e-07 1.3854732810097545 1.9073951379805745
2.64716e-07 1.385615708858646 1.9087904265884843
2.64873e-07 1.3857584797610012 1.9101849555028751
2.65031e-07 1.3859015925096405 1.91157872558803
2.6519e-07 1.3860433319471688 1.9129704958611384
2.65348e-07 1.386187125295417 1.9143627520234434
2.65507e-07 1.3863312568948662 1.91575425194457
2.65665e-07 1.3864740131332522 1.917143758066626
2.65824e-07 1.3866188181819041 1.9185337492304326
2.65984e-07 1.3867639579256448 1.9199229867371244
2.66143e-07 1.3869094311876164 1.9213114714478643
2.66303e-07 1.3870547603030965 1.9226962599639812
2.66462e-07 1.387200896471494 1.924083243306099
2.66622e-07 1.3873473626554635 1.9254694764308964
2.66782e-07 1.3874941576951092 1.9268549601975913
2.66943e-07 1.3876395721090715 1.9282384660832403
2.67103e-07 1.3877870219105628 1.9296224548298015
2.67264e-07 1.3879347971133835 1.9310056967907085
2.67425e-07 1.3880811897876257 1.9323869667957891
2.67586e-07 1.3882296128816323 1.933768718870353
2.67747e-07 1.3883783579599935 1.9351497267270272
2.67909e-07 1.3885274238918912 1.9365299912213731
2.6807e-07 1.3886751048189274 1.9379082916236927
2.68232e-07 1.3888248095964282 1.9392870730633345
2.68394e-07 1.3889760512366955 1.9406634099990352
2.68556e-07 1.3891263887698753 1.942040711204797
2.68719e-07 1.3892753388924293 1.943416056137922
2.68882e-07 1.389426306359921 1.9447918811032128
2.69044e-07 1.3895775868813218 1.9461669686753285
2.69207e-07 1.3897291793581021 1.9475413197052698
2.69371e-07 1.389879382082505 1.9489137222406863
2.69534e-07 1.3901179730632032 1.9502661303097453
2.69698e-07 1.390679775455727 1.951545602301312
2.69862e-07 1.3912409208888656 1.9528213691875913
2.70026e-07 1.3918023861233229 1.9540992508106068
2.7019e-07 1.3923631942792463 1.9553734335884556
2.70354e-07 1.3929255296909506 1.956648034589976
2.70519e-07 1.3934864883856455 1.9579235412327411
2.70684e-07 1.3940467898377014 1.9591953583695527
2.70849e-07 1.394608616117887 1.9604675952818624
2.71014e-07 1.395167375722907 1.9617395357899943
2.7118e-07 1.3957288632109959 1.9630102036414023
2.71345e-07 1.3962901804781467 1.9642800890147247
2.71511e-07 1.3968484361869884 1.9655496823224885
2.71677e-07 1.3974094147497271 1.9668180069419678
2.71843e-07 1.3979685345756718 1.9680843537977868
2.7201e-07 1.3985279750761848 1.9693528117304664
2.72176e-07 1.3990884448663081 1.9706188054919258
2.72343e-07 1.3996470584075853 1.9718828281895975
2.7251e-07 1.4002059928433583 1.973148961025106
2.72678e-07 1.400764269509719 1.974411441097092
2.72845e-07 1.4013240614596285 1.9756743469574405
2.73013e-07 1.4018824900007254 1.9769381669062474
2.73181e-07 1.4024402606729647 1.9781983431285282
2.73349e-07 1.402999544282708 1.9794589465956314
2.73517e-07 1.4035557866117863 1.9807192749431786
2.73686e-07 1.4041147319979947 1.9819783501879633
2.73854e-07 1.4046735074847112 1.9832366632929619
2.74023e-07 1.405229246714563 1.9844947054154563
2.74192e-07 1.4057876841299815 1.9857514982624427
2.74362e-07 1.4063442752138715 1.9870063463478997
2.74531e-07 1.4069011880767248 1.9882633007254598
2.74701e-07 1.407459117768794 1.9895178230391686
2.74871e-07 1.40801520360092 1.9907704070463126
2.75041e-07 1.4085716114339306 1.992025096362388
2.75212e-07 1.409127361117333 1.9932761775151728
2.75382e-07 1.4096846145094906 1.9945276915562669
2.75553e-07 1.4102405175743364 1.9957801275211489
2.75724e-07 1.4107957624485832 1.9970289640720984
2.75895e-07 1.4113525087619496 1.9982782348783787
2.76067e-07 1.4119062387261583 1.9995272508655257
2.76239e-07 1.4124626476920872 2.000775032612448
2.7641e-07 1.4130188872310439 2.0020220717243995
2.76582e-07 1.4135721153527196 2.0032688599643236
2.76755e-07 1.4141280177535538 2.004514417657203
2.76927e-07 1.4146820861416498 2.0057580623918954
2.771e-07 1.4152364774201365 2.0070038084220356
2.77273e-07 1.4157918735870303 2.0082471534437873
2.77446e-07 1.4163442665147716 2.0094902540916357
2.7762e-07 1.4168993259140812 2.0107321302888104
2.77793e-07 1.4174525553851196 2.011972103874158
2.77967e-07 1.4180061081175628 2.013214177045929
2.78141e-07 1.4185606618665991 2.014453859336422
2.78315e-07 1.4191133881336355 2.0156916451630513
2.7849e-07 1.4196664378844737 2.0169315295407504
2.78665e-07 1.4202188294097675 2.018167863040647
2.78839e-07 1.4207727097856246 2.0194046382217676
2.79015e-07 1.4213252569223656 2.0206423448907103
2.7919e-07 1.4218771458618937 2.0218765090688318
2.79366e-07 1.4224305214769184 2.0231111161844515
2.79541e-07 1.4229809132748898 2.0243454941152312
2.79717e-07 1.423533953126767 2.0255786619395257
2.79894e-07 1.4240868243860036 2.026811111916898
2.8007e-07 1.4246367166395202 2.0280433364199673
2.80247e-07 1.4251892524107768 2.029274354341273
2.80424e-07 1.425739970440858 2.0305034999508615
2.80601e-07 1.4262910128428856 2.0317347398999663
2.80778e-07 1.426843044961211 2.03296361869911
2.80956e-07 1.4273932617634562 2.03419063111787
2.81134e-07 1.4279438031590248 2.0354197368062095
2.81312e-07 1.4284936865628466 2.0366453330292713
2.8149e-07 1.4290450480760175 2.0378713770575874
2.81668e-07 1.4295934449075258 2.0390972065408177
2.81847e-07 1.4300730912283168 2.040374731821416
2.82026e-07 1.4303455672028247 2.0418002942542572
2.82205e-07 1.4306182382805543 2.0432250350122856
2.82385e-07 1.430892252314986 2.04464731377689
2.82564e-07 1.431166950803945 2.0460715630381703
2.82744e-07 1.4314402002338094 2.0474938453742437
2.82924e-07 1.431714786969369 2.0489136710039166
2.83104e-07 1.4319900567050954 2.0503354658451047
2.83285e-07 1.4322638765315732 2.0517553002288675
2.83466e-07 1.4325390280640777 2.053172683172746
2.83647e-07 1.4328148611598193 2.0545920340448203
2.83828e-07 1.4330892435270066 2.056009430891018
2.84009e-07 1.4333649520512817 2.057424381543335
2.84191e-07 1.433641340719034 2.0588412988423053
2.84373e-07 1.4339162778692758 2.060256268510905
2.84555e-07 1.434192535677798 2.0616687972111114
2.84738e-07 1.4344694722269498 2.0630832912781454
2.8492e-07 1.434744956499493 2.0644958440744636
2.85103e-07 1.435021755981048 2.065905961107361
2.85286e-07 1.435297600865961 2.0673169091969386
2.85469e-07 1.4355752566467104 2.068728188403752
2.85653e-07 1.4358525902850743 2.070135903999628
2.85837e-07 1.4361289697374922 2.0715444522672617
2.86021e-07 1.4364071558239777 2.0729533321573665
2.86205e-07 1.4366850161966163 2.074358656492139
2.8639e-07 1.4369619228077264 2.0757648150981067
2.86574e-07 1.4372406318244548 2.0771713058308787
2.86759e-07 1.437519011601242 2.0785742490262438
2.86945e-07 1.4377964380543602 2.079978028076692
2.8713e-07 1.4380756627175835 2.0813821397572854
2.87316e-07 1.4383545546595393 2.0827827118808724
2.87502e-07 1.438632493728851 2.0841841214279735
2.87688e-07 1.4389122268453136 2.085585864107479
2.87874e-07 1.43919162380336 2.0869840751730115
2.88061e-07 1.4394700683526829 2.0883831252151213
2.88248e-07 1.439748680333803 2.0897813910844665
2.88435e-07 1.440030197732122 2.091178368858193
2.88623e-07 1.4403091407136834 2.0925750693400196
2.8881e-07 1.440588248795096 2.0939709889505442
2.88998e-07 1.4408702554091648 2.0953656227310002
2.89186e-07 1.4411496898623994 2.0967599835437745
2.89375e-07 1.4414303993327497 2.098151947815165
2.89563e-07 1.441711776058159 2.0995458664255877
2.89752e-07 1.4419916951085225 2.1009378974072392
2.89941e-07 1.4422728841324304 2.102327536875184
2.90131e-07 1.4425547391595661 2.1037191294162167
2.9032e-07 1.4428351360173695 2.105108840351553
2.9051e-07 1.4431167978493582 2.1064961647805074
2.907e-07 1.443399124447155 2.107885441017802
2.90891e-07 1.443679992406411 2.109272841638695
2.91081e-07 1.4439621203841961 2.1106578607402064
2.91272e-07 1.4442432988128149 2.112043727332775
2.91463e-07 1.444526244341856 2.1134299303720447
2.91655e-07 1.4448088318852161 2.114812653804947
2.91846e-07 1.4450904704227197 2.1161962261819096
2.92038e-07 1.4453738721352816 2.1175801354969632
2.9223e-07 1.4456569127449495 2.1189605728675693
2.92422e-07 1.4459390049030403 2.1203418606205924
2.92615e-07 1.4462228563403166 2.1217234858013767
2.92808e-07 1.4465063435968832 2.1231016466636787
2.93001e-07 1.4467888829668911 2.1244806593322014
2.93194e-07 1.4470731777493702 2.1258600099163774
2.93388e-07 1.447357105312208 2.1272359037722484
2.93582e-07 1.4476400855640148 2.1286126508436873
2.93776e-07 1.4479232118720262 2.129988644917575
2.93971e-07 1.4482091789966107 2.1313633726162315
2.94165e-07 1.448492593877593 2.1327378635261853
2.9436e-07 1.448776152745593 2.1341116045709327
2.94555e-07 1.449062545987116 2.1354840814631846
2.94751e-07 1.4493463893211007 2.136856325595643
2.94947e-07 1.4496303745981824 2.1382278229781004
2.95142e-07 1.4499171878489725 2.1395980584258982
2.95339e-07 1.4503966993656867 2.14110732695278
2.95535e-07 1.4509556207797982 2.142674080086024
2.95732e-07 1.4515171274104015 2.144239252314383
2.95929e-07 1.452077452355108 2.145804960297674
2.96126e-07 1.4526371618767806 2.1473669281390704
2.96324e-07 1.453197289166449 2.148930515684655
2.96522e-07 1.4537568001831158 2.150490370608214
2.9672e-07 1.4543167285404561 2.1520518457770983
2.96918e-07 1.454876039789216 2.1536095958071773
2.97117e-07 1.4554357679575043 2.1551689666126066
2.97315e-07 1.4559964707242334 2.156725694834979
2.97515e-07 1.4565544049386323 2.1582818941338813
2.97714e-07 1.457114903849205 2.159836531550358
2.97914e-07 1.4576737094285233 2.161389054094406
2.98113e-07 1.4582329309010897 2.1629431986911682
2.98314e-07 1.4587915324541205 2.1644936440562357
2.98514e-07 1.459350549500132 2.1660457119660093
2.98715e-07 1.4599105327181918 2.167595156744339
2.98916e-07 1.4604677573053264 2.169144086991099
2.99117e-07 1.4610275325611126 2.170691468380897
2.99319e-07 1.461584552013888 2.1722383392909808
2.99521e-07 1.4621441181763006 2.173783665022247
2.99723e-07 1.4627009313607313 2.175328484299222
2.99925e-07 1.4632602873172917 2.1768717620567095
3.00128e-07 1.4638184743712996 2.178415599905289
3.00331e-07 1.4643760377745534 2.179955774782668
3.00534e-07 1.4649340147540704 2.181497574507815
3.00737e-07 1.4654913673749823 2.183035718409251
3.00941e-07 1.4660501922342795 2.1845739095187806
3.01145e-07 1.466606273981407 2.1861116080570144
3.01349e-07 1.4671648848871768 2.1876477777389125
3.01554e-07 1.4677223311852872 2.1891845151699694
3.01759e-07 1.4682791514125602 2.1907176144982237
3.01964e-07 1.4688363839544785 2.1922523401352474
3.02169e-07 1.469392989760939 2.1937834346987377
3.02375e-07 1.4699500075330474 2.1953161559662435
3.02581e-07 1.4705063979170783 2.1968452531562304
3.02787e-07 1.4710631999227306 2.1983759774358216
3.02994e-07 1.4716209440834611 2.199904134971589
3.032e-07 1.4721759591588286 2.201431819231569
3.03407e-07 1.4727334843795459 2.2029579923395537
3.03615e-07 1.4732882833097485 2.2044836959564447
3.03822e-07 1.4738455886427066 2.2060078919082695
3.0403e-07 1.4744001704765597 2.207531622129411
3.04239e-07 1.4749572549901455 2.209053848154921
3.04447e-07 1.4755142279390343 2.210575091882319
3.04656e-07 1.4760684815710656 2.212095875473645
3.04865e-07 1.4766252323357802 2.2136151600426612
3.05074e-07 1.4771792665662418 2.2151339881761505
3.05284e-07 1.477735794254539 2.2166513207135425
3.05494e-07 1.4782896081875931 2.21816820049234
3.05704e-07 1.4788459119226145 2.219683588084173
3.05915e-07 1.4794010639938064 2.22119956513277
3.06126e-07 1.4799555835978295 2.2227119762628695
3.06337e-07 1.480510512089547 2.2242260173839465
3.06548e-07 1.4810648075681152 2.2257364992776614
3.0676e-07 1.48161951163393 2.227248611460868
3.06972e-07 1.4821735821511082 2.228757171076887
3.07184e-07 1.482728060959311 2.2302673612722215
3.07397e-07 1.4832834596497484 2.231775038320513
3.07609e-07 1.483836158427153 2.2332822806478925
3.07823e-07 1.4843913290056179 2.234788047584617
3.08036e-07 1.4849448327711554 2.236291831665482
3.0825e-07 1.4854987441053213 2.237797247012894
3.08464e-07 1.4860520200999983 2.2392991328635143
3.08678e-07 1.4866057033813687 2.24080265024076
3.08893e-07 1.4871602994778959 2.2423036717499225
3.09108e-07 1.4877122052940361 2.243804270826857
3.09323e-07 1.488266570581263 2.2453034060255
3.09539e-07 1.4888182483309957 2.246802122253621
3.09754e-07 1.4893723820682665 2.2482993778560054
3.09971e-07 1.4899238310069502 2.2497962179278432
3.10187e-07 1.4904847724001429 2.2517204215347664
3.10404e-07 1.4910449526898732 2.2537113947757255
3.10621e-07 1.4916067316961688 2.2557018069863153
3.10838e-07 1.4921670228318538 2.2576896208351753
3.11056e-07 1.4927289084721913 2.259676878270117
3.11274e-07 1.4932893055861558 2.2616615463366716
3.11492e-07 1.4938507697661099 2.263643108427386
3.11711e-07 1.494412805675209 2.2656256605551697
3.11929e-07 1.4949733521295692 2.2676056366964517
3.12149e-07 1.4955354827269782 2.2695850678252656
3.12368e-07 1.496096123284234 2.2715619318227085
3.12588e-07 1.496656809586835 2.2735372452815996
3.12808e-07 1.4972190739248987 2.2755120204746295
3.13028e-07 1.4977808552846164 2.2774827091455854
3.13249e-07 1.4983416699984804 2.2794533906298313
3.1347e-07 1.4989040567242378 2.281423540525603
3.13692e-07 1.4994649518165835 2.2833911495243884
3.13913e-07 1.5000274149477293 2.28535823134903
3.14135e-07 1.5005883859667364 2.287322780916208
3.14358e-07 1.501150395262309 2.289284278807721
3.1458e-07 1.5017129641215259 2.2912467843099438
3.14803e-07 1.502274040200207 2.293206770411132
3.15026e-07 1.5028366745398773 2.295166240241015
3.1525e-07 1.5033978156834547 2.2971231991780034
3.15474e-07 1.5039589881945665 2.2990786498445903
3.15698e-07 1.5045217132006676 2.3010335906918593
3.15923e-07 1.505083938671745 2.302984511986056
3.16147e-07 1.5056451970984732 2.304935456698452
3.16373e-07 1.5062080023316837 2.306885897977618
3.16598e-07 1.5067693132684414 2.308833853573585
3.16824e-07 1.5073321672585749 2.310781309958265
3.1705e-07 1.5078935266325029 2.312726288962921
3.17276e-07 1.508455897237917 2.3146682686535986
3.17503e-07 1.5090188162154172 2.316611272460742
3.1773e-07 1.5095802401417573 2.318551811244779
3.17958e-07 1.5101416852628475 2.3203551257444435
3.18185e-07 1.510701149004888 2.321759669217443
3.18413e-07 1.511258951691515 2.323162417711628
3.18642e-07 1.511816606985641 2.324564357714704
3.18871e-07 1.5123741148636514 2.325965490567221
3.191e-07 1.5129329854816398 2.327366799315997
3.19329e-07 1.513490197760939 2.3287663211920697
3.19559e-07 1.514048242904935 2.3301635311375724
3.19789e-07 1.5146066676047827 2.3315624284056526
3.20019e-07 1.515163436004085 2.3329595448279217
3.2025e-07 1.5157200568648126 2.3343558620703635
3.20481e-07 1.5162765301686754 2.3357513814488815
3.20712e-07 1.5168343612021518 2.3371470812346278
3.20944e-07 1.5173905386478697 2.3385410081454787
3.21176e-07 1.5179465684871567 2.3399341411206285
3.21408e-07 1.5185049288745744 2.3413259531761863
3.21641e-07 1.5190606620959575 2.342717502202818
3.21874e-07 1.5196162476691253 2.3441082611901676
3.22108e-07 1.5201731867406754 2.345499204366802
3.22341e-07 1.5207284762912245 2.346888386481775
3.22575e-07 1.5212836181568612 2.348276782424174
3.2281e-07 1.5218386123264551 2.349664393475739
3.23045e-07 1.5223959274851266 2.351050692780422
3.2328e-07 1.5229506248872702 2.3524367379048745
3.23515e-07 1.5235051745662054 2.35382200196404
3.23751e-07 1.5240610728787516 2.355207454528015
3.23987e-07 1.524615326405588 2.3565911596012614
3.24223e-07 1.5251694321868525 2.3579740874057897
3.2446e-07 1.5257248845394675 2.3593572055335263
3.24697e-07 1.5262786941324558 2.360738581919369
3.24935e-07 1.5268333209913658 2.3621176918370352
3.25173e-07 1.5273868344047372 2.3634975231450794
3.25411e-07 1.5279416916620938 2.364877547172204
3.2565e-07 1.528494908858994 2.366255837057326
3.25888e-07 1.529047978281907 2.3676333584167937
3.26128e-07 1.5296023895180895 2.3690110742711714
3.26367e-07 1.530237880246638 2.3703961631216255
3.26607e-07 1.5310843267203602 2.3718092704787073
3.26848e-07 1.5319303074924682 2.3732215377022787
3.27088e-07 1.532778269039364 2.37463243935547
3.27329e-07 1.5336233192671298 2.3760430310497176
3.27571e-07 1.5344688643017388 2.3774513024479527
3.27812e-07 1.5353129878774643 2.3788602251383386
3.28054e-07 1.536156649555239 2.380268315121801
3.28297e-07 1.537000806560037 2.38167409176113
3.2854e-07 1.5378435461203057 2.383080521582071
3.28783e-07 1.5386867813501717 2.3844846426642703
3.29026e-07 1.5395286017962597 2.3858894181727592
3.2927e-07 1.5403699640954174 2.3872933682912367
3.29515e-07 1.5412133005028963 2.3886959701157093
3.29759e-07 1.542053747330611 2.3900982740582823
3.30004e-07 1.5428937382390222 2.3914997569511027
3.30249e-07 1.5437342258205973 2.3928989447885005
3.30495e-07 1.5445733065288971 2.394298790719657
3.30741e-07 1.5454128842375323 2.3956963461105354
3.30988e-07 1.5462510576850268 2.39709456079481
3.31234e-07 1.547088778884287 2.3984919615770393
3.31482e-07 1.5479269975665513 2.3998870785508633
3.31729e-07 1.5487638158835328 2.401282856597723
3.31977e-07 1.5496026016863245 2.402677303166829
3.32225e-07 1.5504385192041958 2.404071463545146
3.32474e-07 1.5512739880975033 2.4054648170671573
3.32723e-07 1.5521099552616664 2.4068558978930112
3.32972e-07 1.5529445284961845 2.408247642703349
3.33222e-07 1.5537786552562836 2.4096385848359136
3.33472e-07 1.5546132807478985 2.4110272608740333
3.33723e-07 1.5554465161354158 2.412416602611954
3.33974e-07 1.5562802505577578 2.4138036826295792
3.34225e-07 1.557112597411962 2.4151914294769736
3.34477e-07 1.5579445013378852 2.4165783805308183
3.34729e-07 1.558778365515364 2.4179640180943034
3.34981e-07 1.55960938433552 2.4193493819015517
3.35234e-07 1.560297070512977 2.42089796320526
3.35487e-07 1.5608568508892764 2.4225924355879567
3.35741e-07 1.5614165584941513 2.424285805993122
3.35995e-07 1.5619761929471196 2.425978076433004
3.36249e-07 1.562535753870388 2.427669248914131
3.36504e-07 1.5630961774293273 2.4293578698689444
3.36759e-07 1.5636555893890038 2.4310468531534877
3.37014e-07 1.5642149267032903 2.432734744463806
3.3727e-07 1.5647741890049702 2.434421545783754
3.37526e-07 1.5653333759294321 2.436107259091568
3.37783e-07 1.56589248711465 2.4377918863598884
3.3804e-07 1.5664515222011681 2.43947542955578
3.38298e-07 1.5670128624577078 2.441157371229454
3.38555e-07 1.5675717427915439 2.4428387521075803
3.38814e-07 1.5681305459661805 2.4445190547819813
3.39072e-07 1.5686892716322693 2.4461982811976175
3.39331e-07 1.5692479194429505 2.4478764332939744
3.39591e-07 1.5698064890538372 2.4495535130050814
3.3985e-07 1.5703649801229984 2.451229522259534
3.40111e-07 1.5709233923109431 2.4529044629805132
3.40371e-07 1.5714826502796018 2.454576892283027
3.40632e-07 1.572040902940166 2.456249702395286
3.40894e-07 1.572599075717173 2.457921449710407
3.41155e-07 1.5731571682807342 2.459592136130106
3.41418e-07 1.5737151803033236 2.461261763550785
3.4168e-07 1.5742731114597632 2.462930333863547
3.41943e-07 1.5748324019816002 2.464598769441212
3.42207e-07 1.575391089475775 2.466263790594929
3.4247e-07 1.5759487746572987 2.467929200836977
3.42735e-07 1.5765063776976542 2.469593561483626
3.42999e-07 1.5770638982831757 2.4712568743997716
3.43264e-07 1.5776213361024567 2.4729191414451264
3.4353e-07 1.5781786908463353 2.474580364474238
3.43796e-07 1.5787359622078814 2.4762405453365077
3.44062e-07 1.5792940644445066 2.477898250935589
3.44329e-07 1.5798511673958002 2.479556353689481
3.44596e-07 1.5804113492563903 2.4814552248344928
3.44863e-07 1.5809700733838474 2.483440430720119
3.45131e-07 1.5815311666060041 2.485423672323523
3.454e-07 1.58208994012353 2.487405993930238
3.45668e-07 1.5826510775558549 2.4893863567732324
3.45938e-07 1.5832122348994913 2.491365284484682
3.46207e-07 1.5837710748278633 2.4933433011644035
3.46477e-07 1.5843322709715906 2.4953193673039125
3.46748e-07 1.5848925785305656 2.4972954341609777
3.47018e-07 1.5854523826312987 2.499267744278564
3.4729e-07 1.5860136295071963 2.5012395393049807
3.47561e-07 1.586573987819914 2.503211341222867
3.47834e-07 1.5871338397220873 2.505179399801734
3.48106e-07 1.5876942280783939 2.507148372528728
3.48379e-07 1.588255530777838 2.5091145113458633
3.48653e-07 1.5888154227487197 2.511078343573572
3.48927e-07 1.5893758489495409 2.5130430933877905
3.49201e-07 1.5899357639529828 2.515004121964168
3.49476e-07 1.5904962117247 2.516966070393207
3.49751e-07 1.5910575653113643 2.5189252025684543
3.50026e-07 1.5916175078227957 2.520882046270322
3.50302e-07 1.5921779809423877 2.522839813186279
3.50579e-07 1.5927393548510622 2.524794774331446
3.50856e-07 1.5932984247306292 2.526748873602026
3.51133e-07 1.5938598086930766 2.5287010676960473
3.51411e-07 1.5944203045880103 2.530653296617797
3.51689e-07 1.594980281080063 2.532601843368641
3.51968e-07 1.5955416733767103 2.534549907080496
3.52247e-07 1.5961021777927964 2.536498011423409
3.52526e-07 1.5966621601850213 2.5384424464160498
3.52806e-07 1.5972226669254157 2.540387814437067
3.53087e-07 1.5977826499234826 2.542329521599532
3.53367e-07 1.5983440411348828 2.5442707548198142
3.53649e-07 1.5989045448356574 2.5462120382042266
3.53931e-07 1.599464522263783 2.5481496733866544
3.54213e-07 1.6000250207005557 2.5500882468784902
3.54495e-07 1.6005793177245107 2.552050969774597
3.54779e-07 1.6011322224608346 2.5540114318072997
3.55062e-07 1.601686545587898 2.555971398571841
3.55346e-07 1.6022408801834394 2.557929990858038
3.55631e-07 1.6027938223040996 2.5598863327921784
3.55916e-07 1.603348178183402 2.5618421849294375
3.56201e-07 1.6039011414830262 2.5637957936720612
3.56487e-07 1.6044555154833828 2.565748916235774
3.56773e-07 1.6050098970016138 2.5677006775465734
3.5706e-07 1.6055637602152935 2.5696488063773755
3.57347e-07 1.6061181543654561 2.5715978545998013
3.57635e-07 1.6066711557474196 2.573544676649455
3.57923e-07 1.6072255602908987 2.5754910214660804
3.58212e-07 1.6077799685275544 2.5774360180610625
3.58501e-07 1.6083329839290643 2.579378798702154
3.5879e-07 1.608887398037154 2.58132110741046
3.5908e-07 1.6094404192839593 2.5832612069291265
3.59371e-07 1.6099948362958778 2.585200838020015
3.59662e-07 1.6105492532942147 2.587139133731805
3.59953e-07 1.6111022774210468 2.589075230330568
3.60245e-07 1.6116566929429568 2.5910108637186045
3.60537e-07 1.6122105802847289 2.5929429139844213
3.6083e-07 1.612764990657921 2.59487589589403
3.61124e-07 1.6133193974287852 2.5968075550798866
3.61417e-07 1.6138724113854028 2.5987370317581067
3.61712e-07 1.6144268095657583 2.6006660538109605
3.62007e-07 1.6149798149784675 2.602592899934195
3.62302e-07 1.6155342017835117 2.6045192948281812
3.62597e-07 1.616088581507943 2.606444379471842
3.62894e-07 1.616641568561486 2.6083672979856463
3.6319e-07 1.6171959328001364 2.610289770325376
3.63488e-07 1.6177489044487918 2.6122100830226627
3.63785e-07 1.618304106515686 2.614128570129161
3.64083e-07 1.6188584413437328 2.616047142753712
3.64382e-07 1.6194113837308848 2.617963565399102
3.64681e-07 1.6199656963971176 2.6198795501899315
3.64981e-07 1.6207942546219027 2.621862699649882
3.65281e-07 1.6216424155267672 2.623849104623871
3.65582e-07 1.6224888191681934 2.62583319506891
3.65883e-07 1.6233353720548924 2.627818054996311
3.66184e-07 1.6241810215348749 2.6297992301151183
3.66486e-07 1.6250276699366835 2.631779802350464
3.66789e-07 1.625872565828265 2.633758075509781
3.67092e-07 1.6267184595805462 2.6357357505524157
3.67396e-07 1.6275626031937744 2.637711134168201
3.677e-07 1.6284068972187986 2.639687296425422
3.68004e-07 1.629250290586453 2.6416598019760307
3.6831e-07 1.6300946797149487 2.643631718835848
3.68615e-07 1.6309373234319782 2.645601359419719
3.68921e-07 1.631780961872561 2.6475704159719227
3.69228e-07 1.6326233822270275 2.6495394143500524
3.69535e-07 1.63346490423428 2.6515047790575648
3.69843e-07 1.6343074194222977 2.6534695666577317
3.70151e-07 1.6351481950852704 2.655432096644653
3.7046e-07 1.6359899629108197 2.657394054096032
3.70769e-07 1.6368299935583117 2.6593537613134703
3.71079e-07 1.6376701767784092 2.6613142632747127
3.71389e-07 1.6385094644424094 2.663271158757093
3.717e-07 1.6393497422532535 2.665227490745548
3.72011e-07 1.6401882875646636 2.6671815871185642
3.72323e-07 1.641027822026773 2.6691351244674624
3.72635e-07 1.6418647912292736 2.6710877920200127
3.72948e-07 1.6427035843790363 2.6730385455753782
3.73261e-07 1.643540649689629 2.674987077946772
3.73575e-07 1.6443787021783953 2.676935060134613
3.73889e-07 1.6452150291519974 2.678880828284007
3.74204e-07 1.646051510680176 2.680827405077114
3.7452e-07 1.6468871013450168 2.682770419655135
3.74836e-07 1.647723677243326 2.684712892759348
3.75152e-07 1.648559884257887 2.6866539955834243
3.7547e-07 1.6493943715461226 2.688592902037798
3.75787e-07 1.6502329753715375 2.6905443451100366
3.76105e-07 1.6510782119615977 2.692528414337406
3.76424e-07 1.651925252233288 2.694510537920758
3.76743e-07 1.6527710917581246 2.69649258885526
3.77063e-07 1.6536152113571596 2.6984723951213185
3.77383e-07 1.654461131075898 2.700450265093016
3.77704e-07 1.655304507705461 2.7024272447616453
3.78026e-07 1.6561496820979686 2.704402294318137
3.78348e-07 1.6569936608469793 2.706377281918963
3.7867e-07 1.657835925431305 2.7083500430429357
3.78993e-07 1.6586799842681095 2.710320883255644
3.79317e-07 1.6595228505080923 2.712291667826029
3.79641e-07 1.6603648260396404 2.714258896190569
3.79966e-07 1.6612069523177686 2.716226893768061
3.80291e-07 1.6620481888289036 2.7181913438883285
3.80617e-07 1.6628895764802727 2.720156566002542
3.80943e-07 1.6637305952508723 2.7221204039450244
3.8127e-07 1.6645707256697642 2.724080707460182
3.81598e-07 1.6654110078202173 2.726041787091451
3.81926e-07 1.6662517374146888 2.7280001562385343
3.82255e-07 1.6670899494353557 2.729957673574515
3.82584e-07 1.6679291291003462 2.7319146362398365
3.82913e-07 1.6687674227805838 2.7338680859422886
3.83244e-07 1.6696058691798672 2.735822318499478
3.83575e-07 1.6704447613965223 2.737773858607954
3.83906e-07 1.6712811450223843 2.7397245601898255
3.84238e-07 1.6721193046800014 2.741673388477105
3.84571e-07 1.672956287791581 2.7436221935356526
3.84904e-07 1.6737915783740702 2.7455688386627575
3.85238e-07 1.6746286416611267 2.747513619160384
3.85572e-07 1.675463205272958 2.749457574181412
3.85907e-07 1.6762995393869544 2.751399670303992
3.86243e-07 1.6771347019012073 2.7533417529106794
3.86579e-07 1.677968177509269 2.7552816924470314
3.86916e-07 1.6788034203375377 2.757219781616441
3.87253e-07 1.6796374945180237 2.7591578630065343
3.87591e-07 1.6806363780907096 2.7612784422006156
3.87929e-07 1.6817650253571266 2.7635400486539825
3.88268e-07 1.6828929422424206 2.7657998219410875
3.88608e-07 1.684019328029036 2.7680590848418256
3.88948e-07 1.6851457888874108 2.770315204052596
3.89289e-07 1.686270722734923 2.7725708197182195
3.89631e-07 1.6873944174420854 2.7748225024341133
3.89973e-07 1.6885179056302495 2.7770744890322914
3.90315e-07 1.6896414713822123 2.779323353230899
3.90659e-07 1.6907635182301324 2.7815717273832674
3.91002e-07 1.691885643877521 2.783816989667039
3.91347e-07 1.693006254642339 2.786061768564739
3.91692e-07 1.6941256357202348 2.7883026502882515
3.92038e-07 1.6952448165806877 2.7905438516790397
3.92384e-07 1.6963640786873655 2.7927819620337053
3.92731e-07 1.6974818338870816 2.795019602145332
3.93078e-07 1.6985996715461964 2.797254161526415
3.93426e-07 1.6997160062549022 2.799488257149709
3.93775e-07 1.7008311205887305 2.8017184906344745
3.94125e-07 1.7019460408861549 2.80394905911075
3.94475e-07 1.7030610460451232 2.8061765672452452
3.94825e-07 1.7041753457039572 2.8084023231911064
3.95176e-07 1.7052881522092251 2.8106276313423577
3.95528e-07 1.706399745994292 2.812849106000779
3.95881e-07 1.7075111508038952 2.815070928079725
3.96234e-07 1.7086226434381537 2.8172897148979166
3.96588e-07 1.709732650661155 2.819508066442942
3.96942e-07 1.7108427468816216 2.8217233926374594
3.97297e-07 1.7119513615319502 2.8239382897384813
3.97653e-07 1.7130587725215571 2.82614938708361
3.98009e-07 1.714166000502525 2.8283608463700003
3.98366e-07 1.71527331980308 2.8305692999162346
3.98723e-07 1.7163791651524005 2.8327773365672866
3.99082e-07 1.717485102972594 2.834982377182049
3.9944e-07 1.7185895706216092 2.837187006922414
3.998e-07 1.7196928435351972 2.8393878699653157
4.0016e-07 1.7206052941224295 2.8416249890093046
4.00521e-07 1.7214432547073613 2.843875327643157
4.00882e-07 1.7222804164311298 2.8461218935284878
4.01244e-07 1.7231185722426212 2.848367534923723
4.01607e-07 1.7239543743885877 2.8506119842892588
4.01971e-07 1.7247919463024328 2.852854230070253
4.02335e-07 1.7256271674719912 2.855095291074784
4.02699e-07 1.7264641552495272 2.857334156055512
4.03065e-07 1.7273008501200902 2.8595713362015616
4.03431e-07 1.7281351986255156 2.861807342350014
4.03798e-07 1.728971309044688 2.864041163722984
4.04165e-07 1.729805076013982 2.8662738182183043
4.04533e-07 1.7306406017954377 2.86850429537466
4.04902e-07 1.7314758344465209 2.8707331058933843
4.05271e-07 1.7323087280173652 2.8729607601157974
4.05641e-07 1.7331433757922616 2.875186248063349
4.06012e-07 1.7339756873955272 2.8774105867044404
4.06383e-07 1.734809750157822 2.879632766385784
4.06755e-07 1.7356376601079306 2.881851503319512
4.07128e-07 1.7364698676909336 2.8840696249221462
4.07502e-07 1.7373017834935474 2.88628610621502
4.07876e-07 1.7381453511306706 2.8885098687138258
4.08251e-07 1.7389766762064423 2.8907230722416157
4.08626e-07 1.739806946110049 2.892935915248171
4.09003e-07 1.7406376881921306 2.895145861878956
4.09379e-07 1.7414681384109107 2.8973541856494456
4.09757e-07 1.7422975354642756 2.8995621569617867
4.10135e-07 1.743127402603097 2.901767244578003
4.10514e-07 1.7439562179166013 2.903971985059425
4.10894e-07 1.7447855019389216 2.906173850232683
4.11275e-07 1.7456144940572493 2.908374109680999
4.11656e-07 1.746442436364568 2.9105740299011478
4.12037e-07 1.7472708453455836 2.912771087297227
4.1242e-07 1.748098205860385 2.914967810685445
4.12803e-07 1.748926031710179 2.917161679508613
4.13187e-07 1.7497528104402427 2.9193552195037054
4.13572e-07 1.750799737524665 2.9218076118930956
4.13957e-07 1.7519352337720102 2.924366095982476
4.14343e-07 1.7530567350602755 2.926916110232781
4.1473e-07 1.7541909037912342 2.929470212673941
4.15118e-07 1.755324405104093 2.9320221293765907
4.15506e-07 1.7564439448393554 2.9345656120391714
4.15895e-07 1.7575761243731303 2.9371131801424464
4.16285e-07 1.7587076393864944 2.939658578957158
4.16675e-07 1.7598259746284668 2.942194327534643
4.17067e-07 1.7609554249404697 2.944736662017042
4.17458e-07 1.762084962258165 2.947275591833305
4.17851e-07 1.7632013505918451 2.949804909265849
4.18245e-07 1.7643295768249327 2.9523395562941683
4.18639e-07 1.76545639926531 2.9548733133091907
4.19034e-07 1.7665833096654266 2.9574036907376127
4.19429e-07 1.7676971118599507 2.9599245056720638
4.19826e-07 1.7688227187591707 2.962450642694083
4.20223e-07 1.7699469285360443 2.9649759071254147
4.20621e-07 1.7710588033478118 2.9674904018237003
4.21019e-07 1.7721824581746795 2.970010212955849
4.21419e-07 1.7733047208427295 2.9725291643587135
4.21819e-07 1.7744146765778885 2.9750373853877887
4.2222e-07 1.7755363878046893 2.977550917183201
4.22622e-07 1.7766574497880612 2.9800623640936474
4.23024e-07 1.7777647567396546 2.9825655953064305
4.23427e-07 1.77888453280431 2.985072893758276
4.23831e-07 1.7800036624516522 2.9875781225503197
4.24236e-07 1.7811098041330258 2.990073934600746
4.24642e-07 1.7822269182265473 2.9925762794039676
4.25048e-07 1.7833441239289225 2.9950753353382975
4.25455e-07 1.784448371261453 2.997565010086962
4.25863e-07 1.7855635690207594 3.000061209211264
4.26271e-07 1.7866788591336926 3.0025541370099016
4.26681e-07 1.7877812202908663 3.0050377188356054
4.27091e-07 1.7888952404687792 3.0075265886392177
4.27502e-07 1.7900078928742442 3.0100146605211235
4.27914e-07 1.7911355538154892 3.0125581441927256
4.28327e-07 1.792250312614479 3.0150922345869784
4.2874e-07 1.7933759584824915 3.0176327358482506
4.29154e-07 1.794501685953089 3.0201699125857937
4.29569e-07 1.7956267675774549 3.0227049952717286
4.29985e-07 1.796751204288006 3.0252379890035757
4.30402e-07 1.79786206301996 3.027762870114895
4.30819e-07 1.7989852222239264 3.0302917070440714
4.31237e-07 1.8001077392829878 3.0328184701736616
4.31656e-07 1.8012288921885917 3.0353443827768443
4.32076e-07 1.8023501284109986 3.0378670124584364
4.32497e-07 1.803470725264763 3.040387583333252
4.32918e-07 1.8045785274105366 3.0428988911219483
4.33341e-07 1.805697136778777 3.0454165806620073
4.33764e-07 1.8068158304479152 3.0479310105639184
4.34188e-07 1.8079338884139504 3.0504434013558726
4.34612e-07 1.80905131159504 3.052953757917688
4.35038e-07 1.8101552704966863 3.0554561203373436
4.35465e-07 1.8112714361631845 3.057962428719595
4.35892e-07 1.8123869697712862 3.0604667173809856
4.3632e-07 1.8135011565985166 3.062970199819802
4.36749e-07 1.8146154294800072 3.0654704625729003
4.37179e-07 1.8157170032336245 3.0679615766550428
4.37609e-07 1.8168300269305675 3.0704578399249396
4.38041e-07 1.8179417100670923 3.0729533125645863
4.38473e-07 1.8190534802614786 3.075445587886639
4.38907e-07 1.8201646247374788 3.077935876711165
4.39341e-07 1.8212751443983823 3.08042418371291
4.39776e-07 1.8223723109144914 3.082904610847994
4.40211e-07 1.8234815927413486 3.0853889737059936
4.40648e-07 1.8245902524355166 3.0878713686425967
4.41086e-07 1.8256975823509405 3.090352999610573
4.41524e-07 1.826805001106184 3.0928314716561207
4.41963e-07 1.8278998236762078 3.0953009167761887
4.42403e-07 1.829006012800399 3.097775491358277
4.42844e-07 1.8301080120668978 3.100281492998894
4.43286e-07 1.8312384825944041 3.103118492764119
4.43729e-07 1.832369079662887 3.105951777491823
4.44173e-07 1.833487164957066 3.108775512008273
4.44617e-07 1.8346159105444289 3.111604978017416
4.45063e-07 1.8357328670755477 3.11442372827806
4.45509e-07 1.8368611698281991 3.117247015753262
4.45956e-07 1.837988895486129 3.1200678165594926
4.46405e-07 1.839103456552806 3.1228803249411397
4.46854e-07 1.8402300391593167 3.1256961779776837
4.47304e-07 1.8413560461203897 3.1285095634477633
4.47754e-07 1.8424689188428598 3.1313146946453623
4.48206e-07 1.8435937856048952 3.1341231702536816
4.48659e-07 1.844706234714039 3.136922232442629
4.49113e-07 1.8458299624664294 3.1397258240710797
4.49567e-07 1.8469524219861297 3.1425281620186682
4.50022e-07 1.848063187521642 3.14531994319698
4.50479e-07 1.8491852067027044 3.1481162508217713
4.50936e-07 1.8502941617475237 3.150904391598858
4.51394e-07 1.8514150474978002 3.1536958759685882
4.51853e-07 1.8525353625470824 3.156484954738015
4.52314e-07 1.8536433340219467 3.1592647261291664
4.52775e-07 1.8547618278215647 3.162050195354905
4.53237e-07 1.8558686871627603 3.164825205914416
4.53699e-07 1.856986742563129 3.167604735767268
4.54163e-07 1.858104229800936 3.1703818900574317
4.54628e-07 1.859208731910423 3.1731509747901945
4.55094e-07 1.860325093680951 3.1759234018123044
4.55561e-07 1.8614291757834232 3.1786866118662522
4.56028e-07 1.8625437281842911 3.1814555064307655
4.56497e-07 1.8636584009112585 3.184220883558034
4.56966e-07 1.8647608211276647 3.1869770818147916
4.57437e-07 1.8658743727761697 3.189737790945028
4.57909e-07 1.8669750074208318 3.1924905134289774
4.58381e-07 1.868087440716817 3.195246576739252
4.58855e-07 1.869199311036657 3.1980003227610707
4.59329e-07 1.870302453361856 3.2007657313604474
4.59804e-07 1.8714291639189355 3.2035944055960526
4.60281e-07 1.872555985468955 3.20641948576845
4.60758e-07 1.8736706186894587 3.2092353586703704
4.61237e-07 1.8747956336692293 3.212056766002931
4.61716e-07 1.875920759042752 3.2148746000750226
4.62197e-07 1.877033723154257 3.2176832656211416
4.62678e-07 1.8781577225680457 3.2204963019450883
4.6316e-07 1.8792804805270296 3.2233081026315036
4.63644e-07 1.880403348138601 3.2261163574320846
4.64128e-07 1.8815140903715726 3.228915494754665
4.64614e-07 1.882635835970926 3.2317189993689035
4.651e-07 1.8837563448369974 3.2345212886474632
4.65587e-07 1.8848654279799497 3.2373133431279153
4.66076e-07 1.8859854907478255 3.2401097622320325
4.66565e-07 1.8871049905653494 3.2429038291963956
4.67056e-07 1.88821174872384 3.2456900049170967
4.67548e-07 1.8893301331886516 3.2484793907572582
4.6804e-07 1.8904479562403103 3.2512664417505324
4.68534e-07 1.8915537336535546 3.254044487602882
4.69029e-07 1.8926697767794318 3.2568280402769663
4.69524e-07 1.8937859276426885 3.2596081267136205
4.70021e-07 1.8949015191669094 3.2623859010455925
4.70519e-07 1.8960051000970262 3.26515471908973
4.71018e-07 1.8971189184024015 3.2679290369529594
4.71518e-07 1.898232843913669 3.270699914347474
4.72019e-07 1.899334784931014 3.273461871665675
4.72521e-07 1.9004476046407701 3.2762281816114154
4.73024e-07 1.9015592064034317 3.278993353981927
4.73528e-07 1.902659512020843 3.2817485002180455
4.74034e-07 1.903770673478788 3.284507996214635
4.7454e-07 1.9048812803199082 3.2872652299614056
4.75047e-07 1.905990673888728 3.290021344756111
4.75556e-07 1.9070888031630446 3.292767483918331
4.76066e-07 1.9081977580480294 3.2955179689723324
4.76576e-07 1.9093061604470651 3.2982662133795557
4.77088e-07 1.910516096468559 3.301254572865513
4.77601e-07 1.9119403775232344 3.304679410654487
4.78115e-07 1.9133530491013937 3.3080930897581466
4.7863e-07 1.9147648016988856 3.3115033211254636
4.79147e-07 1.9161862887897152 3.314917780782157
4.79664e-07 1.917596198217556 3.3183211386811893
4.80183e-07 1.9190051926660712 3.321721079422435
4.80702e-07 1.9204126222265963 3.3251187406778775
4.81223e-07 1.92183105742563 3.3285183810947654
4.81745e-07 1.923237305798033 3.3319081221446187
4.82268e-07 1.9246419955482923 3.33529561074099
4.82792e-07 1.926046426691803 3.338678606540657
4.83317e-07 1.9274611775123927 3.3420647197230426
4.83844e-07 1.9288631394973883 3.345442124878522
4.84371e-07 1.9302648446241795 3.348815069601785
4.849e-07 1.9316768442065728 3.3521911387097045
4.8543e-07 1.93307609046362 3.3555585483674863
4.85961e-07 1.9344750816300895 3.3589215295162433
4.86493e-07 1.9358731737851647 3.362281211466561
4.87026e-07 1.9372808848040826 3.3656451427070104
4.87561e-07 1.9386771740545645 3.368998246541573
4.88097e-07 1.9400725682834938 3.3723480796332566
4.88634e-07 1.941466428681762 3.3756957643867014
4.89172e-07 1.942871158198404 3.379045477255257
4.89711e-07 1.9442632278345822 3.38238665724511
4.90251e-07 1.9456550471605343 3.3857234917431254
4.90793e-07 1.9470570703100092 3.389063474626021
4.91336e-07 1.9484464681923224 3.392394971021378
4.9188e-07 1.949835617591244 3.3957221523009546
4.92425e-07 1.9512238825636274 3.399046136769355
4.92972e-07 1.9526216846703157 3.4023743831984072
4.93519e-07 1.9540081761197687 3.4056919931700964
4.94068e-07 1.9553937871091163 3.4090064333563426
4.94618e-07 1.9567778866273637 3.412318815350326
4.9517e-07 1.958172758819811 3.415633258033419
4.95722e-07 1.9595557277713145 3.418938234341382
4.96276e-07 1.961350622440866 3.422310077148062
4.96831e-07 1.9633317037022429 3.425707427490321
4.97387e-07 1.9653107884282788 3.4291014121942474
4.97945e-07 1.9672885110792757 3.4324909447549183
4.98504e-07 1.9692636201589888 3.435878229169609
4.99064e-07 1.9712367506834134 3.4392621777417465
4.99625e-07 1.9732079085854246 3.4426428003067744
5.00188e-07 1.975188647194891 3.4460252744295974
5.00751e-07 1.9771558661519288 3.4493992693016833
5.01317e-07 1.9791211301420752 3.452769967399341
5.01883e-07 1.9810850691577915 3.4561362894480787
5.02451e-07 1.9830464400304617 3.4595004239510487
5.0302e-07 1.985005873298663 3.4628612904692253
5.0359e-07 1.9869633746922708 3.466218898507204
5.04161e-07 1.9889195716937278 3.4695721728573914
5.04734e-07 1.990884061908949 3.4729295051819116
5.05308e-07 1.9928357906607521 3.4762773894697276
5.05884e-07 1.9947856102098849 3.479622052852928
5.06461e-07 1.9967341455591374 3.4829624241501342
5.07039e-07 1.9986801628598607 3.4863006745559857
5.07618e-07 2.0006242876503104 3.489635731754292
5.08199e-07 2.0025671430933403 3.4929665275517636
5.08781e-07 2.0045074987823073 3.496295226761393
5.09364e-07 2.006456731124096 3.499626924955458
5.09949e-07 2.008393329841333 3.502949295572398
5.10535e-07 2.010328678693651 3.506267445072917
5.11122e-07 2.0122615518199387 3.509583529841224
5.11711e-07 2.0141925704816424 3.5128964845243376
5.12301e-07 2.016121740005215 3.516206317968509
5.12893e-07 2.0180496787268147 3.519511969834653
5.13486e-07 2.0199751652817675 3.5228155881844145
5.1408e-07 2.021909489759253 3.5261222305499453
5.14676e-07 2.0238319162007565 3.5294185958926474
5.15273e-07 2.0257519078926616 3.532712950740657
5.15871e-07 2.027670081908053 3.5360042365733966
5.16471e-07 2.02958644339864 3.5392924619516175
5.17072e-07 2.031566102481115 3.5429071154562193
5.17674e-07 2.0335509925003366 3.546603958591811
5.18278e-07 2.0355445528636302 3.5503030330794014
5.18884e-07 2.0375255802153958 3.553992190485523
5.19491e-07 2.0395152677782304 3.557683590132842
5.20099e-07 2.0414924548450664 3.5613651095035643
5.20708e-07 2.0434782920106955 3.565048881841447
5.2132e-07 2.0454522654210505 3.5687217557714006
5.21932e-07 2.047423738167893 3.5723919106970037
5.22546e-07 2.0494038458885955 3.576064334368576
5.23161e-07 2.0513715333475435 3.5797269683355255
5.23778e-07 2.053347845720577 3.58339188137794
5.24397e-07 2.055311769536147 3.587047040393226
5.25016e-07 2.057284308227263 3.590704488659312
5.25638e-07 2.0592450898574537 3.5943511709489426
5.2626e-07 2.061213875701147 3.598001200859019
5.26885e-07 2.063170335722628 3.601641547156771
5.2751e-07 2.0651353906087873 3.6052842026038543
5.28137e-07 2.06708815070683 3.6089172091906714
5.28766e-07 2.069049495695469 3.6125525346543643
5.29396e-07 2.070998576711706 3.6161782457093996
5.30028e-07 2.0729568283384663 3.619805245058783
5.30661e-07 2.0749022503070633 3.6234237053275065
5.31296e-07 2.076856237285303 3.6270445034974235
5.31932e-07 2.078798021278999 3.6306557552697667
5.3257e-07 2.0807483603737413 3.6342693542441253
5.33209e-07 2.0826865266589953 3.6378734403943893
5.3385e-07 2.0846228965960414 3.6414739626986856
5.34492e-07 2.086568398234424 3.6450758127246914
5.35136e-07 2.0885011798845015 3.6486692338959634
5.35781e-07 2.0904424919652826 3.652265024914542
5.36428e-07 2.0923717057365017 3.6558513857878134
5.37077e-07 2.094309440107383 3.659440125336511
5.37727e-07 2.0962351056230384 3.6630194673310745
5.38379e-07 2.0981692819296605 3.6666011966988212
5.39032e-07 2.100098186138497 3.6701379253949304
5.39687e-07 2.102069435674653 3.6729519343979384
5.40343e-07 2.1040497169634516 3.675768655866958
5.41001e-07 2.1060179476717513 3.678577387512126
5.41661e-07 2.1079940294631307 3.6813908822960117
5.42322e-07 2.109958673790449 3.6841953809622465
5.42985e-07 2.1119317471485304 3.6870036214538553
5.4365e-07 2.113892239354442 3.6898049270392246
5.44316e-07 2.115861737751395 3.6926089548285983
5.44984e-07 2.1178192661902484 3.695405044680028
5.45653e-07 2.1197846249018744 3.6982058969141214
5.46324e-07 2.1217386238952605 3.700997809797914
5.46997e-07 2.123701028757167 3.703793468802526
5.47671e-07 2.1256509344226386 3.706582239073057
5.48347e-07 2.1276098207748824 3.7093737408702467
5.49025e-07 2.129556816276515 3.7121573557366565
5.49704e-07 2.1315020765199795 3.7149389096200474
5.50385e-07 2.1334551427707336 3.71772522467905
5.51068e-07 2.13539693812273 3.7205026654128246
5.51753e-07 2.13734711237118 3.723283856860959
5.52439e-07 2.139284881105111 3.726058212444474
5.53127e-07 2.1412316008584495 3.728835309921161
5.53816e-07 2.1431665201728722 3.731604578889609
5.54508e-07 2.1451092247060073 3.7343786077363403
5.55201e-07 2.147040732951465 3.7371438170015296
5.55895e-07 2.148980597015962 3.739912780580729
5.56592e-07 2.15090813430315 3.7426749527859693
5.5729e-07 2.1528445972529338 3.7454398753579197
5.5799e-07 2.15476933574153 3.748197018601343
5.58692e-07 2.1567018386818857 3.7509589201927853
5.59396e-07 2.1586232185660363 3.7537120560496366
5.60101e-07 2.1605529312415475 3.756468949518476
5.60808e-07 2.162470394459248 3.759219095359133
5.61517e-07 2.164396758060377 3.761971999670156
5.62227e-07 2.166311471799678 3.7647171730225484
5.6294e-07 2.168233929252033 3.7674671029698072
5.63654e-07 2.170130710931386 3.7703258881066986
5.6437e-07 2.171822684840488 3.774594517877085
5.65088e-07 2.1735234853146546 3.7788641601960715
5.65808e-07 2.1752132196498404 3.783123385635132
5.6653e-07 2.17691176433494 3.7873836390970297
5.67253e-07 2.178599264609849 3.7916335207610157
5.67978e-07 2.180285085729473 3.795879747180405
5.68705e-07 2.1819802627365705 3.8001260330378455
5.69435e-07 2.183664427730501 3.804362013917127
5.70165e-07 2.185357363061892 3.808599060584984
5.70898e-07 2.187039307888167 3.8128258463045426
5.71633e-07 2.1887300072530107 3.8170537125707
5.72369e-07 2.1904097375324905 3.82127136150747
5.73108e-07 2.192087803440352 3.825485451284836
5.73848e-07 2.19377516494111 3.8296996584996577
5.7459e-07 2.195451589291181 3.8339037130477305
5.75335e-07 2.1971367291814605 3.8381088841665507
5.76081e-07 2.198810953120661 3.842303945234342
5.76829e-07 2.200493877196396 3.84650013695292
5.77579e-07 2.2021653468632554 3.850687239302273
5.78331e-07 2.203837403854623 3.8548669630259207
5.79085e-07 2.2055147862569546 3.8590537016732562
5.7984e-07 2.207186885635748 3.863220670389207
5.80598e-07 2.2088620709452247 3.8673985634351715
5.81358e-07 2.2105264193146286 3.871566485350336
5.8212e-07 2.212204974335956 3.875725847951161
5.82884e-07 2.213867152228394 3.8798850199092056
5.8365e-07 2.21553379530633 3.8840301232282517
5.84417e-07 2.217203521335561 3.8881861394515065
5.85187e-07 2.2188624621518334 3.8923322861680885
5.85959e-07 2.2205355383990377 3.8964699507750735
5.86733e-07 2.2221923231565404 3.9006074810336737
5.87509e-07 2.2238577085759457 3.904746228372934
5.88287e-07 2.225517849719282 3.9088655258807687
5.89067e-07 2.2271714189799177 3.9129902286513594
5.89849e-07 2.228839053667745 3.9171065248668597
5.90634e-07 2.230592299511494 3.9212679080419863
5.9142e-07 2.232576605108463 3.9255315942783633
5.92209e-07 2.2345537470688135 3.9298003064455163
5.92999e-07 2.236534670084153 3.9340548204732007
5.93792e-07 2.238513904700705 3.9383047750952946
5.94587e-07 2.240491454994751 3.9425501848301816
5.95383e-07 2.2424673250276546 3.946791064119899
5.96182e-07 2.2444415188459232 3.951027427330693
5.96984e-07 2.2464086118697177 3.9552688469284147
5.97787e-07 2.2483794716663494 3.9594962114656274
5.98593e-07 2.250348667277749 3.9637191026003267
5.994e-07 2.252316202691753 3.967937534400938
6.0021e-07 2.254282081881658 3.972151520862806
6.01022e-07 2.256246308806276 3.976361075908719
6.01836e-07 2.258203496465799 3.980575716080572
6.02653e-07 2.260164436877839 3.984776440620893
6.03472e-07 2.2621237367938445 3.9889727751096706
6.04293e-07 2.264081400115434 3.993164733184528
6.05116e-07 2.2660374307300484 3.9973523284131005
6.05941e-07 2.267991832511014 4.0015355742935315
6.06769e-07 2.269939255282637 4.005723932408858
6.07599e-07 2.2718904170354532 4.009898510812652
6.08431e-07 2.273830531277103 4.014063438084643
6.09265e-07 2.2757784711600806 4.018229417267723
6.10102e-07 2.277724801321205 4.022391113573333
6.10941e-07 2.279669525550601 4.02654854009288
6.11783e-07 2.2816126476246956 4.0307017098516456
6.12626e-07 2.283548859403277 4.0348600215226815
6.13472e-07 2.2854887943774704 4.039004707749792
6.14321e-07 2.2874271384245723 4.043145175924459
6.15172e-07 2.2893638952669146 4.047281438811947
6.16025e-07 2.2912990686134247 4.0514135091136705
6.1688e-07 2.293232662159684 4.0555413994676455
6.17738e-07 2.2951594030350178 4.0596744555863165
6.18598e-07 2.2970898538349513 4.063794015029733
6.19461e-07 2.299018735823018 4.067909432087355
6.20326e-07 2.301118907012199 4.072670895641951
6.21193e-07 2.303384761350462 4.078085501656571
6.22063e-07 2.3056526371278974 4.083507571083324
6.22935e-07 2.307914451433513 4.088908059022073
6.2381e-07 2.3101782902373627 4.094316027456116
6.24687e-07 2.312436082164956 4.0997025055604235
6.25567e-07 2.3146959016297988 4.105096480842049
6.26449e-07 2.316949688772577 4.110469055996328
6.27334e-07 2.3192055064710075 4.1158491446171155
6.28221e-07 2.3214553063591095 4.121207922372138
6.29111e-07 2.323707139800125 4.126574229498129
6.30003e-07 2.3259529698990584 4.1319193140939054
6.30898e-07 2.32820083652653 4.13727194358829
6.31795e-07 2.3304427142357063 4.142603437976447
6.32695e-07 2.3326866314269474 4.147942492421755
6.33597e-07 2.3349245740783 4.153260498287428
6.34502e-07 2.3371645591427197 4.158586079007237
6.3541e-07 2.3393985839994094 4.163890696790496
6.3632e-07 2.3416346541772435 4.169202903870689
6.37233e-07 2.3438647784324425 4.174494232787508
6.38148e-07 2.3460969508935707 4.179793165097061
6.39066e-07 2.3483231916693215 4.185071303159839
6.39987e-07 2.350551483512153 4.190357058371181
6.4091e-07 2.3527738578583075 4.195622102408827
6.41837e-07 2.354998286108743 4.200894777017762
6.42765e-07 2.3572168110019645 4.206146822695359
6.43697e-07 2.359437392612427 4.211406512040571
6.44631e-07 2.3616520849552605 4.216645653878628
6.45568e-07 2.3638598203758576 4.221887403802638
6.46507e-07 2.3660797134238036 4.227118783554073
6.47449e-07 2.368283655573411 4.232347749565973
6.48394e-07 2.3704997299621984 4.237566397090535
6.49342e-07 2.3726998954415395 4.2427826710577925
6.50293e-07 2.374912167972522 4.247988677666637
6.51246e-07 2.3771085733069097 4.253192350375094
6.52202e-07 2.379317060702915 4.258385806306418
6.53161e-07 2.382561399602243 4.263331892179472
6.54123e-07 2.3862695118252595 4.268147394721363
6.55088e-07 2.389976126716743 4.272971552242768
6.56055e-07 2.3936734042000043 4.277776568028587
6.57025e-07 2.39736921520681 4.2825902388649455
6.57999e-07 2.401059654535261 4.2873986827255735
6.58975e-07 2.4047408458324853 4.292188082507002
6.59954e-07 2.408420616074641 4.29698613727498
6.60936e-07 2.4120911969293797 4.301765212363898
6.6192e-07 2.415760386426632 4.306552942276241
6.62908e-07 2.41942044445278 4.311321756380066
6.63899e-07 2.423079140371566 4.3160992250530805
6.64893e-07 2.4267287620207556 4.320857841264717
6.65889e-07 2.430377050373761 4.325625111701598
6.66889e-07 2.434020163380196 4.33038729858443
6.67892e-07 2.437654286623171 4.335130727105276
6.68897e-07 2.441287118997405 4.339882809176148
6.69906e-07 2.4449110170760977 4.3446161949498
6.70918e-07 2.448533652035632 4.349358233711147
6.71933e-07 2.452147407494993 4.354081637737678
6.72951e-07 2.4557599271741206 4.3588136941046525
6.73972e-07 2.4593674163286923 4.36354077424507
6.74996e-07 2.462966106956329 4.3682493111103
6.76023e-07 2.4665636020736885 4.372966499194194
6.77053e-07 2.470152351827554 4.377665204334291
6.78087e-07 2.473739932416385 4.382372559839182
6.79123e-07 2.477318820171734 4.387061492249347
6.80163e-07 2.480896564722714 4.391759074090126
6.81206e-07 2.484469417130632 4.396451783501943
6.82252e-07 2.4880336543509465 4.40112615874425
6.83302e-07 2.4915967866163986 4.405809181873083
6.84355e-07 2.495151354686514 4.410473929499408
6.85411e-07 2.498704842831409 4.415147323882764
6.8647e-07 2.502249817176068 4.419802500967398
6.87532e-07 2.505793736264648 4.424466323603689
6.88598e-07 2.509332895535943 4.429125374226699
6.89667e-07 2.5127791015372782 4.434631756202818
6.90739e-07 2.516201864979282 4.440323391975546
6.91815e-07 2.519623678688824 4.446021084319034
6.92894e-07 2.523040862778125 4.451711490567216
6.93977e-07 2.5264497581497416 4.457381336665609
6.95063e-07 2.5298577441459518 4.463057271155642
6.96152e-07 2.53325268852421 4.46872120230331
6.97244e-07 2.5366515560321314 4.474382763769795
6.98341e-07 2.540050674582028 4.480028730872673
6.9944e-07 2.5434320446881484 4.485671250319905
7.00543e-07 2.546817359112435 4.4913114633341165
7.0165e-07 2.550189776929604 4.496939837084355
7.0276e-07 2.553570918015265 4.5025575435893455
7.03873e-07 2.5569428398595275 4.5081766476380345
7.0499e-07 2.560301950204498 4.51378400859201
7.06111e-07 2.5636697866734552 4.519380795540725
7.07235e-07 2.567020113850996 4.524974283343009
7.08363e-07 2.570374432147982 4.530565607232728
7.09494e-07 2.573724388513458 4.536150044699688
7.10629e-07 2.5770663974646792 4.541714567973376
7.11768e-07 2.580407685536991 4.547285324628131
7.1291e-07 2.5837363552826123 4.552844556275677
7.14056e-07 2.587073756019941 4.558393425219803
7.15206e-07 2.5904021642418784 4.563943839762821
7.16359e-07 2.593718034726252 4.569482820151993
7.17516e-07 2.597037945615646 4.575019791319764
7.18677e-07 2.6003500582121353 4.580537132831024
7.19841e-07 2.603661530912188 4.586060767974188
7.2101e-07 2.606968806169662 4.591577763290269
7.22182e-07 2.6102683452263493 4.597075247816888
7.23358e-07 2.613567277844607 4.602579050469428
7.24538e-07 2.616862060373133 4.608076284418512
7.25721e-07 2.6201445138423396 4.613562319229914
7.26909e-07 2.623435701382564 4.619038306757006
7.281e-07 2.626709956782391 4.624511346840848
7.29296e-07 2.6299883084198994 4.629982559624319
7.30495e-07 2.6337012693689528 4.635966175057323
7.31698e-07 2.637409031319945 4.641942093400996
7.32905e-07 2.6411069951609973 4.647918476037241
7.34117e-07 2.644812550562059 4.6538836929612435
7.35332e-07 2.6485048397554896 4.659836680207607
7.36551e-07 2.6521874118727045 4.665790186848958
7.37774e-07 2.6558695013972713 4.671728032372196
7.39002e-07 2.6595545975848323 4.677662948261089
7.40233e-07 2.663221967706884 4.683593839059545
7.41469e-07 2.6668889009005863 4.689509186444434
7.42708e-07 2.6705508249296823 4.695417096332616
7.43952e-07 2.674211224870823 4.701330202743168
7.452e-07 2.6778631865322806 4.707223305281451
7.46452e-07 2.6815101997772666 4.713109053640656
7.47709e-07 2.6851477302192213 4.71899547924147
7.4897e-07 2.6887929054413484 4.724871139867385
7.50234e-07 2.692425187777357 4.7307349737411775
7.51504e-07 2.696048062615747 4.736599535102595
7.52777e-07 2.69967063112768 4.742448894460891
7.54055e-07 2.7032963215773425 4.74829558918288
7.55337e-07 2.706904715774999 4.754138527670911
7.56624e-07 2.7105128451800593 4.7599663742390135
7.57915e-07 2.714116201228073 4.765787107474347
7.5921e-07 2.7177182083762874 4.771613171678946
7.6051e-07 2.721312069238354 4.77741974063221
7.61814e-07 2.724896716940829 4.783227165627293
7.63123e-07 2.7284811669212132 4.789019678205942
7.64436e-07 2.732068808516731 4.794809691162937
7.65754e-07 2.7356394254858905 4.80059611572071
7.67076e-07 2.7392098837723853 4.80636773326348
7.68403e-07 2.742775715852761 4.812132440765906
7.69734e-07 2.746340307482022 4.817902560710465
7.7107e-07 2.749896935986186 4.8236535073060764
7.72411e-07 2.7534489915456173 4.829397617616878
7.73756e-07 2.756992041986673 4.835142719670004
7.75107e-07 2.7607009364434045 4.840998828803772
7.76461e-07 2.7652923191342733 4.847570691621011
7.77821e-07 2.769884054256821 4.8541382009607235
7.79185e-07 2.7744606245517938 4.860692518272301
7.80554e-07 2.779029846932111 4.8672381172631685
7.81928e-07 2.783591755983105 4.873775032146755
7.83307e-07 2.788146386023988 4.880303296916968
7.84691e-07 2.792693771110677 4.886822945350115
7.86079e-07 2.7972339450385695 4.893334011006814
7.87473e-07 2.8017669413452917 4.899836527233878
7.88871e-07 2.806292793313404 4.906330527166178
7.90275e-07 2.8108115339730726 4.9128160437284905
7.91683e-07 2.815323196104706 4.91929310963732
7.93096e-07 2.8198278122415568 4.925761757402706
7.94515e-07 2.824329786208827 4.932214385168836
7.95939e-07 2.8288204018908742 4.938666304393733
7.97367e-07 2.8333040677374104 4.945109901737004
7.98801e-07 2.8377808153183044 4.951545208900815
8.0024e-07 2.84225067596877 4.9579722573896
8.01684e-07 2.8467136807917695 4.964391078511747
8.03134e-07 2.851169860660387 4.970801703381273
8.04588e-07 2.855619246220165 4.977204162919482
8.06048e-07 2.8600618678914205 4.9835984878565975
8.07514e-07 2.8645052924006444 4.9899890350772615
8.08984e-07 2.8689344660466247 4.996367177306952
8.1046e-07 2.873356965780702 5.002737276012051
8.11941e-07 2.877772821144497 5.0090993611744175
8.13428e-07 2.8821820614655262 5.015453462592756
8.1492e-07 2.8865890176723528 5.021792126019021
8.16418e-07 2.8909851101850523 5.028130359021301
8.17921e-07 2.895374674389927 5.034460696549192
8.1943e-07 2.8997577387791074 5.040783167684296
8.20944e-07 2.904134331641047 5.047097801332583
8.22464e-07 2.9085044810625296 5.053404626225849
8.2399e-07 2.912868214930651 5.059703670923158
8.25521e-07 2.917225560934779 5.065994963812265
8.27058e-07 2.921872134547356 5.072586792815311
8.28601e-07 2.927033216413072 5.079716867108388
8.30149e-07 2.9321854968486125 5.086837110418354
8.31704e-07 2.9373290196561803 5.093947562521069
8.33264e-07 2.9424638282828512 5.101048262931157
8.3483e-07 2.947589965824525 5.108139250904327
8.36402e-07 2.952703242851194 5.115227897204967
8.37979e-07 2.9578121712342527 5.122299565654227
8.39563e-07 2.9629125557343365 5.129361637955368
8.41153e-07 2.9680044380811577 5.136414152350786
8.42749e-07 2.9730878596722023 5.143457146835214
8.4435e-07 2.978162861576363 5.150490659157894
8.45958e-07 2.983229484537518 5.157514726824731
8.47572e-07 2.988287768978067 5.164529387100427
8.49193e-07 2.9933377550024174 5.1715346770105795
8.50819e-07 2.998379482400419 5.178530633343768
8.52452e-07 3.003412990650754 5.185517292653617
8.54091e-07 3.008438318924281 5.192494691260834
8.55736e-07 3.0134555060873365 5.199462865255226
8.57388e-07 3.0184604236278085 5.20642903812271
8.59046e-07 3.0234614488574625 5.213378859504387
8.6071e-07 3.0284544477645983 5.220319563224572
8.62381e-07 3.033439458029636 5.227251184468863
8.64059e-07 3.038416517044304 5.234173758201732
8.65743e-07 3.0433856619146837 5.2410873191684075
8.67433e-07 3.0483540533319182 5.247996039867517
8.6913e-07 3.0533074696412545 5.254891673875598
8.70834e-07 3.0582530814859163 5.261778398072091
8.72545e-07 3.0631909248586737 5.2686562463437046
8.74262e-07 3.068121035481263 5.275525252367068
8.75986e-07 3.0730434488071916 5.282385449610508
8.77717e-07 3.0779582000245087 5.289236871335799
8.79454e-07 3.0828612193253906 5.296086602163944
8.81199e-07 3.087760755527145 5.30292056166916
8.8295e-07 3.092652733603652 5.309745844262807
8.84709e-07 3.097537187708192 5.31656248239736
8.86474e-07 3.1027047535608725 5.3241127700086555
8.88247e-07 3.108159777910606 5.332415700695258
8.90027e-07 3.1136053355936006 5.340705776003481
8.91813e-07 3.1190414753286495 5.3489830552003355
8.93607e-07 3.1244682454210064 5.357247597100979
8.95409e-07 3.1298926466343993 5.365503515929897
8.97217e-07 3.1353008093899635 5.373742752064092
8.99033e-07 3.1406997450407985 5.381969424708704
9.00856e-07 3.146089500285531 5.3901835909184825
9.02687e-07 3.1514701214328817 5.398385307319605
9.04525e-07 3.1568416544061755 5.406574630114147
9.0637e-07 3.1622110303984647 5.414755636293638
9.08223e-07 3.1675645122609395 5.4229203331171005
9.10084e-07 3.172909041503637 5.431072802463205
9.11952e-07 3.1782446625517347 5.439213098880995
9.13828e-07 3.18357141946662 5.4473412765168945
9.15712e-07 3.1888893559500264 5.455457389118843
9.17604e-07 3.194205335688459 5.4635654774643845
9.19503e-07 3.1995057502914213 5.471657614119131
9.2141e-07 3.204797473500687 5.47973784465611
9.23325e-07 3.2100805476191265 5.487806221269361
9.25249e-07 3.2153550146097443 5.4958627957742925
9.2718e-07 3.2206209160994694 5.503907619611487
9.29119e-07 3.225885050230928 5.511944698316865
9.31066e-07 3.2311339338643927 5.5199661682450545
9.33022e-07 3.2363743749462 5.52797603963769
9.34986e-07 3.2416064137954392 5.535974362473126
9.36958e-07 3.246830090413283 5.543961186373252
9.38938e-07 3.2520454444864666 5.551936560607045
9.40927e-07 3.257259210481869 5.559904456397517
9.42924e-07 3.262458027157244 5.567857072425866
9.4493e-07 3.2676486385412953 5.575798384532997
9.46944e-07 3.272831083096499 5.583728440610503
9.48967e-07 3.278005398987584 5.591647288214069
9.50999e-07 3.283171624084727 5.5995549745667414
9.53039e-07 3.2883364309589864 5.607455437466453
9.55088e-07 3.2951001999471736 5.616020417314373
9.57146e-07 3.3026190875626256 5.624899362436007
9.59213e-07 3.310124807450523 5.633775487264234
9.61289e-07 3.3176120048203908 5.642627881982682
9.63373e-07 3.325090075418377 5.651470959816195
9.65467e-07 3.332545955877018 5.660297037084915
9.6757e-07 3.3399824663709494 5.669116586882419
9.69682e-07 3.3474139527855598 5.677920409032117
9.71803e-07 3.354823562129999 5.686707407017053
9.73934e-07 3.3622244417971667 5.695485334632885
9.76074e-07 3.3695998100377893 5.7042530518733745
9.78223e-07 3.376963959244753 5.713001451254673
9.80382e-07 3.38431960757643 5.7217409244238135
9.82551e-07 3.3916538822885562 5.730463860565132
9.84729e-07 3.398969535306153 5.7391805949925745
9.86917e-07 3.4062807339671073 5.7478820828715245
9.89114e-07 3.4135708505304523 5.756567202039007
9.91321e-07 3.4208528327197527 5.765243629121561
9.93539e-07 3.4281101215680385 5.773910200686986
9.95766e-07 3.4353568326342745 5.782557960585176
9.98003e-07 3.4425956207055544 5.791197165327827
1.00025e-06 3.449813795944675 5.799820275378385
