0.3400   0.9396
0.3700   0.9405
0.4000   0.9412
0.4300   0.9418
0.4600   0.9425
0.4900   0.9431
0.5200   0.9437
0.5500   0.9443
0.5800   0.9449
0.6100   0.9455
0.6400   0.9462
0.6700   0.9471
0.7000   0.9479
0.7300   0.9485
0.7600   0.9489
0.7900   0.9488
0.8200   0.9485
0.8500   0.9479
0.8800   0.9472
0.9100   0.9465
0.9400   0.9456
0.9700   0.9447
1.000   0.9439
1.030   0.9431
1.060   0.9423
1.090   0.9416
1.120   0.9408
1.150   0.9399
1.180   0.9391
1.210   0.9383
1.240   0.9375
1.270   0.9368
1.300   0.9360
1.330   0.9351
1.360   0.9343
1.390   0.9335
1.420   0.9327
1.450   0.9320
1.480   0.9312
1.510   0.9303
1.540   0.9291
1.570   0.9273
1.600   0.9255
1.630   0.9234
1.660   0.9210
1.690   0.9186
1.720   0.9161
1.750   0.9134
1.780   0.9109
1.810   0.9084
1.840   0.9060
1.870   0.9039
1.900   0.9018
1.930   0.8999
1.960   0.8982
1.990   0.8966
2.020   0.8953
2.050   0.8941
2.080   0.8928
2.110   0.8911
2.140   0.8892
2.170   0.8870
2.200   0.8848
2.230   0.8825
2.260   0.8802
2.290   0.8778
2.320   0.8755
2.350   0.8733
2.380   0.8711
2.410   0.8689
2.440   0.8666
2.470   0.8644
2.500   0.8621
2.530   0.8598
2.560   0.8575
2.590   0.8552
2.620   0.8529
2.650   0.8506
2.680   0.8484
2.710   0.8463
2.740   0.8442
2.770   0.8422
2.800   0.8402
2.830   0.8382
2.860   0.8362
2.890   0.8342
2.920   0.8321
2.950   0.8301
2.980   0.8279
3.010   0.8258
3.040   0.8237
3.070   0.8216
3.100   0.8196
3.130   0.8175
3.160   0.8155
3.190   0.8134
3.220   0.8114
3.250   0.8094
3.280   0.8074
3.310   0.8054
3.340   0.8035
3.370   0.8016
3.400   0.7996
3.430   0.7977
3.460   0.7958
3.490   0.7940
3.520   0.7921
3.550   0.7903
3.580   0.7885
3.610   0.7868
3.640   0.7851
3.670   0.7834
3.700   0.7818
3.730   0.7801
3.760   0.7786
3.790   0.7770
3.820   0.7755
3.850   0.7741
3.880   0.7723
3.910   0.7705
