WL	n	k
0.000000247970	1.47450	1.75400
0.000000248940	1.47310	1.76100
0.000000249920	1.47170	1.76810
0.000000250900	1.47030	1.77540
0.000000251880	1.46900	1.78260
0.000000252870	1.46780	1.79000
0.000000253860	1.46660	1.79740
0.000000254860	1.46550	1.80490
0.000000255860	1.46440	1.81250
0.000000256860	1.46340	1.82020
0.000000257870	1.46250	1.82790
0.000000258880	1.46160	1.83570
0.000000259900	1.46080	1.84350
0.000000260920	1.46000	1.85140
0.000000261940	1.45940	1.85940
0.000000262970	1.45870	1.86750
0.000000264000	1.45820	1.87560
0.000000265040	1.45770	1.88370
0.000000266080	1.45730	1.89200
0.000000267120	1.45690	1.90030
0.000000268170	1.45670	1.90860
0.000000269220	1.45650	1.91700
0.000000270280	1.45630	1.92540
0.000000271340	1.45620	1.93390
0.000000272400	1.45620	1.94240
0.000000273470	1.45630	1.95100
0.000000274550	1.45640	1.95970
0.000000275620	1.45670	1.96840
0.000000276700	1.45690	1.97710
0.000000277790	1.45730	1.98580
0.000000278880	1.45770	1.99460
0.000000279970	1.45820	2.00350
0.000000281070	1.45870	2.01240
0.000000282170	1.45940	2.02130
0.000000283280	1.46010	2.03020
0.000000284390	1.46080	2.03920
0.000000285510	1.46170	2.04830
0.000000286630	1.46260	2.05730
0.000000287750	1.46350	2.06640
0.000000288880	1.46460	2.07550
0.000000290020	1.46570	2.08460
0.000000291150	1.46690	2.09380
0.000000292300	1.46810	2.10300
0.000000293440	1.46940	2.11220
0.000000294600	1.47080	2.12140
0.000000295750	1.47230	2.13070
0.000000296910	1.47380	2.14000
0.000000298080	1.47530	2.14930
0.000000299250	1.47700	2.15860
0.000000300420	1.47870	2.16790
0.000000301600	1.48050	2.17730
0.000000302780	1.48230	2.18660
0.000000303970	1.48420	2.19600
0.000000305160	1.48620	2.20540
0.000000306360	1.48820	2.21480
0.000000307560	1.49030	2.22420
0.000000308770	1.49240	2.23360
0.000000309980	1.49460	2.24300
0.000000311200	1.49690	2.25240
0.000000312420	1.49920	2.26190
0.000000313640	1.50160	2.27130
0.000000314870	1.50400	2.28080
0.000000316110	1.50650	2.29020
0.000000317350	1.50910	2.29970
0.000000318600	1.51170	2.30910
0.000000319850	1.51430	2.31860
0.000000321100	1.51700	2.32810
0.000000322360	1.51980	2.33750
0.000000323620	1.52260	2.34700
0.000000324890	1.52550	2.35640
0.000000326170	1.52840	2.36590
0.000000327450	1.53130	2.37540
0.000000328730	1.53430	2.38480
0.000000330020	1.53740	2.39430
0.000000331320	1.54050	2.40370
0.000000332620	1.54360	2.41320
0.000000333920	1.54680	2.42260
0.000000335230	1.55000	2.43210
0.000000336550	1.55330	2.44150
0.000000337870	1.55660	2.45090
0.000000339200	1.56000	2.46030
0.000000340530	1.56330	2.46980
0.000000341860	1.56680	2.47920
0.000000343200	1.57020	2.48860
0.000000344550	1.57370	2.49800
0.000000345900	1.57720	2.50740
0.000000347260	1.58080	2.51680
0.000000348620	1.58440	2.52610
0.000000349990	1.58800	2.53550
0.000000351360	1.59170	2.54490
0.000000352740	1.59540	2.55420
0.000000354130	1.59910	2.56360
0.000000355520	1.60280	2.57290
0.000000356910	1.60660	2.58230
0.000000358310	1.61040	2.59160
0.000000359720	1.61420	2.60090
0.000000361130	1.61810	2.61020
0.000000362540	1.62190	2.61950
0.000000363970	1.62580	2.62880
0.000000365400	1.62980	2.63810
0.000000366830	1.63370	2.64740
0.000000368270	1.63760	2.65670
0.000000369710	1.64160	2.66600
0.000000371160	1.64560	2.67530
0.000000372620	1.64960	2.68460
0.000000374080	1.65360	2.69380
0.000000375550	1.65770	2.70310
0.000000377020	1.66170	2.71240
0.000000378500	1.66580	2.72160
0.000000379990	1.66980	2.73090
0.000000381480	1.67390	2.74020
0.000000382980	1.67800	2.74940
0.000000384480	1.68210	2.75870
0.000000385990	1.68630	2.76800
0.000000387500	1.69040	2.77720
0.000000389020	1.69450	2.78650
0.000000390550	1.69870	2.79580
0.000000392080	1.70280	2.80500
0.000000393620	1.70700	2.81430
0.000000395160	1.71120	2.82360
0.000000396710	1.71530	2.83290
0.000000398270	1.71950	2.84220
0.000000399830	1.72370	2.85150
0.000000401400	1.72790	2.86080
0.000000402980	1.73210	2.87010
0.000000404560	1.73630	2.87940
0.000000406140	1.74050	2.88880
0.000000407740	1.74470	2.89810
0.000000409340	1.74890	2.90750
0.000000410940	1.75310	2.91680
0.000000412560	1.75730	2.92620
0.000000414180	1.76150	2.93560
0.000000415800	1.76570	2.94500
0.000000417430	1.76990	2.95450
0.000000419070	1.77410	2.96390
0.000000420710	1.77840	2.97340
0.000000422360	1.78260	2.98290
0.000000424020	1.78680	2.99240
0.000000425690	1.79100	3.00190
0.000000427360	1.79520	3.01140
0.000000429030	1.79950	3.02100
0.000000430720	1.80370	3.03060
0.000000432410	1.80790	3.04020
0.000000434100	1.81220	3.04990
0.000000435810	1.81640	3.05950
0.000000437520	1.82060	3.06920
0.000000439230	1.82490	3.07900
0.000000440960	1.82910	3.08870
0.000000442690	1.83330	3.09850
0.000000444420	1.83760	3.10830
0.000000446170	1.84180	3.11810
0.000000447920	1.84610	3.12800
0.000000449670	1.85030	3.13790
0.000000451440	1.85460	3.14790
0.000000453210	1.85890	3.15780
0.000000454990	1.86310	3.16780
0.000000456770	1.86740	3.17790
0.000000458570	1.87170	3.18800
0.000000460360	1.87600	3.19810
0.000000462170	1.88030	3.20820
0.000000463980	1.88460	3.21840
0.000000465810	1.88890	3.22870
0.000000467630	1.89320	3.23890
0.000000469470	1.89760	3.24920
0.000000471310	1.90190	3.25960
0.000000473160	1.90630	3.27000
0.000000475020	1.91060	3.28040
0.000000476880	1.91500	3.29090
0.000000478750	1.91940	3.30140
0.000000480630	1.92380	3.31200
0.000000482510	1.92830	3.32260
0.000000484410	1.93270	3.33320
0.000000486310	1.93720	3.34390
0.000000488220	1.94170	3.35470
0.000000490130	1.94620	3.36550
0.000000492060	1.95070	3.37630
0.000000493990	1.95520	3.38720
0.000000495920	1.95980	3.39810
0.000000497870	1.96430	3.40910
0.000000499820	1.96900	3.42010
0.000000501780	1.97360	3.43110
0.000000503750	1.97820	3.44230
0.000000505730	1.98290	3.45340
0.000000507710	1.98760	3.46460
0.000000509710	1.99230	3.47590
0.000000511710	1.99710	3.48720
0.000000513710	2.00190	3.49850
0.000000515730	2.00670	3.50990
0.000000517750	2.01150	3.52130
0.000000519780	2.01640	3.53280
0.000000521820	2.02130	3.54430
0.000000523870	2.02630	3.55590
0.000000525930	2.03120	3.56760
0.000000527990	2.03630	3.57920
0.000000530060	2.04130	3.59090
0.000000532140	2.04640	3.60270
0.000000534230	2.05150	3.61450
0.000000536330	2.05670	3.62640
0.000000538430	2.06190	3.63830
0.000000540540	2.06710	3.65020
0.000000542660	2.07240	3.66220
0.000000544790	2.07770	3.67420
0.000000546930	2.08310	3.68630
0.000000549080	2.08850	3.69840
0.000000551230	2.09390	3.71060
0.000000553390	2.09940	3.72280
0.000000555560	2.10490	3.73510
0.000000557740	2.11050	3.74740
0.000000559930	2.11610	3.75970
0.000000562130	2.12180	3.77210
0.000000564340	2.12750	3.78450
0.000000566550	2.13330	3.79690
0.000000568770	2.13910	3.80940
0.000000571000	2.14500	3.82200
0.000000573240	2.15090	3.83450
0.000000575490	2.15690	3.84710
0.000000577750	2.16290	3.85980
0.000000580020	2.16900	3.87250
0.000000582290	2.17510	3.88520
0.000000584580	2.18130	3.89790
0.000000586870	2.18750	3.91070
0.000000589180	2.19380	3.92350
0.000000591490	2.20020	3.93640
0.000000593810	2.20650	3.94920
0.000000596140	2.21300	3.96220
0.000000598480	2.21950	3.97510
0.000000600820	2.22610	3.98810
0.000000603180	2.23270	4.00110
0.000000605550	2.23930	4.01410
0.000000607920	2.24610	4.02710
0.000000610310	2.25290	4.04020
0.000000612700	2.25970	4.05330
0.000000615110	2.26660	4.06650
0.000000617520	2.27360	4.07960
0.000000619950	2.28060	4.09280
0.000000622380	2.28760	4.10600
0.000000624820	2.29480	4.11920
0.000000627270	2.30200	4.13240
0.000000629730	2.30920	4.14570
0.000000632200	2.31650	4.15900
0.000000634680	2.32390	4.17230
0.000000637170	2.33130	4.18560
0.000000639670	2.33880	4.19890
0.000000642180	2.34630	4.21230
0.000000644700	2.35390	4.22560
0.000000647230	2.36150	4.23900
0.000000649770	2.36920	4.25240
0.000000652320	2.37700	4.26580
0.000000654880	2.38480	4.27920
0.000000657450	2.39270	4.29270
0.000000660030	2.40070	4.30610
0.000000662620	2.40860	4.31950
0.000000665220	2.41670	4.33300
0.000000667830	2.42480	4.34650
0.000000670450	2.43300	4.35990
0.000000673080	2.44120	4.37340
0.000000675720	2.44940	4.38690
0.000000678370	2.45780	4.40040
0.000000681030	2.46610	4.41390
0.000000683710	2.47460	4.42730
0.000000686390	2.48310	4.44080
0.000000689080	2.49160	4.45430
0.000000691790	2.50020	4.46780
0.000000694500	2.50880	4.48130
0.000000697230	2.51750	4.49480
0.000000699960	2.52630	4.50830
0.000000702710	2.53510	4.52190
0.000000705460	2.54390	4.53530
0.000000708230	2.55280	4.54880
0.000000711010	2.56180	4.56230
0.000000713800	2.57080	4.57580
0.000000716600	2.57980	4.58930
0.000000719410	2.58890	4.60280
0.000000722240	2.59800	4.61630
0.000000725070	2.60720	4.62980
0.000000727920	2.61650	4.64320
0.000000730770	2.62570	4.65670
0.000000733640	2.63500	4.67010
0.000000736520	2.64440	4.68360
0.000000739410	2.65380	4.69700
0.000000742310	2.66320	4.71050
0.000000745220	2.67270	4.72390
0.000000748140	2.68220	4.73730
0.000000751080	2.69180	4.75070
0.000000754030	2.70140	4.76410
0.000000756990	2.71100	4.77750
0.000000759960	2.72070	4.79090
0.000000762940	2.73040	4.80430
0.000000765930	2.74010	4.81770
0.000000768940	2.74990	4.83110
0.000000771950	2.75970	4.84440
0.000000774980	2.76960	4.85780
0.000000778020	2.77940	4.87110
0.000000781080	2.78930	4.88440
0.000000784140	2.79930	4.89770
0.000000787220	2.80920	4.91100
0.000000790310	2.81920	4.92440
0.000000793410	2.82930	4.93760
0.000000796520	2.83930	4.95090
0.000000799640	2.84940	4.96420
0.000000802780	2.85950	4.97750
0.000000805930	2.86960	4.99070
0.000000809090	2.87970	5.00400
0.000000812270	2.88990	5.01730
0.000000815460	2.90010	5.03050
0.000000818650	2.91030	5.04370
0.000000821870	2.92050	5.05700
0.000000825090	2.93080	5.07020
0.000000828330	2.94110	5.08340
0.000000831580	2.95130	5.09670
0.000000834840	2.96170	5.10990
0.000000838120	2.97200	5.12310
0.000000841410	2.98230	5.13630
0.000000844710	2.99270	5.14950
0.000000848020	3.00300	5.16270
0.000000851350	3.01340	5.17600
0.000000854690	3.02380	5.18920
0.000000858040	3.03420	5.20240
0.000000861410	3.04470	5.21560
0.000000864790	3.05510	5.22880
0.000000868180	3.06560	5.24210
0.000000871590	3.07600	5.25530
0.000000875010	3.08650	5.26850
0.000000878440	3.09700	5.28180
0.000000881890	3.10750	5.29500
0.000000885350	3.11800	5.30830
0.000000888820	3.12850	5.32160
0.000000892310	3.13900	5.33490
0.000000895810	3.14950	5.34820
0.000000899330	3.16010	5.36150
0.000000902850	3.17060	5.37480
0.000000906400	3.18120	5.38820
0.000000909950	3.19180	5.40150
0.000000913520	3.20240	5.41490
0.000000917110	3.21300	5.42830
0.000000920710	3.22360	5.44170
0.000000924320	3.23420	5.45520
0.000000927950	3.24480	5.46870
0.000000931590	3.25540	5.48210
0.000000935240	3.26610	5.49570
0.000000938910	3.27680	5.50920
0.000000942590	3.28740	5.52280
0.000000946290	3.29810	5.53640
0.000000950010	3.30880	5.55000
0.000000953730	3.31950	5.56370
0.000000957480	3.33030	5.57740
0.000000961230	3.34100	5.59110
0.000000965000	3.35180	5.60490
0.000000968790	3.36260	5.61870
0.000000972590	3.37340	5.63260
0.000000976410	3.38420	5.64650
0.000000980240	3.39500	5.66040
0.000000984080	3.40590	5.67440
0.000000987950	3.41680	5.68840
0.000000991820	3.42770	5.70240
0.000000995710	3.43870	5.71650
0.000000999620	3.44970	5.73070
0.000001003500	3.46070	5.74490
0.000001007500	3.47170	5.75910
0.000001011400	3.48280	5.77340
0.000001015400	3.49390	5.78780
0.000001019400	3.50510	5.80220
0.000001023400	3.51630	5.81660
0.000001027400	3.52750	5.83110
0.000001031400	3.53880	5.84570
0.000001035500	3.55010	5.86030
0.000001039500	3.56150	5.87490
0.000001043600	3.57290	5.88970
0.000001047700	3.58440	5.90440
0.000001051800	3.59600	5.91930
0.000001056000	3.60760	5.93420
0.000001060100	3.61920	5.94910
0.000001064300	3.63100	5.96410
0.000001068400	3.64280	5.97910
0.000001072600	3.65470	5.99430
0.000001076800	3.66660	6.00940
0.000001081100	3.67860	6.02460
0.000001085300	3.69080	6.03990
0.000001089600	3.70300	6.05520
0.000001093800	3.71520	6.07060
0.000001098100	3.72760	6.08600
0.000001102400	3.74010	6.10150
0.000001106800	3.75270	6.11710
0.000001111100	3.76530	6.13260
0.000001115500	3.77810	6.14830
0.000001119800	3.79100	6.16390
0.000001124200	3.80400	6.17960
0.000001128600	3.81710	6.19540
0.000001133100	3.83040	6.21120
0.000001137500	3.84370	6.22700
0.000001142000	3.85720	6.24290
0.000001146500	3.87090	6.25880
0.000001151000	3.88460	6.27470
0.000001155500	3.89850	6.29060
0.000001160000	3.91250	6.30660
0.000001164600	3.92670	6.32260
0.000001169100	3.94110	6.33860
0.000001173700	3.95560	6.35460
0.000001178300	3.97020	6.37060
0.000001182900	3.98500	6.38660
0.000001187600	4.00000	6.40260
0.000001192200	4.01510	6.41860
0.000001196900	4.03040	6.43460
0.000001201600	4.04590	6.45060
0.000001206300	4.06160	6.46660
0.000001211100	4.07740	6.48250
0.000001215800	4.09340	6.49840
0.000001220600	4.10960	6.51420
0.000001225400	4.12600	6.53000
0.000001230200	4.14260	6.54570
0.000001235000	4.15940	6.56140
0.000001239900	4.17640	6.57700
0.000001244700	4.19350	6.59250
0.000001249600	4.21090	6.60790
0.000001254500	4.22850	6.62330
0.000001259400	4.24620	6.63850
0.000001264400	4.26420	6.65360
0.000001269300	4.28230	6.66860
0.000001274300	4.30070	6.68350
0.000001279300	4.31930	6.69830
0.000001284300	4.33800	6.71280
0.000001289400	4.35700	6.72730
0.000001294400	4.37620	6.74160
0.000001299500	4.39550	6.75560
0.000001304600	4.41510	6.76960
0.000001309700	4.43480	6.78330
0.000001314900	4.45480	6.79680
0.000001320000	4.47490	6.81010
0.000001325200	4.49520	6.82310
0.000001330400	4.51570	6.83600
0.000001335600	4.53630	6.84850
0.000001340900	4.55720	6.86090
0.000001346100	4.57820	6.87290
0.000001351400	4.59930	6.88470
0.000001356700	4.62060	6.89620
0.000001362000	4.64210	6.90730
0.000001367400	4.66360	6.91820
0.000001372700	4.68530	6.92880
0.000001378100	4.70720	6.93900
0.000001383500	4.72910	6.94890
0.000001389000	4.75110	6.95840
0.000001394400	4.77330	6.96750
0.000001399900	4.79550	6.97630
0.000001405400	4.81770	6.98470
0.000001410900	4.84010	6.99270
0.000001416400	4.86240	7.00040
0.000001422000	4.88480	7.00760
0.000001427600	4.90730	7.01440
0.000001433200	4.92970	7.02070
0.000001438800	4.95210	7.02670
0.000001444400	4.97440	7.03220
0.000001450100	4.99680	7.03730
0.000001455800	5.01910	7.04190
0.000001461500	5.04120	7.04610
0.000001467200	5.06330	7.04980
0.000001473000	5.08530	7.05310
0.000001478800	5.10720	7.05590
0.000001484600	5.12890	7.05820
0.000001490400	5.15050	7.06010
0.000001496200	5.17180	7.06150
0.000001502100	5.19300	7.06240
0.000001508000	5.21390	7.06290
0.000001513900	5.23460	7.06290
0.000001519900	5.25510	7.06250
0.000001525800	5.27530	7.06150
0.000001531800	5.29510	7.06020
0.000001537800	5.31470	7.05830
0.000001543900	5.33390	7.05610
0.000001549900	5.35280	7.05340
0.000001556000	5.37120	7.05020
0.000001562100	5.38930	7.04670
0.000001568200	5.40700	7.04270
0.000001574400	5.42430	7.03830
0.000001580600	5.44110	7.03360
0.000001586800	5.45740	7.02840
0.000001593000	5.47330	7.02290
0.000001599200	5.48860	7.01700
0.000001605500	5.50340	7.01080
0.000001611800	5.51770	7.00420
0.000001618100	5.53150	6.99730
0.000001624500	5.54470	6.99010
0.000001630900	5.55730	6.98260
0.000001637300	5.56930	6.97490
0.000001643700	5.58070	6.96690
0.000001650100	5.59150	6.95870
0.000001656600	5.60170	6.95020
0.000001663100	5.61120	6.94160
0.000001669600	5.62010	6.93270
0.000001676200	5.62830	6.92380
0.000001682800	5.63580	6.91460
0.000001689400	5.64270	6.90540
0.000001696000	5.64890	6.89600
0.000001702700	5.65440	6.88660
0.000001709300	5.65920	6.87710
0.000001716000	5.66320	6.86760
0.000001722800	5.66660	6.85800
0.000001729500	5.66930	6.84850
0.000001736300	5.67120	6.83890
0.000001743100	5.67250	6.82950
0.000001750000	5.67300	6.82000
0.000001756800	5.67280	6.81070
0.000001763700	5.67190	6.80150
0.000001770700	5.67030	6.79240
0.000001777600	5.66790	6.78340
0.000001784600	5.66480	6.77470
0.000001791600	5.66110	6.76610
0.000001798600	5.65660	6.75770
0.000001805700	5.65140	6.74950
0.000001812700	5.64550	6.74160
0.000001819900	5.63890	6.73400
0.000001827000	5.63160	6.72660
0.000001834200	5.62370	6.71950
0.000001841400	5.61510	6.71280
0.000001848600	5.60580	6.70640
0.000001855800	5.59580	6.70040
0.000001863100	5.58520	6.69470
0.000001870400	5.57390	6.68940
0.000001877800	5.56210	6.68460
0.000001885100	5.54950	6.68010
0.000001892500	5.53640	6.67610
0.000001900000	5.52270	6.67260
0.000001907400	5.50840	6.66950
0.000001914900	5.49340	6.66690
0.000001922400	5.47800	6.66480
0.000001930000	5.46190	6.66320
0.000001937500	5.44530	6.66210
0.000001945100	5.42820	6.66160
0.000001952800	5.41050	6.66160
0.000001960400	5.39240	6.66220
0.000001968100	5.37370	6.66340
0.000001975800	5.35460	6.66510
0.000001983600	5.33500	6.66750
0.000001991400	5.31490	6.67040
0.000001999200	5.29440	6.67400
0.000002007000	5.27340	6.67820
0.000002014900	5.25200	6.68300
0.000002022800	5.23030	6.68850
0.000002030700	5.20810	6.69460
0.000002038700	5.18560	6.70130
0.000002046700	5.16270	6.70880
0.000002054700	5.13940	6.71690
0.000002062800	5.11590	6.72570
0.000002070900	5.09200	6.73520
0.000002079000	5.06780	6.74540
0.000002087200	5.04330	6.75630
0.000002095400	5.01860	6.76780
0.000002103600	4.99360	6.78010
0.000002111900	4.96830	6.79310
0.000002120100	4.94280	6.80680
0.000002128500	4.91720	6.82130
0.000002136800	4.89130	6.83640
0.000002145200	4.86530	6.85230
0.000002153600	4.83900	6.86890
0.000002162100	4.81270	6.88620
0.000002170500	4.78620	6.90430
0.000002179100	4.75950	6.92310
0.000002187600	4.73280	6.94260
0.000002196200	4.70600	6.96280
0.000002204800	4.67910	6.98380
0.000002213500	4.65220	7.00550
0.000002222100	4.62520	7.02790
0.000002230900	4.59810	7.05110
0.000002239600	4.57110	7.07500
0.000002248400	4.54410	7.09960
0.000002257200	4.51700	7.12490
0.000002266100	4.49000	7.15090
0.000002275000	4.46300	7.17760
0.000002283900	4.43610	7.20510
0.000002292900	4.40920	7.23320
0.000002301900	4.38240	7.26210
0.000002310900	4.35570	7.29160
0.000002320000	4.32910	7.32180
0.000002329100	4.30270	7.35270
0.000002338200	4.27630	7.38430
0.000002347400	4.25010	7.41660
0.000002356600	4.22400	7.44950
0.000002365800	4.19810	7.48310
0.000002375100	4.17230	7.51730
0.000002384400	4.14680	7.55210
0.000002393800	4.12140	7.58760
0.000002403200	4.09620	7.62380
0.000002412600	4.07120	7.66050
0.000002422100	4.04640	7.69780
0.000002431600	4.02190	7.73580
0.000002441100	3.99760	7.77430
0.000002450700	3.97350	7.81350
0.000002460300	3.94970	7.85320
0.000002470000	3.92610	7.89350
0.000002479700	3.90280	7.93430
0.000002489400	3.87980	7.97570
0.000002499100	3.85700	8.01770
0.000002509000	3.83450	8.06010
0.000002518800	3.81230	8.10310
0.000002528700	3.79040	8.14670
0.000002538600	3.76880	8.19070
0.000002548600	3.74740	8.23520
0.000002558600	3.72640	8.28030
0.000002568600	3.70570	8.32580
0.000002578700	3.68530	8.37170
0.000002588800	3.66520	8.41820
0.000002599000	3.64540	8.46510
0.000002609200	3.62590	8.51250
0.000002619400	3.60670	8.56020
0.000002629700	3.58790	8.60850
0.000002640000	3.56940	8.65710
0.000002650300	3.55120	8.70620
0.000002660700	3.53330	8.75570
0.000002671200	3.51580	8.80560
0.000002681700	3.49860	8.85590
0.000002692200	3.48170	8.90650
0.000002702700	3.46510	8.95760
0.000002713400	3.44890	9.00900
0.000002724000	3.43300	9.06080
0.000002734700	3.41740	9.11290
0.000002745400	3.40220	9.16540
0.000002756200	3.38720	9.21830
0.000002767000	3.37260	9.27150
0.000002777900	3.35840	9.32500
0.000002788800	3.34440	9.37880
0.000002799700	3.33080	9.43300
0.000002810700	3.31750	9.48750
0.000002821700	3.30450	9.54230
0.000002832800	3.29190	9.59740
0.000002843900	3.27960	9.65280
0.000002855100	3.26750	9.70850
0.000002866300	3.25580	9.76450
0.000002877500	3.24450	9.82080
0.000002888800	3.23340	9.87730
0.000002900100	3.22260	9.93420
0.000002911500	3.21220	9.99130
0.000002922900	3.20200	10.04900
0.000002934400	3.19220	10.10600
0.000002945900	3.18270	10.16400
0.000002957500	3.17350	10.22200
0.000002969100	3.16450	10.28100
0.000002980700	3.15590	10.33900
0.000002992400	3.14760	10.39800
0.000003004200	3.13960	10.45800
0.000003016000	3.13180	10.51700
0.000003027800	3.12440	10.57700
0.000003039700	3.11720	10.63600
0.000003051600	3.11030	10.69700
0.000003063600	3.10370	10.75700
0.000003075600	3.09740	10.81700
0.000003087700	3.09140	10.87800
0.000003099800	3.08570	10.93900
0.000003111900	3.08020	11.00000
0.000003124100	3.07500	11.06200
0.000003136400	3.07010	11.12300
0.000003148700	3.06540	11.18500
0.000003161100	3.06110	11.24700
0.000003173500	3.05700	11.31000
0.000003185900	3.05310	11.37200
0.000003198400	3.04950	11.43500
0.000003211000	3.04620	11.49800
0.000003223600	3.04320	11.56100
0.000003236200	3.04040	11.62400
0.000003248900	3.03780	11.68800
0.000003261700	3.03550	11.75100
0.000003274400	3.03350	11.81500
0.000003287300	3.03170	11.87900
0.000003300200	3.03020	11.94400
0.000003313100	3.02890	12.00800
0.000003326100	3.02780	12.07300
0.000003339200	3.02710	12.13800
0.000003352300	3.02650	12.20300
0.000003365400	3.02620	12.26800
0.000003378700	3.02610	12.33300
0.000003391900	3.02630	12.39900
0.000003405200	3.02670	12.46500
0.000003418600	3.02730	12.53100
0.000003432000	3.02820	12.59700
0.000003445500	3.02930	12.66300
0.000003459000	3.03070	12.73000
0.000003472500	3.03220	12.79700
0.000003486200	3.03400	12.86400
0.000003499900	3.03610	12.93100
0.000003513600	3.03830	12.99800
0.000003527400	3.04080	13.06600
0.000003541200	3.04350	13.13300
0.000003555100	3.04650	13.20100
0.000003569100	3.04960	13.26900
0.000003583100	3.05300	13.33700
0.000003597100	3.05660	13.40600
0.000003611200	3.06040	13.47500
0.000003625400	3.06440	13.54300
0.000003639600	3.06870	13.61200
0.000003653900	3.07310	13.68100
0.000003668200	3.07780	13.75100
0.000003682600	3.08270	13.82000
0.000003697100	3.08780	13.89000
0.000003711600	3.09310	13.96000
0.000003726200	3.09870	14.03000
0.000003740800	3.10440	14.10000
0.000003755400	3.11040	14.17100
0.000003770200	3.11650	14.24100
0.000003785000	3.12290	14.31200
0.000003799800	3.12950	14.38300
0.000003814700	3.13630	14.45400
0.000003829700	3.14330	14.52600
0.000003844700	3.15050	14.59700
0.000003859800	3.15790	14.66900
0.000003875000	3.16550	14.74100
0.000003890200	3.17340	14.81300
0.000003905400	3.18140	14.88500
0.000003920700	3.18960	14.95800
0.000003936100	3.19810	15.03000
0.000003951600	3.20670	15.10300
0.000003967100	3.21550	15.17600
0.000003982600	3.22460	15.24900
0.000003998300	3.23380	15.32300
0.000004014000	3.24330	15.39600
0.000004029700	3.25290	15.47000
0.000004045500	3.26280	15.54400
0.000004061400	3.27280	15.61800
0.000004077300	3.28310	15.69300
0.000004093300	3.29360	15.76700
0.000004109400	3.30420	15.84200
0.000004125500	3.31510	15.91700
0.000004141700	3.32610	15.99200
0.000004157900	3.33740	16.06700
0.000004174300	3.34880	16.14300
0.000004190600	3.36050	16.21900
0.000004207100	3.37240	16.29500
0.000004223600	3.38440	16.37100
0.000004240200	3.39670	16.44700
0.000004256800	3.40910	16.52300
0.000004273500	3.42180	16.60000
0.000004290300	3.43460	16.67700
0.000004307100	3.44770	16.75400
0.000004324000	3.46090	16.83100
0.000004341000	3.47440	16.90900
0.000004358000	3.48800	16.98600
0.000004375100	3.50190	17.06400
0.000004392300	3.51600	17.14200
0.000004409500	3.53020	17.22100
0.000004426800	3.54470	17.29900
0.000004444200	3.55930	17.37800
0.000004461600	3.57420	17.45600
0.000004479100	3.58920	17.53600
0.000004496700	3.60450	17.61500
0.000004514300	3.61990	17.69400
0.000004532000	3.63560	17.77400
0.000004549800	3.65150	17.85400
0.000004567700	3.66750	17.93400
0.000004585600	3.68380	18.01400
0.000004603600	3.70020	18.09500
0.000004621700	3.71690	18.17500
0.000004639800	3.73380	18.25600
0.000004658000	3.75090	18.33700
0.000004676300	3.76810	18.41900
0.000004694600	3.78560	18.50000
0.000004713000	3.80330	18.58200
0.000004731500	3.82120	18.66400
0.000004750100	3.83930	18.74600
0.000004768700	3.85760	18.82800
0.000004787400	3.87610	18.91100
0.000004806200	3.89480	18.99300
0.000004825100	3.91380	19.07600
0.000004844000	3.93290	19.16000
0.000004863000	3.95220	19.24300
0.000004882100	3.97180	19.32700
0.000004901300	3.99150	19.41000
0.000004920500	4.01150	19.49400
0.000004939800	4.03170	19.57900
0.000004959200	4.05210	19.66300
0.000004978600	4.07270	19.74800
0.000004998200	4.09350	19.83300
0.000005017800	4.11450	19.91800
0.000005037500	4.13570	20.00300
0.000005057200	4.15720	20.08900
0.000005077100	4.17880	20.17400
0.000005097000	4.20070	20.26000
0.000005117000	4.22280	20.34600
0.000005137100	4.24510	20.43300
0.000005157200	4.26760	20.51900
0.000005177500	4.29040	20.60600
0.000005197800	4.31330	20.69300
0.000005218200	4.33650	20.78000
0.000005238600	4.35990	20.86800
0.000005259200	4.38350	20.95600
0.000005279800	4.40730	21.04400
0.000005300500	4.43140	21.13200
0.000005321300	4.45560	21.22000
0.000005342200	4.48010	21.30900
0.000005363200	4.50490	21.39700
0.000005384200	4.52980	21.48600
0.000005405400	4.55500	21.57600
0.000005426600	4.58040	21.66500
0.000005447900	4.60600	21.75500
0.000005469200	4.63180	21.84500
0.000005490700	4.65790	21.93500
0.000005512200	4.68420	22.02500
0.000005533900	4.71070	22.11600
0.000005555600	4.73750	22.20700
0.000005577400	4.76450	22.29800
0.000005599300	4.79170	22.38900
0.000005621200	4.81920	22.48000
0.000005643300	4.84690	22.57200
0.000005665400	4.87480	22.66400
0.000005687600	4.90290	22.75600
0.000005710000	4.93130	22.84800
0.000005732400	4.96000	22.94100
0.000005754900	4.98880	23.03400
0.000005777400	5.01790	23.12700
0.000005800100	5.04730	23.22000
0.000005822900	5.07690	23.31400
0.000005845700	5.10670	23.40700
0.000005868600	5.13680	23.50100
0.000005891700	5.16710	23.59600
0.000005914800	5.19760	23.69000
0.000005938000	5.22840	23.78500
0.000005961300	5.25950	23.88000
0.000005984700	5.29070	23.97500
0.000006008200	5.32230	24.07000
0.000006031700	5.35410	24.16600
0.000006055400	5.38610	24.26100
0.000006079200	5.41840	24.35700
0.000006103000	5.45090	24.45400
0.000006127000	5.48370	24.55000
0.000006151000	5.51680	24.64700
0.000006175100	5.55010	24.74400
0.000006199400	5.58360	24.84100
0.000006223700	5.61740	24.93900
0.000006248100	5.65150	25.03600
0.000006272600	5.68580	25.13400
0.000006297200	5.72040	25.23200
0.000006321900	5.75520	25.33000
0.000006346800	5.79030	25.42900
0.000006371700	5.82570	25.52800
0.000006396700	5.86130	25.62700
0.000006421800	5.89720	25.72600
0.000006446900	5.93330	25.82600
0.000006472200	5.96980	25.92500
0.000006497600	6.00640	26.02500
0.000006523100	6.04340	26.12600
0.000006548700	6.08060	26.22600
0.000006574400	6.11810	26.32700
0.000006600200	6.15590	26.42700
0.000006626100	6.19390	26.52900
0.000006652100	6.23220	26.63000
0.000006678200	6.27080	26.73200
0.000006704400	6.30970	26.83300
0.000006730700	6.34880	26.93500
0.000006757100	6.38820	27.03800
0.000006783600	6.42790	27.14000
0.000006810300	6.46790	27.24300
0.000006837000	6.50810	27.34600
0.000006863800	6.54870	27.44900
0.000006890700	6.58950	27.55200
0.000006917800	6.63060	27.65600
0.000006944900	6.67200	27.76000
0.000006972200	6.71360	27.86400
0.000006999500	6.75560	27.96900
0.000007027000	6.79790	28.07300
0.000007054600	6.84040	28.17800
0.000007082200	6.88320	28.28300
0.000007110000	6.92630	28.38800
0.000007137900	6.96970	28.49400
0.000007165900	7.01340	28.60000
0.000007194000	7.05740	28.70500
0.000007222300	7.10170	28.81200
0.000007250600	7.14630	28.91800
0.000007279100	7.19120	29.02500
0.000007307600	7.23640	29.13200
0.000007336300	7.28190	29.23900
0.000007365100	7.32770	29.34600
0.000007394000	7.37380	29.45400
0.000007423000	7.42020	29.56100
0.000007452100	7.46690	29.67000
0.000007481300	7.51390	29.77800
0.000007510700	7.56120	29.88600
0.000007540200	7.60880	29.99500
0.000007569800	7.65670	30.10400
0.000007599500	7.70500	30.21300
0.000007629300	7.75350	30.32200
0.000007659200	7.80240	30.43200
0.000007689300	7.85160	30.54200
0.000007719400	7.90110	30.65200
0.000007749700	7.95090	30.76200
0.000007780100	8.00100	30.87300
0.000007810600	8.05140	30.98400
0.000007841300	8.10220	31.09500
0.000007872100	8.15330	31.20600
0.000007902900	8.20470	31.31700
0.000007934000	8.25640	31.42900
0.000007965100	8.30840	31.54100
0.000007996300	8.36080	31.65300
0.000008027700	8.41350	31.76500
0.000008059200	8.46650	31.87800
0.000008090800	8.51990	31.99000
0.000008122600	8.57350	32.10300
0.000008154400	8.62750	32.21600
0.000008186400	8.68190	32.33000
0.000008218600	8.73650	32.44300
0.000008250800	8.79150	32.55700
0.000008283200	8.84690	32.67100
0.000008315700	8.90250	32.78600
0.000008348300	8.95850	32.90000
0.000008381100	9.01490	33.01500
0.000008413900	9.07160	33.13000
0.000008447000	9.12860	33.24500
0.000008480100	9.18590	33.36000
0.000008513400	9.24360	33.47600
0.000008546800	9.30170	33.59200
0.000008580300	9.36010	33.70800
0.000008614000	9.41880	33.82400
0.000008647800	9.47790	33.94000
0.000008681700	9.53730	34.05700
0.000008715800	9.59710	34.17400
0.000008750000	9.65720	34.29100
0.000008784300	9.71760	34.40800
0.000008818800	9.77850	34.52500
0.000008853400	9.83960	34.64300
0.000008888100	9.90110	34.76100
0.000008923000	9.96300	34.87900
0.000008958000	10.02500	34.99700
0.000008993100	10.08800	35.11600
0.000009028400	10.15100	35.23500
0.000009063800	10.21400	35.35300
0.000009099400	10.27800	35.47300
0.000009135100	10.34200	35.59200
0.000009171000	10.40600	35.71100
0.000009206900	10.47100	35.83100
0.000009243100	10.53600	35.95100
0.000009279300	10.60100	36.07100
0.000009315700	10.66700	36.19100
0.000009352300	10.73300	36.31200
0.000009389000	10.80000	36.43300
0.000009425800	10.86700	36.55400
0.000009462800	10.93400	36.67500
0.000009499900	11.00200	36.79600
0.000009537200	11.07000	36.91700
0.000009574600	11.13800	37.03900
0.000009612200	11.20700	37.16100
0.000009649900	11.27600	37.28300
0.000009687800	11.34600	37.40500
0.000009725800	11.41500	37.52800
0.000009763900	11.48600	37.65000
0.000009802300	11.55600	37.77300
0.000009840700	11.62700	37.89600
0.000009879300	11.69900	38.01900
0.000009918100	11.77000	38.14300
0.000009957000	11.84300	38.26600
0.000009996100	11.91500	38.39000
0.000010035000	11.98800	38.51400
0.000010075000	12.06100	38.63800
0.000010114000	12.13500	38.76300
0.000010154000	12.20900	38.88700
0.000010194000	12.28300	39.01200
0.000010234000	12.35800	39.13700
0.000010274000	12.43300	39.26200
0.000010314000	12.50900	39.38700
0.000010355000	12.58500	39.51200
0.000010395000	12.66100	39.63800
0.000010436000	12.73800	39.76300
0.000010477000	12.81500	39.88900
0.000010518000	12.89300	40.01500
0.000010559000	12.97100	40.14200
0.000010601000	13.04900	40.26800
0.000010642000	13.12700	40.39500
0.000010684000	13.20700	40.52100
0.000010726000	13.28600	40.64800
0.000010768000	13.36600	40.77500
0.000010810000	13.44600	40.90200
0.000010853000	13.52700	41.03000
0.000010895000	13.60800	41.15700
0.000010938000	13.68900	41.28500
0.000010981000	13.77100	41.41300
0.000011024000	13.85300	41.54100
0.000011067000	13.93600	41.66900
0.000011111000	14.01900	41.79800
0.000011154000	14.10200	41.92600
0.000011198000	14.18600	42.05500
0.000011242000	14.27000	42.18400
0.000011286000	14.35500	42.31300
0.000011331000	14.44000	42.44200
0.000011375000	14.52500	42.57100
0.000011420000	14.61100	42.70100
0.000011464000	14.69700	42.83000
0.000011509000	14.78400	42.96000
0.000011555000	14.87100	43.09000
0.000011600000	14.95800	43.22000
0.000011645000	15.04600	43.35000
0.000011691000	15.13400	43.48000
0.000011737000	15.22300	43.61100
0.000011783000	15.31200	43.74100
0.000011829000	15.40100	43.87200
0.000011876000	15.49100	44.00300
0.000011922000	15.58100	44.13400
0.000011969000	15.67200	44.26500
0.000012016000	15.76300	44.39600
0.000012063000	15.85400	44.52800
0.000012111000	15.94600	44.65900
0.000012158000	16.03800	44.79100
0.000012206000	16.13100	44.92300
0.000012254000	16.22400	45.05500
0.000012302000	16.31700	45.18700
0.000012350000	16.41100	45.31900
0.000012398000	16.50600	45.45200
