0.00000035	2.317048	0.000655
0.000000352	2.313395	0.000637
0.000000354	2.309832	0.000619
0.000000356	2.306355	0.000602
0.000000358	2.302962	0.000585
0.00000036	2.299649	0.000569
0.000000362	2.296414	0.000553
0.000000364	2.293255	0.000538
0.000000366	2.290169	0.000523
0.000000368	2.287153	0.000509
0.00000037	2.284205	0.000495
0.000000372	2.281324	0.000482
0.000000374	2.278507	0.000468
0.000000376	2.275751	0.000456
0.000000378	2.273056	0.000443
0.00000038	2.270419	0.000431
0.000000382	2.267838	0.000419
0.000000384	2.265313	0.000408
0.000000386	2.26284	0.000397
0.000000388	2.260419	0.000386
0.00000039	2.258048	0.000376
0.000000392	2.255726	0.000365
0.000000394	2.253451	0.000355
0.000000396	2.251222	0.000346
0.000000398	2.249037	0.000336
0.0000004	2.246896	0.000327
0.000000402	2.244797	0.000318
0.000000404	2.242739	0.000309
0.000000406	2.24072	0.000301
0.000000408	2.238741	0.000292
0.00000041	2.236799	0.000284
0.000000412	2.234894	0.000276
0.000000414	2.233025	0.000269
0.000000416	2.23119	0.000261
0.000000418	2.22939	0.000254
0.00000042	2.227622	0.000247
0.000000422	2.225887	0.00024
0.000000424	2.224183	0.000233
0.000000426	2.22251	0.000226
0.000000428	2.220867	0.00022
0.00000043	2.219252	0.000214
0.000000432	2.217666	0.000207
0.000000434	2.216108	0.000201
0.000000436	2.214577	0.000196
0.000000438	2.213072	0.00019
0.00000044	2.211593	0.000184
0.000000442	2.210139	0.000179
0.000000444	2.208709	0.000173
0.000000446	2.207304	0.000168
0.000000448	2.205921	0.000163
0.00000045	2.204562	0.000158
0.000000452	2.203225	0.000153
0.000000454	2.20191	0.000149
0.000000456	2.200616	0.000144
0.000000458	2.199343	0.00014
0.00000046	2.198091	0.000135
0.000000462	2.196858	0.000131
0.000000464	2.195645	0.000127
0.000000466	2.194451	0.000123
0.000000468	2.193275	0.000119
0.00000047	2.192118	0.000115
0.000000472	2.190979	0.000111
0.000000474	2.189857	0.000108
0.000000476	2.188752	0.000104
0.000000478	2.187664	0.0001
0.00000048	2.186592	0.0001
0.000000482	2.185537	0.000094
0.000000484	2.184497	0.00009
0.000000486	2.183473	0.000087
0.000000488	2.182463	0.000084
0.00000049	2.181469	0.000081
0.000000492	2.180489	0.000078
0.000000494	2.179523	0.000075
0.000000496	2.178571	0.000073
0.000000498	2.177633	0.00007
0.0000005	2.176708	0.000067
0.000000504	2.1587	0.00076093
5.0767E-07	2.1557	0.00077408
5.1547E-07	2.1527	0.00078743
5.2338E-07	2.1498	0.000801
5.3141E-07	2.1471	0.00081478
5.3957E-07	2.1444	0.00082878
5.4785E-07	2.1417	0.000843
5.5626E-07	2.1392	0.00085746
5.648E-07	2.1367	0.00087214
5.7347E-07	2.1343	0.00088707
5.8227E-07	2.132	0.00090224
5.9121E-07	2.1297	0.00091765
6.0028E-07	2.1275	0.00093333
6.0949E-07	2.1254	0.00094926
6.1885E-07	2.1233	0.00096545
6.2835E-07	2.1212	0.00098192
6.3799E-07	2.1193	0.00099866
6.4778E-07	2.1174	0.0010157
6.5773E-07	2.1155	0.001033
6.6782E-07	2.1137	0.0010506
6.7807E-07	2.112	0.0010685
6.8848E-07	2.1102	0.0010867
6.9905E-07	2.1086	0.0011053
7.0978E-07	2.107	0.0011241
7.2067E-07	2.1054	0.0011433
7.3173E-07	2.1039	0.0011629
7.4296E-07	2.1024	0.0011827
7.5437E-07	2.1009	0.001203
7.6595E-07	2.0995	0.0012236
7.777E-07	2.0981	0.0012446
7.8964E-07	2.0968	0.0012659
8.0176E-07	2.0955	0.0012877
8.1407E-07	2.0942	0.0013098
8.2656E-07	2.093	0.0013324
8.3925E-07	2.0918	0.0013553
8.5213E-07	2.0906	0.0013788
8.6521E-07	2.0894	0.0014026
8.7849E-07	2.0883	0.0014269
8.9197E-07	2.0872	0.0014517
9.0566E-07	2.0861	0.001477
9.1956E-07	2.0851	0.0015027
9.3368E-07	2.084	0.001529
9.4801E-07	2.083	0.0015558
9.6256E-07	2.082	0.0015831
9.7733E-07	2.0811	0.001611
9.9233E-07	2.0801	0.0016395
1.0076E-06	2.0792	0.0016685
0.000001023	2.0783	0.0016982
1.0387E-06	2.0774	0.0017285
1.0547E-06	2.0765	0.0017594
1.0709E-06	2.0757	0.0017909
1.0873E-06	2.0748	0.0018232
0.000001104	2.074	0.0018562
1.1209E-06	2.0732	0.0018899
1.1381E-06	2.0724	0.0019243
1.1556E-06	2.0716	0.0019595
1.1733E-06	2.0708	0.0019956
1.1914E-06	2.07	0.0020324
1.2096E-06	2.0692	0.0020701
1.2282E-06	2.0685	0.0021087
1.2471E-06	2.0677	0.0021483
1.2662E-06	2.067	0.0021888
1.2856E-06	2.0662	0.0022303
1.3054E-06	2.0655	0.0022728
1.3254E-06	2.0648	0.0023164
1.3457E-06	2.064	0.0023611
1.3664E-06	2.0633	0.002407
1.3874E-06	2.0626	0.0024541
1.4087E-06	2.0619	0.0025025
1.4303E-06	2.0612	0.0025521
1.4522E-06	2.0604	0.0026032
1.4745E-06	2.0597	0.0026557
1.4972E-06	2.059	0.0027097
1.5201E-06	2.0583	0.0027653
1.5435E-06	2.0575	0.0028226
1.5672E-06	2.0568	0.0028815
1.5912E-06	2.0561	0.0029424
1.6157E-06	2.0554	0.0030051
1.6404E-06	2.0546	0.0030699
1.6656E-06	2.0539	0.0031368
1.6912E-06	2.0531	0.0032061
1.7172E-06	2.0523	0.0032777
1.7435E-06	2.0516	0.0033518
1.7703E-06	2.0508	0.0034287
1.7974E-06	2.05	0.0035085
0.000001825	2.0492	0.0035914
0.000001853	2.0484	0.0036776
1.8815E-06	2.0475	0.0037674
1.9104E-06	2.0467	0.003861
1.9397E-06	2.0458	0.0039587
1.9695E-06	2.0449	0.0040609
1.9997E-06	2.044	0.0041679
2.0304E-06	2.0431	0.0042803
2.0615E-06	2.0422	0.0043984
2.0932E-06	2.0412	0.0045228
2.1253E-06	2.0402	0.0046542
2.1579E-06	2.0392	0.0047933
2.1911E-06	2.0382	0.004941
2.2247E-06	2.0371	0.0050983
2.2588E-06	2.036	0.0052663
2.2935E-06	2.0349	0.0054463
2.3287E-06	2.0338	0.0056401
2.3644E-06	2.0326	0.0058494
2.4007E-06	2.0314	0.0060766
2.4376E-06	2.0301	0.0063244
0.000002475	2.0288	0.0065961
0.000002513	2.0274	0.0068956
2.5516E-06	2.026	0.0072279
2.5907E-06	2.0246	0.0075989
2.6305E-06	2.0231	0.0080159
2.6709E-06	2.0215	0.0084878
2.7119E-06	2.0199	0.0090258
2.7535E-06	2.0183	0.0096432
2.7957E-06	2.0166	0.010356
2.8387E-06	2.0149	0.011185
2.8822E-06	2.0131	0.012151
2.9265E-06	2.0114	0.013278
2.9714E-06	2.0097	0.014589
0.000003017	2.0082	0.016098
3.0633E-06	2.0068	0.0178
3.1103E-06	2.0058	0.019651
3.1581E-06	2.0051	0.02155
3.2065E-06	2.0049	0.023326
3.2557E-06	2.0052	0.024758
3.3057E-06	2.0057	0.025632
3.3565E-06	2.0063	0.025833
0.000003408	2.0067	0.025395
3.4603E-06	2.0066	0.024479
3.5134E-06	2.006	0.0233
3.5673E-06	2.0049	0.022047
3.6221E-06	2.0033	0.020851
3.6777E-06	2.0013	0.019788
3.7341E-06	1.9991	0.018887
3.7914E-06	1.9966	0.018151
3.8496E-06	1.994	0.01757
3.9087E-06	1.9912	0.017129
3.9687E-06	1.9883	0.016811
4.0296E-06	1.9853	0.016601
4.0915E-06	1.9823	0.016483
4.1543E-06	1.9791	0.016446
0.000004218	1.9758	0.016481
4.2828E-06	1.9725	0.01658
4.3485E-06	1.969	0.016736
4.4153E-06	1.9654	0.016945
0.000004483	1.9618	0.017202
4.5518E-06	1.958	0.017504
4.6217E-06	1.9541	0.017849
4.6926E-06	1.9501	0.018235
4.7647E-06	1.946	0.018662
4.8378E-06	1.9417	0.019129
4.9121E-06	1.9373	0.019635
4.9875E-06	1.9328	0.020181
0.000005064	1.9281	0.020768
5.1417E-06	1.9232	0.021396
5.2207E-06	1.9182	0.022065
5.3008E-06	1.9129	0.022779
5.3821E-06	1.9075	0.023538
5.4648E-06	1.9019	0.024344
5.5486E-06	1.8961	0.0252
5.6338E-06	1.8901	0.026108
5.7203E-06	1.8839	0.02707
5.8081E-06	1.8774	0.028091
5.8972E-06	1.8707	0.029172
5.9877E-06	1.8637	0.030319
6.0796E-06	1.8564	0.031535
0.000006173	1.8488	0.032825
6.2677E-06	1.841	0.034194
6.3639E-06	1.8328	0.035648
6.4616E-06	1.8243	0.037192
6.5608E-06	1.8154	0.038835
6.6615E-06	1.8061	0.040582
6.7637E-06	1.7964	0.042444
6.8675E-06	1.7863	0.044429
6.9729E-06	1.7758	0.046547
0.00000708	1.7648	0.048811
7.1886E-06	1.7532	0.051234
0.000007299	1.7412	0.053831
0.000007411	1.7285	0.056618
7.5247E-06	1.7152	0.059615
7.6402E-06	1.7013	0.062843
7.7575E-06	1.6867	0.066328
7.8766E-06	1.6713	0.070099
7.9975E-06	1.655	0.07419
8.1202E-06	1.6379	0.07864
8.2449E-06	1.6199	0.083496
8.3714E-06	1.6008	0.088813
8.4999E-06	1.5806	0.094658
8.6304E-06	1.5591	0.10111
8.7628E-06	1.5363	0.10827
8.8973E-06	1.512	0.11625
9.0339E-06	1.4862	0.12522
9.1726E-06	1.4585	0.13536
9.3133E-06	1.4288	0.14691
9.4563E-06	1.397	0.16021
9.6014E-06	1.3628	0.17567
9.7488E-06	1.3261	0.19387
9.8984E-06	1.2865	0.21559
0.00001005	1.2442	0.24188
0.000010205	1.1993	0.27417
0.000010361	1.1526	0.3143
0.00001052	1.106	0.36447
0.000010682	1.0633	0.42658
0.000010846	1.0305	0.50067
0.000011012	1.0151	0.58222
0.000011181	1.0216	0.66022
0.000011353	1.0455	0.71989
0.000011527	1.0702	0.7518
0.000011704	1.0754	0.76162
0.000011884	1.0507	0.76774
0.000012066	1.0003	0.78837
0.000012251	0.9355	0.83374
0.000012439	0.86856	0.90637
0.00001263	0.80913	1.0037
0.000012824	0.76322	1.1207
0.000013021	0.73326	1.2526
0.000013221	0.71975	1.3962
0.000013424	0.72305	1.5509
0.00001363	0.74504	1.7179
0.000013839	0.79079	1.9
0.000014051	0.87152	2.1002
0.000014267	1.0104	2.3172
0.000014486	1.2494	2.5262
0.000014708	1.6202	2.6263
0.000014934	1.9791	2.469
0.000015163	2.0723	2.2094
0.000015396	2.0132	2.1118
0.000015632	1.9983	2.1518
0.000015872	2.0771	2.2222
0.000016116	2.2249	2.2513
0.000016363	2.3921	2.2065
0.000016614	2.5259	2.0934
0.000016869	2.5942	1.9478
0.000017128	2.5966	1.8113
0.000017391	2.5536	1.7108
0.000017658	2.4899	1.6553
0.000017929	2.4263	1.6425
0.000018204	2.3776	1.6641
0.000018484	2.3536	1.7086
0.000018768	2.359	1.7632
0.000019056	2.3937	1.8148
0.000019348	2.4524	1.8515
0.000019645	2.5258	1.8645
0.000019947	2.6017	1.8504
0.000020253	2.6679	1.8113
0.000020564	2.7152	1.7545
0.000020879	2.7393	1.6897
0.0000212	2.7408	1.6262
0.000021525	2.7233	1.5708
0.000021856	2.6915	1.5278
0.000022191	2.6505	1.499
0.000022532	2.6045	1.4846
0.000022877	2.5567	1.4842
0.000023229	2.51	1.4964
0.000023585	2.4661	1.5201
0.000023947	2.4266	1.5538
0.000024315	2.3927	1.5963
0.000024688	2.365	1.6461
0.000025067	2.3442	1.7021
0.000025452	2.3306	1.763
0.000025842	2.3244	1.8279
0.000026239	2.3257	1.8956
0.000026642	2.3344	1.9653
0.000027051	2.3506	2.0362
0.000027466	2.374	2.1074
0.000027887	2.4044	2.1784
0.000028315	2.4416	2.2485
0.00002875	2.4855	2.3171
0.000029191	2.5357	2.3837
0.000029639	2.5921	2.4478
0.000030094	2.6544	2.509
0.000030556	2.7222	2.5666
0.000031025	2.7953	2.6203
0.000031501	2.8734	2.6697
0.000031985	2.956	2.7141
0.000032476	3.0428	2.7533
0.000032974	3.1332	2.7869
0.00003348	3.2268	2.8144
0.000033994	3.3229	2.8355
0.000034516	3.4209	2.85
0.000035046	3.5202	2.8578
0.000035584	3.62	2.8586
0.00003613	3.7197	2.8525
0.000036684	3.8184	2.8396
0.000037248	3.9156	2.82
0.000037819	4.0104	2.7939
0.0000384	4.1023	2.7619
0.000038989	4.1907	2.7243
0.000039588	4.2752	2.6815
0.000040195	4.3552	2.6343
0.000040812	4.4305	2.5831
0.000041439	4.5008	2.5285
0.000042075	4.5661	2.4713
0.00004272	4.6262	2.4119
0.000043376	4.6813	2.351
0.000044042	4.7313	2.2891
0.000044718	4.7764	2.2267
0.000045404	4.8169	2.1641
0.000046101	4.853	2.1019
0.000046809	4.8849	2.0402
0.000047527	4.9129	1.9795
0.000048257	4.9373	1.9199
0.000048997	4.9584	1.8617
0.000049749	4.9764	1.8049
0.000050513	4.9916	1.7498
0.000051288	5.0043	1.6963
0.000052076	5.0147	1.6445
0.000052875	5.023	1.5945
0.000053686	5.0295	1.5463
0.00005451	5.0344	1.4998
0.000055347	5.0378	1.4551
0.000056197	5.0399	1.4121
0.000057059	5.0409	1.3708
0.000057935	5.0409	1.3311
0.000058824	5.0399	1.293
0.000059727	5.0383	1.2564
0.000060644	5.0359	1.2213
0.000061575	5.033	1.1877
0.00006252	5.0296	1.1554
0.000063479	5.0258	1.1244
0.000064454	5.0216	1.0947
0.000065443	5.0172	1.0662
0.000066447	5.0125	1.0388
0.000067467	5.0075	1.0125
0.000068503	5.0025	0.98732
0.000069554	4.9973	0.9631
0.000070622	4.992	0.93983
0.000071706	4.9866	0.91748
0.000072806	4.9812	0.896
0.000073924	4.9758	0.87535
0.000075059	4.9703	0.85549
0.000076211	4.9649	0.83638
0.00007738	4.9595	0.818
0.000078568	4.9542	0.8003
0.000079774	4.9489	0.78327
0.000080999	4.9436	0.76686
0.000082242	4.9385	0.75105
0.000083504	4.9334	0.73581
0.000084786	4.9284	0.72112
0.000086087	4.9234	0.70695
0.000087408	4.9186	0.69329
0.00008875	4.9138	0.68011
0.000090112	4.9092	0.66739
0.000091495	4.9046	0.65511
0.0000929	4.9001	0.64325
0.000094326	4.8958	0.6318
0.000095773	4.8915	0.62073
0.000097243	4.8873	0.61004
0.000098736	4.8832	0.59971
0.00010025	4.8793	0.58973
0.00010179	4.8754	0.58008
0.00010335	4.8716	0.57074
0.00010494	4.8679	0.56172
0.00010655	4.8643	0.55299
0.00010819	4.8608	0.54455
0.00010985	4.8574	0.53638
0.00011153	4.8541	0.52848
0.00011324	4.8508	0.52084
0.00011498	4.8477	0.51345
0.00011675	4.8446	0.50629
0.00011854	4.8417	0.49937
0.00012036	4.8388	0.49267
0.00012221	4.836	0.48619
0.00012408	4.8332	0.47993
0.00012599	4.8306	0.47386
0.00012792	4.828	0.468
0.00012988	4.8255	0.46233
0.00013188	4.823	0.45684
0.0001339	4.8207	0.45154
0.00013596	4.8184	0.44642
0.00013804	4.8161	0.44146
0.00014016	4.8139	0.43668
0.00014231	4.8118	0.43205
0.0001445	4.8098	0.42759
0.00014671	4.8078	0.42328
0.00014897	4.8059	0.41913
0.00015125	4.804	0.41512
0.00015357	4.8022	0.41126
0.00015593	4.8005	0.40754
0.00015833	4.7988	0.40395
0.00016076	4.7971	0.4005
0.00016322	4.7955	0.39719
0.00016573	4.7939	0.394
0.00016827	4.7924	0.39094
0.00017085	4.791	0.38801
0.00017348	4.7896	0.3852
0.00017614	4.7882	0.38251
0.00017884	4.7869	0.37993
0.00018159	4.7856	0.37748
0.00018438	4.7843	0.37513
0.00018721	4.7831	0.3729
0.00019008	4.782	0.37079
0.000193	4.7808	0.36877
0.00019596	4.7798	0.36687
0.00019897	4.7787	0.36508
0.00020202	4.7777	0.36338
0.00020512	4.7767	0.3618
0.00020827	4.7757	0.36031
0.00021147	4.7748	0.35892
0.00021471	4.7739	0.35764
0.00021801	4.7731	0.35645
0.00022135	4.7722	0.35536
0.00022475	4.7714	0.35437
0.0002282	4.7707	0.35347
0.0002317	4.7699	0.35267
0.00023526	4.7692	0.35196
0.00023887	4.7685	0.35134
0.00024254	4.7678	0.35082
0.00024626	4.7672	0.35039
0.00025004	4.7666	0.35005
0.00025388	4.766	0.3498
0.00025777	4.7654	0.34964
0.00026173	4.7649	0.34957
0.00026575	4.7643	0.34959
0.00026983	4.7638	0.3497
0.00027397	4.7633	0.3499
0.00027817	4.7629	0.35019
0.00028244	4.7624	0.35056
0.00028678	4.762	0.35103
0.00029118	4.7616	0.35158
0.00029565	4.7612	0.35222
0.00030019	4.7609	0.35294
0.00030479	4.7605	0.35375
0.00030947	4.7602	0.35465
0.00031422	4.7599	0.35564
0.00031905	4.7596	0.35671
0.00032394	4.7594	0.35787
0.00032892	4.7591	0.35912
0.00033396	4.7589	0.36045
0.00033909	4.7586	0.36187
0.00034429	4.7584	0.36338
0.00034958	4.7583	0.36498
0.00035494	4.7581	0.36666
0.00036039	4.7579	0.36843
0.00036592	4.7578	0.37029
0.00037154	4.7577	0.37224
0.00037724	4.7576	0.37427
0.00038303	4.7575	0.3764
0.00038891	4.7574	0.37861
0.00039488	4.7574	0.38092
0.00040094	4.7573	0.38331
0.0004071	4.7573	0.3858
0.00041335	4.7573	0.38837
0.00041969	4.7573	0.39104
0.00042613	4.7573	0.3938
0.00043267	4.7573	0.39665
0.00043931	4.7574	0.39959
0.00044606	4.7575	0.40263
0.0004529	4.7575	0.40576
0.00045985	4.7576	0.40898
0.00046691	4.7577	0.4123
0.00047408	4.7579	0.41572
0.00048136	4.758	0.41923
0.00048874	4.7582	0.42284
0.00049625	4.7584	0.42655
0.00050386	4.7586	0.43036
0.0005116	4.7588	0.43426
0.00051945	4.759	0.43827
0.00052742	4.7592	0.44238
0.00053552	4.7595	0.44658
0.00054374	4.7598	0.4509
0.00055208	4.7601	0.45531
0.00056056	4.7604	0.45983
0.00056916	4.7607	0.46445
0.0005779	4.7611	0.46918
0.00058677	4.7614	0.47402
0.00059577	4.7618	0.47897
0.00060492	4.7622	0.48402
0.0006142	4.7627	0.48919
0.00062363	4.7631	0.49447
0.0006332	4.7636	0.49985
0.00064292	4.7641	0.50536
0.00065279	4.7646	0.51097
0.00066281	4.7651	0.51671
0.00067298	4.7657	0.52255
0.00068331	4.7662	0.52852
0.0006938	4.7668	0.53461
0.00070445	4.7675	0.54081
0.00071526	4.7681	0.54714
0.00072624	4.7688	0.55359
0.00073738	4.7695	0.56017
0.0007487	4.7702	0.56687
0.00076019	4.771	0.57369
0.00077186	4.7717	0.58065
0.00078371	4.7725	0.58773
0.00079574	4.7734	0.59495
0.00080795	4.7742	0.6023
0.00082035	4.7751	0.60978
0.00083295	4.7761	0.61739
0.00084573	4.777	0.62514
0.00085871	4.778	0.63303
0.00087189	4.779	0.64106
0.00088527	4.7801	0.64923
0.00089886	4.7812	0.65755
0.00091266	4.7823	0.666
0.00092667	4.7834	0.67461
0.00094089	4.7846	0.68336
0.00095533	4.7859	0.69225
0.00096999	4.7872	0.7013
0.00098488	4.7885	0.7105
0.001	4.7898	0.71986
