xs is  [20. 20. 20. 20.]
!!!!!!!!!!!!!!  at minimum: [22.30221639 34.72166574 72.52909185 19.34949448] -5.322638184673251 0 1567706686.0186884
!!!!!!!!!!!!!!  at minimum: [22.30995881 34.7123441  72.53225067 19.34953221] -5.322638190247677 0 1567706713.4264388
!!!!!!!!!!!!!!  at minimum: [72.25717218 91.77832068 71.06348003 20.02168162] -4.531647410714197 0 1567706738.239216
!!!!!!!!!!!!!!  at minimum: [ 6.14193569  1.          1.         20.59724035] -5.8687929258514515 1 1567706767.3925257
!!!!!!!!!!!!!!  at minimum: [22.30748653 34.7121242  72.53397223 19.34985442] -5.322638193079338 0 1567706798.375856
!!!!!!!!!!!!!!  at minimum: [ 5.17061225 13.87510004  1.          8.33992762] -5.8582957175301384 1 1567706831.8143773
!!!!!!!!!!!!!!  at minimum: [22.30677995 34.71222913 72.53459526 19.34969443] -5.3226381932368865 0 1567706862.0010862
!!!!!!!!!!!!!!  at minimum: [22.3063536  34.71286794 72.53425541 19.34973194] -5.322638193283059 0 1567706889.587966
!!!!!!!!!!!!!!  at minimum: [ 6.14124921  1.          1.         20.59769156] -5.868792925817684 1 1567706915.4263704
!!!!!!!!!!!!!!  at minimum: [22.3065249  34.71277057 72.5338112  19.35004306] -5.322638193234022 0 1567706939.5489848
!!!!!!!!!!!!!!  at minimum: [22.30631841 34.71302894 72.5339956  19.34982498] -5.32263819328098 0 1567706957.5656548
!!!!!!!!!!!!!!  at minimum: [22.31081599 34.71238315 72.52814713 19.35204457] -5.322638185923218 0 1567706991.9052696
!!!!!!!!!!!!!!  at minimum: [ 6.14253452  1.          1.         20.59685635] -5.868792925486115 1 1567707020.179845
!!!!!!!!!!!!!!  at minimum: [ 6.13982435  1.          1.         20.59888654] -5.868792923778937 1 1567707048.53262
!!!!!!!!!!!!!!  at minimum: [ 6.14200037  1.          1.         20.59712471] -5.868792925944405 1 1567707075.0193782
!!!!!!!!!!!!!!  at minimum: [22.30568394 34.71353098 72.53436089 19.34962702] -5.322638193064443 0 1567707104.2075348
!!!!!!!!!!!!!!  at minimum: [22.30401834 34.71528983 72.53365904 19.3497427 ] -5.32263819236048 0 1567707134.3490653
!!!!!!!!!!!!!!  at minimum: [22.30484314 34.70545495 72.54422994 19.34870756] -5.322638177244947 0 1567707163.4784417
!!!!!!!!!!!!!!  at minimum: [ 6.14214177  1.          1.         20.5970313 ] -5.868792925931866 1 1567707193.4847274
!!!!!!!!!!!!!!  at minimum: [ 6.14241923  1.          1.         20.59693592] -5.868792925552011 1 1567707220.0222259
!!!!!!!!!!!!!!  at minimum: [22.3064041  34.7121474  72.53475554 19.34984388] -5.32263819316811 0 1567707256.0347517
!!!!!!!!!!!!!!  at minimum: [ 7.95690124  3.71498144  1.         16.54693639] -5.865473846178752 1 1567707286.884987
!!!!!!!!!!!!!!  at minimum: [ 6.14654165  1.          1.         20.59400974] -5.868792918502071 1 1567707308.4062967
!!!!!!!!!!!!!!  at minimum: [22.30637103 34.71236269 72.53486506 19.34962149] -5.32263819320822 0 1567707358.2894769
!!!!!!!!!!!!!!  at minimum: [22.30650176 34.71294945 72.53402727 19.34975835] -5.322638193279089 0 1567707381.4179027
!!!!!!!!!!!!!!  at minimum: [22.30624253 34.71256675 72.53423006 19.35003809] -5.322638193192459 0 1567707405.5430136
!!!!!!!!!!!!!!  at minimum: [176.53728172 253.82285378 308.98081855 400.        ] -2.4666124910714133 0 1567707432.2874098
!!!!!!!!!!!!!!  at minimum: [22.30501376 34.71376755 72.53464275 19.34959352] -5.322638192954697 0 1567707468.3199832
!!!!!!!!!!!!!!  at minimum: [ 6.14194741  1.          1.         20.59717214] -5.868792925949608 1 1567707494.9448903
!!!!!!!!!!!!!!  at minimum: [22.30838873 34.71229128 72.53140385 19.35095055] -5.322638191427953 0 1567707524.9799097
[ 6.14194741  1.          1.         20.59717214]
-5.868792925949608
